25
0.0000 181.7283 68.7195 65.1978 96.0796 65.2801 55.8902 44.0234 90.2199 52.8862 124.2051 109.8590 149.5334 120.3469 74.2226 108.8447 101.0878 120.4749 117.7142 54.8895 65.3909 16.6578 128.9153 110.8571 65.4057
181.7283 0.0000 74.4120 142.4018 76.6505 101.1182 137.8734 111.2961 106.8611 84.6414 15.7700 112.9128 205.3663 245.4496 41.2058 81.1801 32.6669 11.5361 219.5806 69.2124 111.8586 166.5493 168.4877 67.0821 134.9960
68.7195 74.4120 0.0000 59.4271 86.1772 163.3336 112.1250 164.7949 54.2237 88.0161 159.8545 50.0806 56.1757 128.3830 304.2019 87.7036 18.9557 136.0202 113.2255 155.7324 96.8315 169.3908 194.6889 24.5539 103.3058
65.1978 142.4018 59.4271 0.0000 248.3310 127.1382 75.9011 135.1521 111.1758 46.7302 121.2793 40.0698 64.4069 20.5386 49.6056 61.8064 70.0092 131.7711 54.3050 124.2736 128.9950 1.8037 143.2220 76.5268 175.9362
96.0796 76.6505 86.1772 248.3310 0.0000 4.5450 189.8520 150.6154 69.1817 89.3062 75.4805 35.9477 176.3913 95.2312 84.5833 124.1190 70.8823 187.4147 201.1390 138.8760 132.5554 181.4469 128.4615 106.1541 183.9909
65.2801 101.1182 163.3336 127.1382 4.5450 0.0000 7.7500 121.0628 59.3050 140.8737 190.8322 89.9565 45.9555 172.6683 121.0689 88.7967 18.1565 130.5107 111.8244 162.3881 262.3027 28.9398 159.9305 162.5246 12.1393
55.8902 137.8734 112.1250 75.9011 189.8520 7.7500 0.0000 37.8015 83.5052 189.5743 15.4215 65.4779 119.3028 120.3892 141.0024 172.3485 178.2244 192.7748 119.2589 84.9348 84.5114 111.5575 164.4344 146.0634 63.4007
44.0234 111.2961 164.7949 135.1521 150.6154 121.0628 37.8015 0.0000 113.8133 169.5237 95.0780 68.5104 27.9887 117.6654 32.3960 75.9525 206.6071 131.7112 39.1199 103.7223 54.1518 54.1878 258.1252 143.4273 152.3740
90.2199 106.8611 54.2237 111.1758 69.1817 59.3050 83.5052 113.8133 0.0000 81.8765 31.0358 85.0561 17.4210 119.3907 48.2849 116.4436 184.6766 52.4069 142.6661 193.2717 102.0177 85.7732 60.7928 166.7192 28.6168
52.8862 84.6414 88.0161 46.7302 89.3062 140.8737 189.5743 169.5237 81.8765 0.0000 101.3445 21.9919 145.1169 55.6420 96.7331 38.2452 105.1198 14.5909 204.7542 13.2423 71.0608 129.2302 212.6072 101.1383 123.1323
124.2051 15.7700 159.8545 121.2793 75.4805 190.8322 15.4215 95.0780 31.0358 101.3445 0.0000 150.2762 71.9721 58.2056 57.5285 157.2969 101.1570 152.0030 71.2058 100.5163 27.0849 255.5607 35.1877 75.9408 133.1414
109.8590 112.9128 50.0806 40.0698 35.9477 89.9565 65.4779 68.5104 85.0561 21.9919 150.2762 0.0000 69.3016 106.4317 85.4632 83.6715 31.1648 79.3729 271.3689 163.7869 140.9559 60.7801 55.8137 145.3271 33.5664
149.5334 205.3663 56.1757 64.4069 176.3913 45.9555 119.3028 27.9887 17.4210 145.1169 71.9721 69.3016 0.0000 113.7762 151.0611 66.4254 171.3958 15.7948 112.4055 124.4420 113.6308 174.4541 52.5264 66.9132 59.4936
120.3469 245.4496 128.3830 20.5386 95.2312 172.6683 120.3892 117.6654 119.3907 55.6420 58.2056 106.4317 113.7762 0.0000 69.5948 143.6504 137.8106 112.8207 174.9260 110.9159 98.0892 144.1694 113.3882 20.6640 113.7497
74.2226 41.2058 304.2019 49.6056 84.5833 121.0689 141.0024 32.3960 48.2849 96.7331 57.5285 85.4632 151.0611 69.5948 0.0000 139.0381 37.8831 116.6592 187.8366 197.0314 128.6280 102.6499 50.8648 116.6818 75.4948
108.8447 81.1801 87.7036 61.8064 124.1190 88.7967 172.3485 75.9525 116.4436 38.2452 157.2969 83.6715 66.4254 143.6504 139.0381 0.0000 41.3585 164.7913 79.9954 125.5190 124.3551 56.4594 134.7286 129.5102 148.5064
101.0878 32.6669 18.9557 70.0092 70.8823 18.1565 178.2244 206.6071 184.6766 105.1198 101.1570 31.1648 171.3958 137.8106 37.8831 41.3585 0.0000 48.8596 74.8935 110.2275 5.4382 121.8931 113.9391 134.6200 254.0878
120.4749 11.5361 136.0202 131.7711 187.4147 130.5107 192.7748 131.7112 52.4069 14.5909 152.0030 79.3729 15.7948 112.8207 116.6592 164.7913 48.8596 0.0000 148.3690 140.7051 17.1734 72.7420 45.6947 159.0360 6.3432
117.7142 219.5806 113.2255 54.3050 201.1390 111.8244 119.2589 39.1199 142.6661 204.7542 71.2058 271.3689 112.4055 174.9260 187.8366 79.9954 74.8935 148.3690 0.0000 118.7637 87.4223 209.8511 118.0605 133.0151 64.8347
54.8895 69.2124 155.7324 124.2736 138.8760 162.3881 84.9348 103.7223 193.2717 13.2423 100.5163 163.7869 124.4420 110.9159 197.0314 125.5190 110.2275 140.7051 118.7637 0.0000 158.5227 80.2883 92.7887 87.9865 17.3396
65.3909 111.8586 96.8315 128.9950 132.5554 262.3027 84.5114 54.1518 102.0177 71.0608 27.0849 140.9559 113.6308 98.0892 128.6280 124.3551 5.4382 17.1734 87.4223 158.5227 0.0000 10.1112 142.4713 52.1696 112.6823
16.6578 166.5493 169.3908 1.8037 181.4469 28.9398 111.5575 54.1878 85.7732 129.2302 255.5607 60.7801 174.4541 144.1694 102.6499 56.4594 121.8931 72.7420 209.8511 80.2883 10.1112 0.0000 19.2269 137.1107 85.1120
128.9153 168.4877 194.6889 143.2220 128.4615 159.9305 164.4344 258.1252 60.7928 212.6072 35.1877 55.8137 52.5264 113.3882 50.8648 134.7286 113.9391 45.6947 118.0605 92.7887 142.4713 19.2269 0.0000 133.0513 111.5653
110.8571 67.0821 24.5539 76.5268 106.1541 162.5246 146.0634 143.4273 166.7192 101.1383 75.9408 145.3271 66.9132 20.6640 116.6818 129.5102 134.6200 159.0360 133.0151 87.9865 52.1696 137.1107 133.0513 0.0000 118.6943
65.4057 134.9960 103.3058 175.9362 183.9909 12.1393 63.4007 152.3740 28.6168 123.1323 133.1414 33.5664 59.4936 113.7497 75.4948 148.5064 254.0878 6.3432 64.8347 17.3396 112.6823 85.1120 111.5653 118.6943 0.0000
