25
0.0000 111.7566 126.1714 30.7660 41.9189 105.5560 37.6896 97.5770 85.3449 32.6515 93.5310 63.2836 100.0509 59.7724 208.7812 21.4155 111.5435 54.3280 154.7001 57.6871 152.4805 165.5855 138.3441 14.5104 29.0260
111.7566 0.0000 75.8340 143.4286 145.8743 143.4648 43.4380 257.9806 159.0847 101.5230 107.5251 54.0885 113.6292 65.1890 58.0718 210.3200 44.1861 40.8818 159.5226 109.7093 35.2405 97.5788 175.1099 163.9749 38.6165
126.1714 75.8340 0.0000 136.3132 59.4541 76.6090 173.0540 114.9204 223.0368 124.1238 130.9410 136.6113 208.0934 131.8764 120.9781 119.9790 73.9729 132.4972 156.0083 118.0025 174.9282 192.0989 59.9547 79.4965 116.2123
30.7660 143.4286 136.3132 0.0000 82.9194 168.2212 79.0398 73.0060 119.2819 159.6708 100.1912 143.8669 145.3861 44.5108 72.4180 38.2534 13.0404 171.6013 50.4691 220.6508 98.1841 54.0088 85.8314 67.9441 108.8763
41.9189 145.8743 59.4541 82.9194 0.0000 93.0650 77.9131 99.5672 119.4778 134.7871 64.8159 130.8193 78.5812 2.2102 132.8773 98.4868 110.2854 75.3839 89.2188 237.2115 111.2414 128.2705 124.9957 42.3845 186.3288
105.5560 143.4648 76.6090 168.2212 93.0650 0.0000 51.5695 189.2817 172.7334 92.7068 151.1785 128.8154 145.4589 61.4672 118.8973 142.0947 210.3184 21.7957 120.8074 26.8092 106.5663 152.4802 80.3682 244.5763 52.6252
37.6896 43.4380 173.0540 79.0398 77.9131 51.5695 0.0000 145.5473 85.6828 109.4183 126.9394 143.3222 116.2246 98.9291 179.8278 159.2669 154.8011 201.1442 145.5195 90.2076 60.0854 107.5980 230.7947 123.7639 103.7989
97.5770 257.9806 114.9204 73.0060 99.5672 189.2817 145.5473 0.0000 114.5059 72.8866 102.8605 92.1530 196.3525 99.6557 122.3002 78.4087 109.0942 115.3801 94.0347 164.7784 101.7233 138.7307 28.5758 18.0841 7.9364
85.3449 159.0847 223.0368 119.2819 119.4778 172.7334 85.6828 114.5059 0.0000 145.9525 211.3486 122.5655 98.9491 44.4363 66.4141 51.9263 92.8433 49.6021 31.2659 34.2622 88.3049 18.3187 115.3390 123.0263 58.6606
32.6515 101.5230 124.1238 159.6708 134.7871 92.7068 109.4183 72.8866 145.9525 0.0000 80.8330 127.6840 84.8979 87.2159 64.7157 55.1608 98.4958 93.2246 115.0870 122.4583 108.4606 126.9755 47.7853 99.2153 123.5211
93.5310 107.5251 130.9410 100.1912 64.8159 151.1785 126.9394 102.8605 211.3486 80.8330 0.0000 94.2218 61.9514 23.1842 98.7430 93.5868 32.6007 93.1950 45.4628 15.0272 105.0538 186.8285 140.1396 85.7206 39.2793
63.2836 54.0885 136.6113 143.8669 130.8193 128.8154 143.3222 92.1530 122.5655 127.6840 94.2218 0.0000 157.7016 118.4841 65.0564 116.4227 5.9895 86.0612 94.7013 113.6583 53.8505 136.8412 116.8546 150.6685 60.5748
100.0509 113.6292 208.0934 145.3861 78.5812 145.4589 116.2246 196.3525 98.9491 84.8979 61.9514 157.7016 0.0000 153.6638 85.9761 106.7136 67.5842 120.7651 55.9842 101.1800 53.1630 46.6904 197.9276 75.0818 128.6229
59.7724 65.1890 131.8764 44.5108 2.2102 61.4672 98.9291 99.6557 44.4363 87.2159 23.1842 118.4841 153.6638 0.0000 89.5835 148.0917 181.8236 148.0921 138.2689 168.4925 96.0471 80.8168 137.4258 59.5504 114.0657
208.7812 58.0718 120.9781 72.4180 132.8773 118.8973 179.8278 122.3002 66.4141 64.7157 98.7430 65.0564 85.9761 89.5835 0.0000 83.8418 27.6424 43.4020 144.8240 45.9585 156.5774 123.6686 90.3169 85.9202 68.4284
21.4155 210.3200 119.9790 38.2534 98.4868 142.0947 159.2669 78.4087 51.9263 55.1608 93.5868 116.4227 106.7136 148.0917 83.8418 0.0000 238.2184 58.5322 47.5913 140.0357 69.3829 144.0112 129.4684 36.0628 91.1235
111.5435 44.1861 73.9729 13.0404 110.2854 210.3184 154.8011 109.0942 92.8433 98.4958 32.6007 5.9895 67.5842 181.8236 27.6424 238.2184 0.0000 17.6059 94.7304 85.7535 62.0570 170.2801 29.6799 149.1734 41.0319
54.3280 40.8818 132.4972 171.6013 75.3839 21.7957 201.1442 115.3801 49.6021 93.2246 93.1950 86.0612 120.7651 148.0921 43.4020 58.5322 17.6059 0.0000 68.6423 221.3394 0.8847 99.7593 5.1497 194.6225 67.1859
154.7001 159.5226 156.0083 50.4691 89.2188 120.8074 145.5195 94.0347 31.2659 115.0870 45.4628 94.7013 55.9842 138.2689 144.8240 47.5913 94.7304 68.6423 0.0000 26.2870 94.5964 73.2415 109.7103 78.7863 63.0871
57.6871 109.7093 118.0025 220.6508 237.2115 26.8092 90.2076 164.7784 34.2622 122.4583 15.0272 113.6583 101.1800 168.4925 45.9585 140.0357 85.7535 221.3394 26.2870 0.0000 130.2043 77.0166 31.3970 138.7474 47.1042
152.4805 35.2405 174.9282 98.1841 111.2414 106.5663 60.0854 101.7233 88.3049 108.4606 105.0538 53.8505 53.1630 96.0471 156.5774 69.3829 62.0570 0.8847 94.5964 130.2043 0.0000 103.9857 128.9165 133.5828 39.1053
165.5855 97.5788 192.0989 54.0088 128.2705 152.4802 107.5980 138.7307 18.3187 126.9755 186.8285 136.8412 46.6904 80.8168 123.6686 144.0112 170.2801 99.7593 73.2415 77.0166 103.9857 0.0000 101.4826 103.0659 132.4428
138.3441 175.1099 59.9547 85.8314 124.9957 80.3682 230.7947 28.5758 115.3390 47.7853 140.1396 116.8546 197.9276 137.4258 90.3169 129.4684 29.6799 5.1497 109.7103 31.3970 128.9165 101.4826 0.0000 19.1826 80.8838
14.5104 163.9749 79.4965 67.9441 42.3845 244.5763 123.7639 18.0841 123.0263 99.2153 85.7206 150.6685 75.0818 59.5504 85.9202 36.0628 149.1734 194.6225 78.7863 138.7474 133.5828 103.0659 19.1826 0.0000 187.2453
29.0260 38.6165 116.2123 108.8763 186.3288 52.6252 103.7989 7.9364 58.6606 123.5211 39.2793 60.5748 128.6229 114.0657 68.4284 91.1235 41.0319 67.1859 63.0871 47.1042 39.1053 132.4428 80.8838 187.2453 0.0000
