25
0.0000 89.4149 103.3193 105.5563 96.4043 113.1868 12.0039 144.3113 162.4918 186.3289 10.7579 113.7786 104.3171 136.6140 138.2332 7.4306 35.6400 82.4862 88.4289 87.3950 93.0215 52.6213 192.0391 113.1031 47.6305
89.4149 0.0000 124.0327 60.4778 93.0465 66.9270 126.6974 3.8846 47.5198 31.8550 124.1369 95.4970 46.4042 139.5565 65.6536 153.9388 147.3202 42.9985 146.6594 117.7719 94.1878 173.3113 1.8117 76.2781 163.8491
103.3193 124.0327 0.0000 187.6716 143.8446 109.6156 112.8649 101.0907 75.2336 162.1654 79.5449 168.2246 95.5845 114.5111 133.5355 89.1378 72.8615 44.7884 93.3736 120.7427 168.8313 161.9516 65.4136 101.5050 76.1242
105.5563 60.4778 187.6716 0.0000 56.1620 45.1443 138.0601 7.9481 151.1135 57.0576 115.2650 78.3329 154.2312 65.4329 235.1130 115.6772 64.8895 82.7240 56.5785 76.2281 72.5715 89.0873 226.5766 83.1891 232.5678
96.4043 93.0465 143.8446 56.1620 0.0000 66.4599 73.8255 20.8855 106.4826 103.7959 110.6643 40.7307 251.9250 127.5675 77.0952 177.6104 96.4411 115.5699 18.2877 68.4964 200.3086 87.4192 38.9596 79.8930 161.6072
113.1868 66.9270 109.6156 45.1443 66.4599 0.0000 123.0885 87.5571 58.5312 166.0823 4.9700 110.3985 90.5574 105.9241 101.4475 28.1600 116.7989 134.5001 78.5577 89.9577 119.8799 2.7299 80.1614 146.2249 142.1212
12.0039 126.6974 112.8649 138.0601 73.8255 123.0885 0.0000 148.9792 94.1775 5.1361 92.8824 85.2242 35.1255 53.0623 62.6386 145.2610 220.5908 215.8505 86.2708 87.4190 101.4071 94.7934 60.0696 159.5196 124.7126
144.3113 3.8846 101.0907 7.9481 20.8855 87.5571 148.9792 0.0000 193.4859 51.7446 101.5715 153.8289 96.8251 87.8730 90.4798 163.9959 190.9053 114.1701 183.1302 98.2548 101.6290 87.2301 167.5393 63.0405 53.1713
162.4918 47.5198 75.2336 151.1135 106.4826 58.5312 94.1775 193.4859 0.0000 181.9491 96.9758 151.5488 41.4226 57.4606 134.7893 50.3904 31.9619 138.8844 38.6273 146.1255 59.4423 81.6708 97.2592 53.0260 35.4848
186.3289 31.8550 162.1654 57.0576 103.7959 166.0823 5.1361 51.7446 181.9491 0.0000 117.2548 93.7605 203.8852 73.5901 89.2539 96.2465 153.4872 70.8238 69.6650 127.3314 113.8586 14.2912 124.2964 106.7335 88.2663
10.7579 124.1369 79.5449 115.2650 110.6643 4.9700 92.8824 101.5715 96.9758 117.2548 0.0000 280.4681 83.0212 80.1381 52.0776 89.5122 89.3046 78.9722 152.1569 78.0917 85.3274 128.1529 229.5931 85.9743 48.6337
113.7786 95.4970 168.2246 78.3329 40.7307 110.3985 85.2242 153.8289 151.5488 93.7605 280.4681 0.0000 205.2818 89.9374 32.5840 58.9367 66.3114 123.8408 65.5021 106.8775 158.2069 62.0472 79.4731 96.5148 127.3793
104.3171 46.4042 95.5845 154.2312 251.9250 90.5574 35.1255 96.8251 41.4226 203.8852 83.0212 205.2818 0.0000 119.7340 78.7382 64.8384 160.2324 10.1101 226.2166 33.7862 9.0570 92.1797 183.2546 88.2303 195.9397
136.6140 139.5565 114.5111 65.4329 127.5675 105.9241 53.0623 87.8730 57.4606 73.5901 80.1381 89.9374 119.7340 0.0000 250.1830 46.2387 91.5873 136.5352 106.1473 87.6600 77.3481 200.9432 158.1241 105.5589 61.4813
138.2332 65.6536 133.5355 235.1130 77.0952 101.4475 62.6386 90.4798 134.7893 89.2539 52.0776 32.5840 78.7382 250.1830 0.0000 147.0205 80.4817 94.8055 61.0627 64.3638 218.1857 82.6987 147.5877 59.2885 74.1728
7.4306 153.9388 89.1378 115.6772 177.6104 28.1600 145.2610 163.9959 50.3904 96.2465 89.5122 58.9367 64.8384 46.2387 147.0205 0.0000 30.6786 158.6523 179.1184 57.7791 139.8485 79.0043 54.5048 93.5067 65.7421
35.6400 147.3202 72.8615 64.8895 96.4411 116.7989 220.5908 190.9053 31.9619 153.4872 89.3046 66.3114 160.2324 91.5873 80.4817 30.6786 0.0000 115.9658 162.7490 56.3964 97.7662 215.6032 187.2010 153.0830 117.5714
82.4862 42.9985 44.7884 82.7240 115.5699 134.5001 215.8505 114.1701 138.8844 70.8238 78.9722 123.8408 10.1101 136.5352 94.8055 158.6523 115.9658 0.0000 80.3740 162.2968 15.2816 28.9247 136.8467 134.8986 106.9765
88.4289 146.6594 93.3736 56.5785 18.2877 78.5577 86.2708 183.1302 38.6273 69.6650 152.1569 65.5021 226.2166 106.1473 61.0627 179.1184 162.7490 80.3740 0.0000 100.4409 103.1238 62.9914 116.1531 231.2604 98.4498
87.3950 117.7719 120.7427 76.2281 68.4964 89.9577 87.4190 98.2548 146.1255 127.3314 78.0917 106.8775 33.7862 87.6600 64.3638 57.7791 56.3964 162.2968 100.4409 0.0000 161.5373 136.8811 126.1637 170.5920 122.0639
93.0215 94.1878 168.8313 72.5715 200.3086 119.8799 101.4071 101.6290 59.4423 113.8586 85.3274 158.2069 9.0570 77.3481 218.1857 139.8485 97.7662 15.2816 103.1238 161.5373 0.0000 73.1628 154.9356 97.5555 56.0388
52.6213 173.3113 161.9516 89.0873 87.4192 2.7299 94.7934 87.2301 81.6708 14.2912 128.1529 62.0472 92.1797 200.9432 82.6987 79.0043 215.6032 28.9247 62.9914 136.8811 73.1628 0.0000 15.0945 150.2413 203.5186
192.0391 1.8117 65.4136 226.5766 38.9596 80.1614 60.0696 167.5393 97.2592 124.2964 229.5931 79.4731 183.2546 158.1241 147.5877 54.5048 187.2010 136.8467 116.1531 126.1637 154.9356 15.0945 0.0000 24.1003 146.6805
113.1031 76.2781 101.5050 83.1891 79.8930 146.2249 159.5196 63.0405 53.0260 106.7335 85.9743 96.5148 88.2303 105.5589 59.2885 93.5067 153.0830 134.8986 231.2604 170.5920 97.5555 150.2413 24.1003 0.0000 51.3098
47.6305 163.8491 76.1242 232.5678 161.6072 142.1212 124.7126 53.1713 35.4848 88.2663 48.6337 127.3793 195.9397 61.4813 74.1728 65.7421 117.5714 106.9765 98.4498 122.0639 56.0388 203.5186 146.6805 51.3098 0.0000
