25
0.0000 134.4542 112.5348 48.5016 12.8257 132.8632 158.5771 127.7118 139.7360 88.9508 142.9283 107.3553 106.7770 86.5919 146.3937 56.9347 29.7647 112.5873 143.3998 180.2829 39.9905 43.2889 109.8035 118.9653 42.9874
134.4542 0.0000 149.4132 70.5259 95.3878 43.9400 107.3667 201.8400 53.8014 31.1127 10.0291 16.1310 57.1439 89.1144 218.2859 84.5443 109.3187 141.0190 175.6781 50.2663 65.1090 172.3651 78.3061 103.9389 146.6012
112.5348 149.4132 0.0000 37.1907 177.3435 195.0082 133.1076 89.7585 78.5103 204.3479 55.1208 162.9353 138.5360 53.5136 178.0660 187.9102 83.7475 80.4360 118.1645 179.1725 147.0960 111.2723 192.2423 66.2747 83.0643
48.5016 70.5259 37.1907 0.0000 40.2593 160.1292 24.8325 113.3808 98.5651 174.5530 166.6547 123.9530 170.2932 119.1569 73.8265 43.2020 103.0730 199.4222 72.7195 174.7548 152.9073 170.5267 20.7191 3.2686 51.4726
12.8257 95.3878 177.3435 40.2593 0.0000 200.4155 146.7386 55.4350 177.8835 105.7122 70.4085 58.4134 27.3112 12.4684 38.4012 178.4469 179.9069 85.0670 166.8778 122.6698 82.4468 178.8590 94.1663 4.5609 158.1899
132.8632 43.9400 195.0082 160.1292 200.4155 0.0000 105.8499 130.6320 100.1468 11.7230 177.4918 59.0703 8.7826 147.6072 107.3211 124.5229 72.4514 98.3353 85.6291 89.6712 60.7868 151.8400 40.0351 105.7238 132.7273
158.5771 107.3667 133.1076 24.8325 146.7386 105.8499 0.0000 53.4891 151.0837 164.9484 99.8451 68.8431 38.8402 256.4241 229.4868 148.3711 60.5163 53.0797 199.9364 124.7030 95.6634 69.5919 81.8542 71.8298 187.0668
127.7118 201.8400 89.7585 113.3808 55.4350 130.6320 53.4891 0.0000 80.6100 111.1775 59.5893 200.5835 91.9771 148.4281 107.4513 103.3746 81.2384 114.2825 69.7954 7.2243 46.8267 66.9059 168.1680 51.3230 154.7443
139.7360 53.8014 78.5103 98.5651 177.8835 100.1468 151.0837 80.6100 0.0000 134.4263 111.4936 209.3595 54.1689 83.3805 162.3279 118.1734 114.8763 104.0882 155.0121 147.7001 115.6922 120.5897 83.7712 106.2631 153.9598
88.9508 31.1127 204.3479 174.5530 105.7122 11.7230 164.9484 111.1775 134.4263 0.0000 107.9756 82.3544 146.0799 125.0329 112.1431 85.1654 98.4920 11.3160 88.4613 106.7178 91.5079 44.8698 96.8559 117.8300 91.1410
142.9283 10.0291 55.1208 166.6547 70.4085 177.4918 99.8451 59.5893 111.4936 107.9756 0.0000 83.7480 71.1794 52.8302 51.0474 50.1259 260.3089 47.3747 170.9891 86.4113 105.3839 91.5520 142.8643 190.9808 141.3926
107.3553 16.1310 162.9353 123.9530 58.4134 59.0703 68.8431 200.5835 209.3595 82.3544 83.7480 0.0000 58.2875 220.5280 212.6472 21.8528 3.8999 107.5238 189.0751 129.0367 52.6809 133.1812 98.9862 109.2405 132.8732
106.7770 57.1439 138.5360 170.2932 27.3112 8.7826 38.8402 91.9771 54.1689 146.0799 71.1794 58.2875 0.0000 208.8299 149.4007 136.0362 47.5563 168.2288 35.3183 116.2003 113.9053 125.0186 55.6431 102.0791 190.7981
86.5919 89.1144 53.5136 119.1569 12.4684 147.6072 256.4241 148.4281 83.3805 125.0329 52.8302 220.5280 208.8299 0.0000 29.2621 99.0579 52.9658 7.3508 79.2683 170.6634 51.9405 96.7667 175.3031 192.5919 133.5833
146.3937 218.2859 178.0660 73.8265 38.4012 107.3211 229.4868 107.4513 162.3279 112.1431 51.0474 212.6472 149.4007 29.2621 0.0000 177.6540 132.2188 220.8324 111.3057 15.6121 21.6690 135.9193 47.8385 123.7864 70.8212
56.9347 84.5443 187.9102 43.2020 178.4469 124.5229 148.3711 103.3746 118.1734 85.1654 50.1259 21.8528 136.0362 99.0579 177.6540 0.0000 90.6070 88.8738 192.7992 35.6265 73.3596 58.9430 148.6248 134.3179 32.6790
29.7647 109.3187 83.7475 103.0730 179.9069 72.4514 60.5163 81.2384 114.8763 98.4920 260.3089 3.8999 47.5563 52.9658 132.2188 90.6070 0.0000 44.8314 101.2607 206.4033 176.8496 102.0135 164.5434 112.4390 110.1674
112.5873 141.0190 80.4360 199.4222 85.0670 98.3353 53.0797 114.2825 104.0882 11.3160 47.3747 107.5238 168.2288 7.3508 220.8324 88.8738 44.8314 0.0000 166.5716 58.7999 101.9289 132.4504 103.7234 0.0112 82.9615
143.3998 175.6781 118.1645 72.7195 166.8778 85.6291 199.9364 69.7954 155.0121 88.4613 170.9891 189.0751 35.3183 79.2683 111.3057 192.7992 101.2607 166.5716 0.0000 129.0718 57.0230 174.2069 137.8861 140.5703 67.4576
180.2829 50.2663 179.1725 174.7548 122.6698 89.6712 124.7030 7.2243 147.7001 106.7178 86.4113 129.0367 116.2003 170.6634 15.6121 35.6265 206.4033 58.7999 129.0718 0.0000 194.6456 26.8885 131.1723 74.3166 172.6138
39.9905 65.1090 147.0960 152.9073 82.4468 60.7868 95.6634 46.8267 115.6922 91.5079 105.3839 52.6809 113.9053 51.9405 21.6690 73.3596 176.8496 101.9289 57.0230 194.6456 0.0000 171.3039 142.0574 91.5377 141.8597
43.2889 172.3651 111.2723 170.5267 178.8590 151.8400 69.5919 66.9059 120.5897 44.8698 91.5520 133.1812 125.0186 96.7667 135.9193 58.9430 102.0135 132.4504 174.2069 26.8885 171.3039 0.0000 51.9021 102.4157 84.7860
109.8035 78.3061 192.2423 20.7191 94.1663 40.0351 81.8542 168.1680 83.7712 96.8559 142.8643 98.9862 55.6431 175.3031 47.8385 148.6248 164.5434 103.7234 137.8861 131.1723 142.0574 51.9021 0.0000 108.6002 173.9611
118.9653 103.9389 66.2747 3.2686 4.5609 105.7238 71.8298 51.3230 106.2631 117.8300 190.9808 109.2405 102.0791 192.5919 123.7864 134.3179 112.4390 0.0112 140.5703 74.3166 91.5377 102.4157 108.6002 0.0000 0.8227
42.9874 146.6012 83.0643 51.4726 158.1899 132.7273 187.0668 154.7443 153.9598 91.1410 141.3926 132.8732 190.7981 133.5833 70.8212 32.6790 110.1674 82.9615 67.4576 172.6138 141.8597 84.7860 173.9611 0.8227 0.0000
