25
0.0000 111.0366 27.8736 117.2715 111.8457 11.5406 87.4582 25.4702 149.5789 149.7283 58.8653 133.3599 180.5080 120.2420 157.9349 51.7972 136.9390 145.1490 18.1534 97.0599 155.7794 83.2143 91.9050 78.7628 86.9575
111.0366 0.0000 122.2830 76.7615 214.8869 101.4421 273.0202 0.4094 134.0069 61.6678 165.9950 45.0233 58.7765 187.5295 179.2838 19.5971 74.2069 108.1001 118.5386 76.9841 155.7635 66.5067 76.7010 124.9028 114.1749
27.8736 122.2830 0.0000 112.8980 86.8919 126.5087 83.3270 157.7483 235.2904 185.5599 140.0305 107.5758 33.3873 37.1301 125.5131 99.2801 139.1475 94.0016 131.5626 171.6348 61.4612 281.7321 52.9835 84.0887 90.6958
117.2715 76.7615 112.8980 0.0000 152.9899 88.5519 68.1488 58.0566 47.3951 67.6286 129.2116 125.5931 108.7198 47.4511 179.6460 113.2777 49.0807 144.9323 56.7901 174.2799 115.5924 127.8250 144.1484 30.2113 123.8884
111.8457 214.8869 86.8919 152.9899 0.0000 147.9250 102.3370 72.4071 158.2346 158.4836 163.4372 1.6740 82.0171 197.1288 78.0302 211.0497 23.7932 72.9295 36.3517 114.9154 61.4719 134.3720 67.3086 77.3377 192.8443
11.5406 101.4421 126.5087 88.5519 147.9250 0.0000 113.7925 145.3016 49.8874 145.9454 115.7950 40.0390 166.7011 199.7386 100.1034 63.3111 37.6324 36.4272 151.5221 97.9218 121.7758 68.9828 164.1029 103.1352 143.1948
87.4582 273.0202 83.3270 68.1488 102.3370 113.7925 0.0000 58.9494 178.4878 146.5914 117.9537 161.8701 97.8509 48.2709 122.3664 207.5154 223.6755 69.2365 131.0468 107.2669 21.2008 150.0787 59.8824 171.5781 3.3583
25.4702 0.4094 157.7483 58.0566 72.4071 145.3016 58.9494 0.0000 38.1792 68.2169 84.8450 9.1883 20.2978 95.3869 121.2468 100.0790 27.8000 62.8241 182.3413 37.0146 172.3002 144.1121 61.8713 132.1951 190.7419
149.5789 134.0069 235.2904 47.3951 158.2346 49.8874 178.4878 38.1792 0.0000 106.5224 19.4514 117.4385 162.3030 74.0650 98.1083 48.8782 117.3781 45.3556 89.3449 224.8793 84.6743 77.0797 86.9537 45.7485 104.1037
149.7283 61.6678 185.5599 67.6286 158.4836 145.9454 146.5914 68.2169 106.5224 0.0000 62.1654 162.2653 103.9834 173.2217 135.7572 28.5287 29.1785 77.3195 94.9621 72.6383 50.2361 107.1912 84.1390 41.3142 89.3389
58.8653 165.9950 140.0305 129.2116 163.4372 115.7950 117.9537 84.8450 19.4514 62.1654 0.0000 269.2347 85.3459 172.6896 135.3815 177.8006 98.5996 94.7563 86.5297 57.9390 55.9320 50.8909 222.4762 61.7387 85.1758
133.3599 45.0233 107.5758 125.5931 1.6740 40.0390 161.8701 9.1883 117.4385 162.2653 269.2347 0.0000 104.8638 162.2872 77.1982 54.6936 135.1950 141.0619 35.7827 96.3662 121.0354 56.4295 154.4252 82.9821 68.0351
180.5080 58.7765 33.3873 108.7198 82.0171 166.7011 97.8509 20.2978 162.3030 103.9834 85.3459 104.8638 0.0000 90.7832 71.1983 144.8307 80.5586 82.7709 68.9757 66.6276 124.6738 98.5027 45.6778 109.2621 65.6957
120.2420 187.5295 37.1301 47.4511 197.1288 199.7386 48.2709 95.3869 74.0650 173.2217 172.6896 162.2872 90.7832 0.0000 156.3471 144.7943 91.4261 140.3533 54.4520 123.0791 128.6311 92.4535 130.6620 187.0581 18.0693
157.9349 179.2838 125.5131 179.6460 78.0302 100.1034 122.3664 121.2468 98.1083 135.7572 135.3815 77.1982 71.1983 156.3471 0.0000 102.8868 284.0962 139.0548 122.3641 200.2301 205.4108 3.8140 182.5544 105.6670 170.7711
51.7972 19.5971 99.2801 113.2777 211.0497 63.3111 207.5154 100.0790 48.8782 28.5287 177.8006 54.6936 144.8307 144.7943 102.8868 0.0000 156.2065 59.1168 111.1910 62.2807 105.2946 193.7571 72.4404 57.7689 79.2959
136.9390 74.2069 139.1475 49.0807 23.7932 37.6324 223.6755 27.8000 117.3781 29.1785 98.5996 135.1950 80.5586 91.4261 284.0962 156.2065 0.0000 156.0328 71.3680 124.6275 68.8438 100.3006 117.2232 136.6500 248.5166
145.1490 108.1001 94.0016 144.9323 72.9295 36.4272 69.2365 62.8241 45.3556 77.3195 94.7563 141.0619 82.7709 140.3533 139.0548 59.1168 156.0328 0.0000 28.9455 169.6148 204.7831 83.3352 156.9861 44.9402 24.5537
18.1534 118.5386 131.5626 56.7901 36.3517 151.5221 131.0468 182.3413 89.3449 94.9621 86.5297 35.7827 68.9757 54.4520 122.3641 111.1910 71.3680 28.9455 0.0000 51.0473 272.1906 79.8267 116.0887 85.4811 219.0306
97.0599 76.9841 171.6348 174.2799 114.9154 97.9218 107.2669 37.0146 224.8793 72.6383 57.9390 96.3662 66.6276 123.0791 200.2301 62.2807 124.6275 169.6148 51.0473 0.0000 111.0783 12.7508 103.9051 27.3338 64.2565
155.7794 155.7635 61.4612 115.5924 61.4719 121.7758 21.2008 172.3002 84.6743 50.2361 55.9320 121.0354 124.6738 128.6311 205.4108 105.2946 68.8438 204.7831 272.1906 111.0783 0.0000 131.7593 116.5607 234.2651 71.8077
83.2143 66.5067 281.7321 127.8250 134.3720 68.9828 150.0787 144.1121 77.0797 107.1912 50.8909 56.4295 98.5027 92.4535 3.8140 193.7571 100.3006 83.3352 79.8267 12.7508 131.7593 0.0000 26.1969 145.9255 228.8690
91.9050 76.7010 52.9835 144.1484 67.3086 164.1029 59.8824 61.8713 86.9537 84.1390 222.4762 154.4252 45.6778 130.6620 182.5544 72.4404 117.2232 156.9861 116.0887 103.9051 116.5607 26.1969 0.0000 110.0471 88.2442
78.7628 124.9028 84.0887 30.2113 77.3377 103.1352 171.5781 132.1951 45.7485 41.3142 61.7387 82.9821 109.2621 187.0581 105.6670 57.7689 136.6500 44.9402 85.4811 27.3338 234.2651 145.9255 110.0471 0.0000 164.8214
86.9575 114.1749 90.6958 123.8884 192.8443 143.1948 3.3583 190.7419 104.1037 89.3389 85.1758 68.0351 65.6957 18.0693 170.7711 79.2959 248.5166 24.5537 219.0306 64.2565 71.8077 228.8690 88.2442 164.8214 0.0000
