25
0.0000 131.3882 167.3808 67.1284 167.0972 129.6353 158.6163 147.9208 111.2437 117.1378 116.9641 148.5599 140.7690 170.0953 38.2072 94.6535 48.5629 87.8228 165.6100 132.0844 142.7637 128.5263 148.7919 151.7931 152.4120
131.3882 0.0000 109.3849 44.9980 34.3532 142.1616 53.7000 98.8357 89.5913 103.7841 187.0809 18.9789 120.4944 137.9722 50.7298 48.0385 130.6290 84.1428 122.6146 58.7011 136.2102 96.1837 102.2253 120.4961 145.8951
167.3808 109.3849 0.0000 67.7116 115.6192 262.4879 167.7899 116.4932 137.3142 160.2574 114.6357 49.7894 138.4982 34.7236 151.3510 119.4221 7.2123 143.4825 160.5764 249.5615 166.0194 33.7458 146.8433 81.2765 190.5445
67.1284 44.9980 67.7116 0.0000 65.3576 184.2094 132.3500 125.7676 66.5830 159.5216 181.3074 93.9119 129.3158 77.3519 117.5488 56.4334 206.4852 168.0860 85.1054 91.2689 82.2610 98.5162 55.5334 98.6380 122.9364
167.0972 34.3532 115.6192 65.3576 0.0000 40.1949 119.0774 70.1091 131.2284 102.2286 59.5512 7.3568 94.2074 78.1480 109.4834 39.3908 81.6694 245.8321 169.3547 117.9517 118.5675 232.4900 166.4959 58.6610 144.6952
129.6353 142.1616 262.4879 184.2094 40.1949 0.0000 147.6872 79.6959 181.0242 185.9765 109.7419 165.5455 58.4037 124.1108 177.2519 73.5271 113.2568 140.9538 110.7205 126.9889 59.2040 105.8184 154.7537 114.5847 14.7958
158.6163 53.7000 167.7899 132.3500 119.0774 147.6872 0.0000 76.5883 159.3796 19.2089 112.5150 41.0798 71.7638 64.2223 64.7558 189.0500 131.0534 114.9517 120.4235 126.7345 129.1486 121.9859 162.8212 171.6921 41.1619
147.9208 98.8357 116.4932 125.7676 70.1091 79.6959 76.5883 0.0000 48.7062 67.5216 126.6617 171.0351 206.8446 99.6290 144.6873 168.7568 141.6071 140.5235 124.1475 138.6273 122.6252 145.2062 216.5069 93.8668 214.9753
111.2437 89.5913 137.3142 66.5830 131.2284 181.0242 159.3796 48.7062 0.0000 99.8618 82.0518 55.0733 63.0486 203.2193 182.6682 121.2025 98.1130 163.8073 106.9437 161.1808 46.1461 90.2185 103.3323 27.5077 37.1843
117.1378 103.7841 160.2574 159.5216 102.2286 185.9765 19.2089 67.5216 99.8618 0.0000 18.1869 33.2998 74.2625 88.7194 175.0092 9.6698 101.9244 77.4420 104.1433 82.3643 154.3770 95.0187 100.2193 97.9512 168.7344
116.9641 187.0809 114.6357 181.3074 59.5512 109.7419 112.5150 126.6617 82.0518 18.1869 0.0000 102.4832 34.5278 123.0565 110.1945 20.0499 51.4280 116.1717 168.6793 62.0100 70.1298 143.1285 237.6298 147.9950 173.7032
148.5599 18.9789 49.7894 93.9119 7.3568 165.5455 41.0798 171.0351 55.0733 33.2998 102.4832 0.0000 57.2903 212.2104 259.5223 166.5326 92.7231 215.0762 129.9717 209.1029 75.7905 22.1462 190.5444 130.4482 142.9360
140.7690 120.4944 138.4982 129.3158 94.2074 58.4037 71.7638 206.8446 63.0486 74.2625 34.5278 57.2903 0.0000 140.7550 153.6332 184.4881 75.9545 122.3778 91.5525 157.3469 86.5631 111.3228 66.0257 89.7118 39.7865
170.0953 137.9722 34.7236 77.3519 78.1480 124.1108 64.2223 99.6290 203.2193 88.7194 123.0565 212.2104 140.7550 0.0000 112.4328 56.4734 184.6059 188.7963 81.0566 121.6018 118.9683 79.1621 137.4110 85.6905 196.8920
38.2072 50.7298 151.3510 117.5488 109.4834 177.2519 64.7558 144.6873 182.6682 175.0092 110.1945 259.5223 153.6332 112.4328 0.0000 116.7073 89.3948 142.6229 94.1645 161.7198 151.2668 78.8476 63.2388 151.3938 83.9212
94.6535 48.0385 119.4221 56.4334 39.3908 73.5271 189.0500 168.7568 121.2025 9.6698 20.0499 166.5326 184.4881 56.4734 116.7073 0.0000 150.9400 117.0010 49.1738 79.3161 48.2075 74.2209 98.9584 217.5798 56.7138
48.5629 130.6290 7.2123 206.4852 81.6694 113.2568 131.0534 141.6071 98.1130 101.9244 51.4280 92.7231 75.9545 184.6059 89.3948 150.9400 0.0000 217.7036 96.6224 226.5151 87.2769 227.3307 65.7803 227.5437 63.0326
87.8228 84.1428 143.4825 168.0860 245.8321 140.9538 114.9517 140.5235 163.8073 77.4420 116.1717 215.0762 122.3778 188.7963 142.6229 117.0010 217.7036 0.0000 216.9840 136.1136 54.2720 163.8624 61.0949 7.6978 72.5199
165.6100 122.6146 160.5764 85.1054 169.3547 110.7205 120.4235 124.1475 106.9437 104.1433 168.6793 129.9717 91.5525 81.0566 94.1645 49.1738 96.6224 216.9840 0.0000 60.3680 168.2580 44.1562 183.2062 138.6840 111.6202
132.0844 58.7011 249.5615 91.2689 117.9517 126.9889 126.7345 138.6273 161.1808 82.3643 62.0100 209.1029 157.3469 121.6018 161.7198 79.3161 226.5151 136.1136 60.3680 0.0000 140.1660 164.6851 140.8469 69.3040 148.7773
142.7637 136.2102 166.0194 82.2610 118.5675 59.2040 129.1486 122.6252 46.1461 154.3770 70.1298 75.7905 86.5631 118.9683 151.2668 48.2075 87.2769 54.2720 168.2580 140.1660 0.0000 17.0829 64.8534 43.6076 75.1068
128.5263 96.1837 33.7458 98.5162 232.4900 105.8184 121.9859 145.2062 90.2185 95.0187 143.1285 22.1462 111.3228 79.1621 78.8476 74.2209 227.3307 163.8624 44.1562 164.6851 17.0829 0.0000 131.4833 177.1539 159.3260
148.7919 102.2253 146.8433 55.5334 166.4959 154.7537 162.8212 216.5069 103.3323 100.2193 237.6298 190.5444 66.0257 137.4110 63.2388 98.9584 65.7803 61.0949 183.2062 140.8469 64.8534 131.4833 0.0000 196.2313 102.1667
151.7931 120.4961 81.2765 98.6380 58.6610 114.5847 171.6921 93.8668 27.5077 97.9512 147.9950 130.4482 89.7118 85.6905 151.3938 217.5798 227.5437 7.6978 138.6840 69.3040 43.6076 177.1539 196.2313 0.0000 121.2854
152.4120 145.8951 190.5445 122.9364 144.6952 14.7958 41.1619 214.9753 37.1843 168.7344 173.7032 142.9360 39.7865 196.8920 83.9212 56.7138 63.0326 72.5199 111.6202 148.7773 75.1068 159.3260 102.1667 121.2854 0.0000
