25
0.0000 126.0452 94.0123 127.3661 115.9484 119.7505 96.6215 157.8006 109.9313 176.3343 51.5601 193.6152 232.9269 180.6133 145.8847 147.8493 259.7896 23.0691 53.0296 86.2956 20.3113 115.6629 95.6660 58.6608 131.7178
126.0452 0.0000 188.6014 32.7602 110.1638 43.1585 48.8157 153.3223 138.4219 74.5782 143.4830 70.2912 190.7102 7.7612 16.0953 71.7917 141.7477 130.7208 68.3174 175.9601 78.8481 69.6211 59.5665 77.5866 127.9414
94.0123 188.6014 0.0000 209.4497 142.2848 216.2779 98.0880 39.0374 54.4761 28.6645 84.5575 169.0742 200.3368 140.3922 123.2774 144.4071 35.3717 156.8781 70.7834 143.2130 114.7943 150.0386 70.9659 108.4270 82.8319
127.3661 32.7602 209.4497 0.0000 25.1044 129.7908 0.2939 144.0821 105.5119 67.3825 110.5258 92.6706 4.0398 140.3287 59.0449 78.5405 55.7342 145.1604 32.9962 44.4469 194.7709 162.4843 83.6161 98.1604 200.2031
115.9484 110.1638 142.2848 25.1044 0.0000 78.8689 166.6686 97.5014 201.6024 96.9584 48.8595 166.3115 155.7455 129.1593 224.9594 20.4079 143.5926 85.2243 153.0613 72.6336 97.9859 88.3346 129.8619 101.2882 93.5325
119.7505 43.1585 216.2779 129.7908 78.8689 0.0000 92.9591 136.7686 52.3220 153.0355 70.7145 45.1722 100.5770 202.3907 79.3398 41.6796 195.7923 50.2834 50.3878 167.9172 214.8392 142.1105 26.7061 138.4408 87.0301
96.6215 48.8157 98.0880 0.2939 166.6686 92.9591 0.0000 102.2736 239.8985 194.3205 69.1401 58.2627 15.0799 54.8175 154.9604 83.5971 94.7357 60.7639 132.9530 44.2417 27.1284 240.6814 156.3891 121.0789 62.9494
157.8006 153.3223 39.0374 144.0821 97.5014 136.7686 102.2736 0.0000 142.4822 39.8393 30.6584 152.4325 98.5831 114.0561 136.6776 161.1718 154.1114 81.1782 92.1991 120.2337 171.7445 166.4904 172.4897 62.9047 34.8773
109.9313 138.4219 54.4761 105.5119 201.6024 52.3220 239.8985 142.4822 0.0000 139.8296 53.8318 215.8033 221.0589 33.7749 110.7932 85.2916 67.9771 85.9520 16.6479 102.0073 129.4867 196.6009 40.3575 89.1647 138.6716
176.3343 74.5782 28.6645 67.3825 96.9584 153.0355 194.3205 39.8393 139.8296 0.0000 145.0684 73.5081 152.4890 151.8558 99.2549 208.9611 79.7681 90.3231 40.5153 125.0961 89.2896 98.9727 91.2840 5.8505 1.0577
51.5601 143.4830 84.5575 110.5258 48.8595 70.7145 69.1401 30.6584 53.8318 145.0684 0.0000 111.5099 142.1009 124.3043 69.6821 19.8408 146.3390 208.8407 48.5850 58.0510 216.9383 113.5833 38.6440 107.8209 95.0092
193.6152 70.2912 169.0742 92.6706 166.3115 45.1722 58.2627 152.4325 215.8033 73.5081 111.5099 0.0000 180.3258 86.6472 140.8938 79.2371 34.2730 64.6618 227.5160 153.1835 98.6482 197.6438 128.6196 90.9705 96.6538
232.9269 190.7102 200.3368 4.0398 155.7455 100.5770 15.0799 98.5831 221.0589 152.4890 142.1009 180.3258 0.0000 88.8170 177.8798 135.5552 58.1599 61.1863 69.0007 172.4118 93.9016 35.8804 47.9164 20.7665 85.2462
180.6133 7.7612 140.3922 140.3287 129.1593 202.3907 54.8175 114.0561 33.7749 151.8558 124.3043 86.6472 88.8170 0.0000 134.4754 42.6542 144.1968 24.3668 78.5189 130.2241 59.0112 139.9931 37.1130 17.9566 136.6824
145.8847 16.0953 123.2774 59.0449 224.9594 79.3398 154.9604 136.6776 110.7932 99.2549 69.6821 140.8938 177.8798 134.4754 0.0000 8.2082 62.5437 128.4460 35.4258 183.4046 200.1410 88.3390 125.2341 149.7450 147.5383
147.8493 71.7917 144.4071 78.5405 20.4079 41.6796 83.5971 161.1718 85.2916 208.9611 19.8408 79.2371 135.5552 42.6542 8.2082 0.0000 152.9500 187.8020 67.9736 132.8209 191.1931 110.9356 96.8319 139.9654 120.3602
259.7896 141.7477 35.3717 55.7342 143.5926 195.7923 94.7357 154.1114 67.9771 79.7681 146.3390 34.2730 58.1599 144.1968 62.5437 152.9500 0.0000 93.4703 31.0530 109.1502 191.9217 97.4542 152.3675 89.5285 101.6099
23.0691 130.7208 156.8781 145.1604 85.2243 50.2834 60.7639 81.1782 85.9520 90.3231 208.8407 64.6618 61.1863 24.3668 128.4460 187.8020 93.4703 0.0000 155.0976 184.8805 89.5892 70.8382 138.9170 145.8767 88.6675
53.0296 68.3174 70.7834 32.9962 153.0613 50.3878 132.9530 92.1991 16.6479 40.5153 48.5850 227.5160 69.0007 78.5189 35.4258 67.9736 31.0530 155.0976 0.0000 78.1325 136.7571 74.3744 117.3735 100.6408 108.1319
86.2956 175.9601 143.2130 44.4469 72.6336 167.9172 44.2417 120.2337 102.0073 125.0961 58.0510 153.1835 172.4118 130.2241 183.4046 132.8209 109.1502 184.8805 78.1325 0.0000 55.5507 62.1601 93.0262 194.9778 168.7281
20.3113 78.8481 114.7943 194.7709 97.9859 214.8392 27.1284 171.7445 129.4867 89.2896 216.9383 98.6482 93.9016 59.0112 200.1410 191.1931 191.9217 89.5892 136.7571 55.5507 0.0000 63.4050 40.1867 190.8164 47.0074
115.6629 69.6211 150.0386 162.4843 88.3346 142.1105 240.6814 166.4904 196.6009 98.9727 113.5833 197.6438 35.8804 139.9931 88.3390 110.9356 97.4542 70.8382 74.3744 62.1601 63.4050 0.0000 58.4980 76.1617 27.9656
95.6660 59.5665 70.9659 83.6161 129.8619 26.7061 156.3891 172.4897 40.3575 91.2840 38.6440 128.6196 47.9164 37.1130 125.2341 96.8319 152.3675 138.9170 117.3735 93.0262 40.1867 58.4980 0.0000 76.8947 46.5968
58.6608 77.5866 108.4270 98.1604 101.2882 138.4408 121.0789 62.9047 89.1647 5.8505 107.8209 90.9705 20.7665 17.9566 149.7450 139.9654 89.5285 145.8767 100.6408 194.9778 190.8164 76.1617 76.8947 0.0000 88.3745
131.7178 127.9414 82.8319 200.2031 93.5325 87.0301 62.9494 34.8773 138.6716 1.0577 95.0092 96.6538 85.2462 136.6824 147.5383 120.3602 101.6099 88.6675 108.1319 168.7281 47.0074 27.9656 46.5968 88.3745 0.0000
