25
0.0000 110.3485 100.6347 81.2029 92.5401 73.6679 135.1637 86.4925 96.8555 201.0478 120.5636 160.7684 102.4570 0.6802 23.8326 132.6349 66.3265 132.9606 203.5421 45.7878 187.2570 121.5601 98.5966 123.2939 60.6805
110.3485 0.0000 98.0354 109.9451 69.1263 211.5812 52.2008 120.5114 86.1371 203.9820 73.7214 101.1965 225.4912 9.1597 16.9104 18.4036 94.6260 146.1985 107.3926 48.6926 137.8312 19.1447 81.7190 103.7538 103.2576
100.6347 98.0354 0.0000 107.6491 111.1832 126.9490 119.1905 115.1637 16.1306 22.6407 142.0004 50.5446 70.9169 49.6062 164.8951 186.3016 58.4228 120.9534 76.0253 78.7734 11.9929 122.2676 75.1332 80.3296 215.3450
81.2029 109.9451 107.6491 0.0000 63.8220 84.2713 132.9414 66.7589 67.7047 136.4163 123.3765 137.8233 128.0209 64.6067 170.6693 32.6007 68.8672 151.9532 21.2063 100.4354 79.9212 229.2285 93.4483 145.9724 121.2428
92.5401 69.1263 111.1832 63.8220 0.0000 134.6405 105.6854 158.8152 55.6217 141.9827 194.4624 114.2514 176.5040 129.2392 141.7478 129.8310 178.5121 124.5238 126.1370 160.7380 150.1777 205.3621 64.9722 55.2181 95.5010
73.6679 211.5812 126.9490 84.2713 134.6405 0.0000 121.3452 110.1421 69.9812 113.2921 106.1744 154.3895 140.9666 170.3272 69.1348 96.1638 150.6642 127.8725 136.7623 33.0971 106.8423 50.0476 107.8776 107.3677 102.1776
135.1637 52.2008 119.1905 132.9414 105.6854 121.3452 0.0000 38.4900 154.2232 179.5737 171.9733 43.6374 33.4065 111.6524 95.0635 75.1751 106.1835 119.5897 25.1804 104.2314 64.2272 78.8739 215.4005 20.4253 150.3245
86.4925 120.5114 115.1637 66.7589 158.8152 110.1421 38.4900 0.0000 219.7151 122.8305 70.8592 257.1278 114.4537 215.5410 137.3904 157.4050 46.7465 91.2505 49.1533 144.3668 175.4008 168.9824 79.6683 129.1846 148.6165
96.8555 86.1371 16.1306 67.7047 55.6217 69.9812 154.2232 219.7151 0.0000 187.3461 120.4278 6.9720 105.1386 132.2672 142.9708 48.8291 106.0253 168.3179 253.1260 12.1516 25.8374 30.6064 81.3878 150.0017 72.7368
201.0478 203.9820 22.6407 136.4163 141.9827 113.2921 179.5737 122.8305 187.3461 0.0000 44.2605 62.4436 82.0405 156.2208 170.2541 41.4606 37.1660 180.2719 139.4589 30.1757 92.3880 164.7617 86.2365 185.6773 111.6799
120.5636 73.7214 142.0004 123.3765 194.4624 106.1744 171.9733 70.8592 120.4278 44.2605 0.0000 137.4226 97.7575 87.9397 85.6743 179.2888 57.7582 111.4847 153.3262 113.4506 76.2866 124.4881 99.0091 127.6484 215.5449
160.7684 101.1965 50.5446 137.8233 114.2514 154.3895 43.6374 257.1278 6.9720 62.4436 137.4226 0.0000 106.1704 6.3608 112.0067 121.8383 220.2375 83.3043 149.3972 100.8406 63.2653 33.6472 106.7773 95.9606 81.7638
102.4570 225.4912 70.9169 128.0209 176.5040 140.9666 33.4065 114.4537 105.1386 82.0405 97.7575 106.1704 0.0000 163.1544 61.2962 48.3616 123.5514 98.5452 169.9520 190.2936 197.9487 74.0215 112.2760 97.0323 83.6784
0.6802 9.1597 49.6062 64.6067 129.2392 170.3272 111.6524 215.5410 132.2672 156.2208 87.9397 6.3608 163.1544 0.0000 104.8564 94.9066 161.3896 21.6534 159.3309 110.1497 81.1459 84.3960 88.3287 102.8083 142.7268
23.8326 16.9104 164.8951 170.6693 141.7478 69.1348 95.0635 137.3904 142.9708 170.2541 85.6743 112.0067 61.2962 104.8564 0.0000 110.2606 112.4038 121.0978 64.2484 71.7673 127.5193 114.2487 108.3632 222.7620 136.8093
132.6349 18.4036 186.3016 32.6007 129.8310 96.1638 75.1751 157.4050 48.8291 41.4606 179.2888 121.8383 48.3616 94.9066 110.2606 0.0000 14.9996 33.8306 145.5742 198.3037 118.6612 134.1883 85.0995 215.2366 195.9386
66.3265 94.6260 58.4228 68.8672 178.5121 150.6642 106.1835 46.7465 106.0253 37.1660 57.7582 220.2375 123.5514 161.3896 112.4038 14.9996 0.0000 69.5508 40.1793 113.5936 81.0675 79.1241 137.1894 123.5787 54.3345
132.9606 146.1985 120.9534 151.9532 124.5238 127.8725 119.5897 91.2505 168.3179 180.2719 111.4847 83.3043 98.5452 21.6534 121.0978 33.8306 69.5508 0.0000 37.4908 172.7105 89.6115 71.6175 23.6520 46.6383 94.1482
203.5421 107.3926 76.0253 21.2063 126.1370 136.7623 25.1804 49.1533 253.1260 139.4589 153.3262 149.3972 169.9520 159.3309 64.2484 145.5742 40.1793 37.4908 0.0000 147.5861 121.1975 50.9466 141.4077 153.3056 186.6775
45.7878 48.6926 78.7734 100.4354 160.7380 33.0971 104.2314 144.3668 12.1516 30.1757 113.4506 100.8406 190.2936 110.1497 71.7673 198.3037 113.5936 172.7105 147.5861 0.0000 130.6164 125.1165 121.5981 16.5835 198.5926
187.2570 137.8312 11.9929 79.9212 150.1777 106.8423 64.2272 175.4008 25.8374 92.3880 76.2866 63.2653 197.9487 81.1459 127.5193 118.6612 81.0675 89.6115 121.1975 130.6164 0.0000 140.8752 5.5608 45.7838 176.1859
121.5601 19.1447 122.2676 229.2285 205.3621 50.0476 78.8739 168.9824 30.6064 164.7617 124.4881 33.6472 74.0215 84.3960 114.2487 134.1883 79.1241 71.6175 50.9466 125.1165 140.8752 0.0000 58.1584 81.4729 225.1906
98.5966 81.7190 75.1332 93.4483 64.9722 107.8776 215.4005 79.6683 81.3878 86.2365 99.0091 106.7773 112.2760 88.3287 108.3632 85.0995 137.1894 23.6520 141.4077 121.5981 5.5608 58.1584 0.0000 45.9613 211.0772
123.2939 103.7538 80.3296 145.9724 55.2181 107.3677 20.4253 129.1846 150.0017 185.6773 127.6484 95.9606 97.0323 102.8083 222.7620 215.2366 123.5787 46.6383 153.3056 16.5835 45.7838 81.4729 45.9613 0.0000 114.8884
60.6805 103.2576 215.3450 121.2428 95.5010 102.1776 150.3245 148.6165 72.7368 111.6799 215.5449 81.7638 83.6784 142.7268 136.8093 195.9386 54.3345 94.1482 186.6775 198.5926 176.1859 225.1906 211.0772 114.8884 0.0000
