18
0.0000 66.7297 155.7302 130.4537 63.2715 137.4052 15.2151 218.6265 44.4543 79.5130 131.7353 123.8850 228.7484 26.3867 82.4719 97.1515 149.0938 29.7840
66.7297 0.0000 78.6329 99.1411 91.9253 89.2361 36.0564 59.3726 126.8424 121.0355 117.2989 167.6573 73.6151 56.3202 124.0502 101.2436 35.6093 156.8582
155.7302 78.6329 0.0000 137.9650 129.5931 119.9297 100.2289 129.2948 68.3525 100.4940 71.4794 76.6928 79.1435 92.3366 55.7007 98.4107 15.8204 47.8175
130.4537 99.1411 137.9650 0.0000 216.9070 38.0939 81.2835 173.3676 135.7219 68.7768 93.9850 71.6289 52.9575 36.1674 169.8032 13.4823 87.5656 94.5842
63.2715 91.9253 129.5931 216.9070 0.0000 145.8444 179.1644 80.2573 149.2718 174.2646 151.6466 158.7461 150.8149 156.4878 146.4944 27.4051 75.1973 130.0286
137.4052 89.2361 119.9297 38.0939 145.8444 0.0000 100.8933 11.6012 140.6912 155.8382 107.9806 91.8417 122.9028 166.0278 258.3714 101.9373 126.8315 126.9105
15.2151 36.0564 100.2289 81.2835 179.1644 100.8933 0.0000 45.9776 115.6633 89.6713 78.7059 65.4858 130.5270 53.6446 4.9883 102.5070 126.4564 144.8265
218.6265 59.3726 129.2948 173.3676 80.2573 11.6012 45.9776 0.0000 6.2089 183.9561 108.8266 5.7479 53.7370 83.7989 161.7731 118.2572 13.9138 127.5460
44.4543 126.8424 68.3525 135.7219 149.2718 140.6912 115.6633 6.2089 0.0000 97.9502 56.0718 166.5137 107.0558 74.4420 204.2943 89.4408 177.8421 110.4689
79.5130 121.0355 100.4940 68.7768 174.2646 155.8382 89.6713 183.9561 97.9502 0.0000 73.8267 155.4422 156.4750 105.9256 91.5400 44.5327 124.8263 173.5650
131.7353 117.2989 71.4794 93.9850 151.6466 107.9806 78.7059 108.8266 56.0718 73.8267 0.0000 62.0642 105.2848 96.6071 155.2875 184.4915 63.6085 90.6950
123.8850 167.6573 76.6928 71.6289 158.7461 91.8417 65.4858 5.7479 166.5137 155.4422 62.0642 0.0000 104.2221 86.9194 125.8094 143.6484 51.7500 114.5669
228.7484 73.6151 79.1435 52.9575 150.8149 122.9028 130.5270 53.7370 107.0558 156.4750 105.2848 104.2221 0.0000 150.9509 189.1032 135.1767 156.3078 98.8141
26.3867 56.3202 92.3366 36.1674 156.4878 166.0278 53.6446 83.7989 74.4420 105.9256 96.6071 86.9194 150.9509 0.0000 118.5312 106.9599 126.7718 122.3433
82.4719 124.0502 55.7007 169.8032 146.4944 258.3714 4.9883 161.7731 204.2943 91.5400 155.2875 125.8094 189.1032 118.5312 0.0000 54.9771 65.4889 109.3340
97.1515 101.2436 98.4107 13.4823 27.4051 101.9373 102.5070 118.2572 89.4408 44.5327 184.4915 143.6484 135.1767 106.9599 54.9771 0.0000 50.1451 36.0923
149.0938 35.6093 15.8204 87.5656 75.1973 126.8315 126.4564 13.9138 177.8421 124.8263 63.6085 51.7500 156.3078 126.7718 65.4889 50.1451 0.0000 80.7553
29.7840 156.8582 47.8175 94.5842 130.0286 126.9105 144.8265 127.5460 110.4689 173.5650 90.6950 114.5669 98.8141 122.3433 109.3340 36.0923 80.7553 0.0000
