18
0.0000 152.8061 115.3339 80.5013 181.6744 77.1677 77.1950 149.8578 66.2354 195.9657 71.9508 181.1787 46.2642 117.4833 7.0323 69.8031 90.4881 47.9746
152.8061 0.0000 44.3966 142.3445 87.4336 125.9572 91.9838 114.3507 92.1098 92.0328 178.9189 95.8633 104.4346 195.9470 52.7603 89.6384 290.3619 80.8255
115.3339 44.3966 0.0000 70.2615 131.1940 87.4940 129.3822 136.7709 29.7818 111.5185 66.1809 107.7522 167.7685 140.4496 143.3881 79.7375 26.0432 59.2145
80.5013 142.3445 70.2615 0.0000 29.7659 106.2693 62.6887 73.9698 44.3413 145.7011 56.4584 72.0768 120.4480 184.0469 152.4273 99.5592 168.6197 166.1772
181.6744 87.4336 131.1940 29.7659 0.0000 137.9524 214.9869 135.2021 81.2723 83.8873 169.1158 38.6949 94.7399 170.0223 182.9112 54.2323 38.6787 153.3563
77.1677 125.9572 87.4940 106.2693 137.9524 0.0000 122.8054 92.7808 5.3877 153.5758 24.9275 86.9623 110.3036 45.7000 103.4419 11.4284 131.4658 187.7937
77.1950 91.9838 129.3822 62.6887 214.9869 122.8054 0.0000 59.0073 8.0348 40.5499 66.5128 112.2823 87.8001 112.5450 10.8932 179.6410 57.8323 171.2043
149.8578 114.3507 136.7709 73.9698 135.2021 92.7808 59.0073 0.0000 74.8012 116.5285 92.8873 54.2513 24.7540 53.5168 153.7749 124.8418 136.7216 113.2326
66.2354 92.1098 29.7818 44.3413 81.2723 5.3877 8.0348 74.8012 0.0000 43.6484 35.4226 83.5481 148.5127 57.9914 12.5265 11.3283 86.4018 233.6976
195.9657 92.0328 111.5185 145.7011 83.8873 153.5758 40.5499 116.5285 43.6484 0.0000 156.2286 89.7997 59.9900 48.9591 202.3467 70.2085 239.9251 256.0815
71.9508 178.9189 66.1809 56.4584 169.1158 24.9275 66.5128 92.8873 35.4226 156.2286 0.0000 197.4435 169.1136 139.3622 77.6785 81.8422 66.4472 118.2376
181.1787 95.8633 107.7522 72.0768 38.6949 86.9623 112.2823 54.2513 83.5481 89.7997 197.4435 0.0000 37.7825 51.6990 73.3576 192.0572 97.0453 124.1343
46.2642 104.4346 167.7685 120.4480 94.7399 110.3036 87.8001 24.7540 148.5127 59.9900 169.1136 37.7825 0.0000 60.1459 146.4988 111.6907 150.5871 45.9945
117.4833 195.9470 140.4496 184.0469 170.0223 45.7000 112.5450 53.5168 57.9914 48.9591 139.3622 51.6990 60.1459 0.0000 203.5835 103.2917 165.2088 104.4114
7.0323 52.7603 143.3881 152.4273 182.9112 103.4419 10.8932 153.7749 12.5265 202.3467 77.6785 73.3576 146.4988 203.5835 0.0000 131.3813 108.1410 53.7368
69.8031 89.6384 79.7375 99.5592 54.2323 11.4284 179.6410 124.8418 11.3283 70.2085 81.8422 192.0572 111.6907 103.2917 131.3813 0.0000 48.2603 52.2634
90.4881 290.3619 26.0432 168.6197 38.6787 131.4658 57.8323 136.7216 86.4018 239.9251 66.4472 97.0453 150.5871 165.2088 108.1410 48.2603 0.0000 207.2581
47.9746 80.8255 59.2145 166.1772 153.3563 187.7937 171.2043 113.2326 233.6976 256.0815 118.2376 124.1343 45.9945 104.4114 53.7368 52.2634 207.2581 0.0000
