18
0.0000 4.7038 69.6794 111.6736 59.7735 73.5521 156.1738 197.4335 61.8067 178.9133 84.6208 116.5899 4.0049 208.9249 132.6742 88.9311 49.3256 83.7564
4.7038 0.0000 110.2882 120.0453 147.8514 201.7301 90.6069 148.0595 0.5741 100.5443 169.0075 64.4742 122.6730 132.6322 139.9568 102.9375 65.4406 35.5251
69.6794 110.2882 0.0000 48.4403 169.0361 168.2120 73.9540 116.0453 170.5401 133.8271 137.5535 100.2032 10.7629 74.6694 58.6368 44.6093 163.0478 215.0718
111.6736 120.0453 48.4403 0.0000 126.2589 128.6424 31.5513 189.1959 180.0516 25.2139 34.8262 75.8541 196.4299 158.7320 173.1508 61.9328 60.8448 50.9835
59.7735 147.8514 169.0361 126.2589 0.0000 39.2952 55.3653 84.2486 73.7144 165.1232 36.6108 178.3189 1.2309 95.3647 23.7124 95.8532 172.7815 23.9296
73.5521 201.7301 168.2120 128.6424 39.2952 0.0000 56.8758 44.3891 60.5247 165.8132 109.6322 115.2429 180.4002 63.2415 124.0864 9.5684 101.1886 126.8591
156.1738 90.6069 73.9540 31.5513 55.3653 56.8758 0.0000 94.3197 130.2706 102.9013 86.5688 62.2869 81.7167 175.1447 152.8016 102.1548 152.3791 104.4256
197.4335 148.0595 116.0453 189.1959 84.2486 44.3891 94.3197 0.0000 61.7161 137.2080 65.5947 92.6455 62.8962 104.2719 120.9222 121.4724 104.3778 59.7055
61.8067 0.5741 170.5401 180.0516 73.7144 60.5247 130.2706 61.7161 0.0000 128.7537 135.0928 186.2944 154.4794 94.6577 157.5921 75.2488 96.4608 122.6078
178.9133 100.5443 133.8271 25.2139 165.1232 165.8132 102.9013 137.2080 128.7537 0.0000 82.4940 105.0484 146.8005 12.2777 69.7615 101.8562 51.4453 152.4627
84.6208 169.0075 137.5535 34.8262 36.6108 109.6322 86.5688 65.5947 135.0928 82.4940 0.0000 71.8492 71.9763 163.7234 64.9872 45.7445 56.3241 59.1683
116.5899 64.4742 100.2032 75.8541 178.3189 115.2429 62.2869 92.6455 186.2944 105.0484 71.8492 0.0000 101.6929 62.9469 19.2165 42.9727 186.0734 89.5407
4.0049 122.6730 10.7629 196.4299 1.2309 180.4002 81.7167 62.8962 154.4794 146.8005 71.9763 101.6929 0.0000 114.7487 43.0267 49.7027 79.3670 168.9465
208.9249 132.6322 74.6694 158.7320 95.3647 63.2415 175.1447 104.2719 94.6577 12.2777 163.7234 62.9469 114.7487 0.0000 206.3412 0.5166 74.3753 142.1323
132.6742 139.9568 58.6368 173.1508 23.7124 124.0864 152.8016 120.9222 157.5921 69.7615 64.9872 19.2165 43.0267 206.3412 0.0000 103.3020 124.9756 195.9144
88.9311 102.9375 44.6093 61.9328 95.8532 9.5684 102.1548 121.4724 75.2488 101.8562 45.7445 42.9727 49.7027 0.5166 103.3020 0.0000 150.1449 158.4237
49.3256 65.4406 163.0478 60.8448 172.7815 101.1886 152.3791 104.3778 96.4608 51.4453 56.3241 186.0734 79.3670 74.3753 124.9756 150.1449 0.0000 223.7907
83.7564 35.5251 215.0718 50.9835 23.9296 126.8591 104.4256 59.7055 122.6078 152.4627 59.1683 89.5407 168.9465 142.1323 195.9144 158.4237 223.7907 0.0000
