18
0.0000 62.2405 132.7332 173.0388 112.6424 138.2057 124.7272 125.7133 150.7556 188.5798 50.6157 87.0116 109.0231 180.9449 65.9088 177.0959 202.7951 161.9376
62.2405 0.0000 269.5897 114.0695 137.9396 139.5291 29.3673 87.6216 91.2156 211.1088 74.4715 145.3789 21.4604 184.0769 165.4902 138.1467 65.2022 112.5315
132.7332 269.5897 0.0000 100.6986 159.0554 87.7067 209.8342 85.2781 55.1314 158.7091 95.7105 30.1198 27.5825 142.2141 44.2966 70.3378 119.5712 82.6526
173.0388 114.0695 100.6986 0.0000 65.5949 148.0250 150.4493 180.7495 87.6979 58.0230 90.2059 140.7679 206.7473 84.3368 136.4349 108.9109 137.3225 90.2661
112.6424 137.9396 159.0554 65.5949 0.0000 77.6291 77.0028 76.9131 79.1280 242.0197 9.4547 145.2449 79.6973 101.1607 191.4608 117.0541 107.6966 58.8563
138.2057 139.5291 87.7067 148.0250 77.6291 0.0000 132.8770 145.5280 179.8996 100.5683 24.0842 107.9230 98.3402 52.5761 121.8711 161.1428 203.0901 170.0093
124.7272 29.3673 209.8342 150.4493 77.0028 132.8770 0.0000 55.4976 104.4814 43.4494 119.2079 10.5749 224.4263 135.3624 231.6742 123.4428 110.4377 204.3429
125.7133 87.6216 85.2781 180.7495 76.9131 145.5280 55.4976 0.0000 136.9267 19.4724 25.5110 180.5500 134.4064 216.6423 61.2697 135.4500 42.9200 121.1673
150.7556 91.2156 55.1314 87.6979 79.1280 179.8996 104.4814 136.9267 0.0000 91.5925 167.4140 61.3262 86.4672 152.6284 123.3073 68.7906 180.7127 148.5993
188.5798 211.1088 158.7091 58.0230 242.0197 100.5683 43.4494 19.4724 91.5925 0.0000 86.4097 55.9669 100.4398 45.5245 128.9864 61.2795 104.3337 176.1775
50.6157 74.4715 95.7105 90.2059 9.4547 24.0842 119.2079 25.5110 167.4140 86.4097 0.0000 201.4802 0.9444 119.5726 43.5863 186.6977 173.8961 180.0413
87.0116 145.3789 30.1198 140.7679 145.2449 107.9230 10.5749 180.5500 61.3262 55.9669 201.4802 0.0000 96.7842 146.7466 117.2058 213.6315 43.8271 85.0878
109.0231 21.4604 27.5825 206.7473 79.6973 98.3402 224.4263 134.4064 86.4672 100.4398 0.9444 96.7842 0.0000 102.3434 168.1837 71.0215 99.2647 76.7855
180.9449 184.0769 142.2141 84.3368 101.1607 52.5761 135.3624 216.6423 152.6284 45.5245 119.5726 146.7466 102.3434 0.0000 220.5379 51.6664 12.0810 65.5465
65.9088 165.4902 44.2966 136.4349 191.4608 121.8711 231.6742 61.2697 123.3073 128.9864 43.5863 117.2058 168.1837 220.5379 0.0000 38.0024 165.5658 102.0196
177.0959 138.1467 70.3378 108.9109 117.0541 161.1428 123.4428 135.4500 68.7906 61.2795 186.6977 213.6315 71.0215 51.6664 38.0024 0.0000 145.2377 129.5551
202.7951 65.2022 119.5712 137.3225 107.6966 203.0901 110.4377 42.9200 180.7127 104.3337 173.8961 43.8271 99.2647 12.0810 165.5658 145.2377 0.0000 93.1686
161.9376 112.5315 82.6526 90.2661 58.8563 170.0093 204.3429 121.1673 148.5993 176.1775 180.0413 85.0878 76.7855 65.5465 102.0196 129.5551 93.1686 0.0000
