18
0.0000 98.9879 80.7901 0.4723 55.1050 153.7501 85.5159 166.3886 31.4704 117.4439 75.0228 79.0385 135.2326 136.1174 150.6466 90.5875 116.3645 152.8755
98.9879 0.0000 147.5226 31.9267 38.8636 96.2658 97.1693 86.4531 61.0290 179.7532 199.1865 39.6611 127.7884 29.0095 73.1824 13.5577 80.2314 22.5209
80.7901 147.5226 0.0000 105.3815 121.3886 28.7116 107.7188 167.6859 163.8327 28.6789 117.5663 59.4944 210.7564 129.5050 154.5102 22.1767 89.4109 32.3425
0.4723 31.9267 105.3815 0.0000 109.2647 157.7644 111.0964 87.9531 16.3664 99.7023 13.8604 48.7369 31.2898 24.8695 12.5575 30.5599 50.1606 56.0329
55.1050 38.8636 121.3886 109.2647 0.0000 123.0038 22.4863 93.5270 147.2357 230.3174 36.9024 54.9109 26.2244 140.7837 166.5920 144.8712 105.5705 196.0657
153.7501 96.2658 28.7116 157.7644 123.0038 0.0000 221.7683 115.8267 184.4966 92.4436 60.2292 31.0346 183.9956 66.5623 115.3607 63.0962 168.3813 32.1677
85.5159 97.1693 107.7188 111.0964 22.4863 221.7683 0.0000 149.0542 89.4604 103.5007 213.3455 76.1751 156.2868 107.6091 102.6628 62.1522 134.2973 122.3649
166.3886 86.4531 167.6859 87.9531 93.5270 115.8267 149.0542 0.0000 131.2576 85.2847 128.9698 148.8317 144.3246 137.2784 137.5479 188.3761 5.5419 148.9197
31.4704 61.0290 163.8327 16.3664 147.2357 184.4966 89.4604 131.2576 0.0000 124.0099 92.9166 119.9490 40.0892 115.7717 54.0201 100.5347 153.2511 153.6082
117.4439 179.7532 28.6789 99.7023 230.3174 92.4436 103.5007 85.2847 124.0099 0.0000 119.2257 96.7875 24.2870 79.6987 163.0875 86.1813 44.2043 150.7329
75.0228 199.1865 117.5663 13.8604 36.9024 60.2292 213.3455 128.9698 92.9166 119.2257 0.0000 11.6281 102.7323 0.2568 118.1296 112.8336 81.6085 85.8491
79.0385 39.6611 59.4944 48.7369 54.9109 31.0346 76.1751 148.8317 119.9490 96.7875 11.6281 0.0000 38.8913 125.0141 49.7633 132.1659 201.7799 3.4397
135.2326 127.7884 210.7564 31.2898 26.2244 183.9956 156.2868 144.3246 40.0892 24.2870 102.7323 38.8913 0.0000 106.6451 53.2411 81.0030 164.4684 174.4959
136.1174 29.0095 129.5050 24.8695 140.7837 66.5623 107.6091 137.2784 115.7717 79.6987 0.2568 125.0141 106.6451 0.0000 52.6838 104.5254 112.3791 43.2484
150.6466 73.1824 154.5102 12.5575 166.5920 115.3607 102.6628 137.5479 54.0201 163.0875 118.1296 49.7633 53.2411 52.6838 0.0000 21.2757 223.9688 131.6356
90.5875 13.5577 22.1767 30.5599 144.8712 63.0962 62.1522 188.3761 100.5347 86.1813 112.8336 132.1659 81.0030 104.5254 21.2757 0.0000 147.8558 101.4632
116.3645 80.2314 89.4109 50.1606 105.5705 168.3813 134.2973 5.5419 153.2511 44.2043 81.6085 201.7799 164.4684 112.3791 223.9688 147.8558 0.0000 89.1322
152.8755 22.5209 32.3425 56.0329 196.0657 32.1677 122.3649 148.9197 153.6082 150.7329 85.8491 3.4397 174.4959 43.2484 131.6356 101.4632 89.1322 0.0000
