18
0.0000 3.5394 126.7887 47.4346 143.9944 261.2503 40.0203 88.1159 79.8882 114.0577 116.8025 58.9669 111.4976 168.5265 131.7354 57.5170 126.8776 81.1822
3.5394 0.0000 74.0614 142.1187 126.8785 51.0011 126.9080 264.8729 197.3071 141.4572 58.9568 148.4288 200.4702 90.0829 153.3252 40.7257 112.0047 160.0286
126.7887 74.0614 0.0000 16.5734 111.2342 138.0162 128.4572 109.5194 139.9532 91.0961 149.5558 127.8093 169.6260 87.5424 234.9281 168.1643 117.1756 94.6632
47.4346 142.1187 16.5734 0.0000 37.3859 146.3107 144.5542 109.4712 85.5390 60.3715 105.4916 48.5230 7.6091 18.7218 121.3912 120.9719 82.5287 139.0992
143.9944 126.8785 111.2342 37.3859 0.0000 113.9932 123.0368 7.9765 27.1153 116.7210 165.5811 136.0309 89.9993 131.1579 71.0102 102.8746 76.5124 68.1881
261.2503 51.0011 138.0162 146.3107 113.9932 0.0000 114.2273 205.9835 182.5895 52.0322 169.7673 76.1707 90.0530 171.4555 183.0331 25.7971 205.8522 10.8339
40.0203 126.9080 128.4572 144.5542 123.0368 114.2273 0.0000 136.2951 107.5938 32.2924 180.1061 105.0967 79.0154 91.9409 93.1763 117.9945 159.7176 125.3888
88.1159 264.8729 109.5194 109.4712 7.9765 205.9835 136.2951 0.0000 37.4351 116.2656 54.6020 95.8467 56.0229 197.1427 9.4377 177.2384 168.4173 131.5537
79.8882 197.3071 139.9532 85.5390 27.1153 182.5895 107.5938 37.4351 0.0000 102.0203 116.6810 99.1380 93.5262 93.4354 150.3633 90.1168 81.1917 170.5347
114.0577 141.4572 91.0961 60.3715 116.7210 52.0322 32.2924 116.2656 102.0203 0.0000 71.2161 171.9920 205.8941 96.2852 73.0249 43.4232 151.3457 93.5504
116.8025 58.9568 149.5558 105.4916 165.5811 169.7673 180.1061 54.6020 116.6810 71.2161 0.0000 135.0082 88.1860 43.1729 173.2030 143.8383 133.4742 5.2330
58.9669 148.4288 127.8093 48.5230 136.0309 76.1707 105.0967 95.8467 99.1380 171.9920 135.0082 0.0000 29.7001 36.3053 166.6895 154.2351 85.8148 149.6894
111.4976 200.4702 169.6260 7.6091 89.9993 90.0530 79.0154 56.0229 93.5262 205.8941 88.1860 29.7001 0.0000 16.9819 198.4327 217.5563 122.4929 96.7483
168.5265 90.0829 87.5424 18.7218 131.1579 171.4555 91.9409 197.1427 93.4354 96.2852 43.1729 36.3053 16.9819 0.0000 96.6687 111.1738 148.0133 67.7547
131.7354 153.3252 234.9281 121.3912 71.0102 183.0331 93.1763 9.4377 150.3633 73.0249 173.2030 166.6895 198.4327 96.6687 0.0000 89.3459 63.9592 222.3125
57.5170 40.7257 168.1643 120.9719 102.8746 25.7971 117.9945 177.2384 90.1168 43.4232 143.8383 154.2351 217.5563 111.1738 89.3459 0.0000 101.3268 136.8999
126.8776 112.0047 117.1756 82.5287 76.5124 205.8522 159.7176 168.4173 81.1917 151.3457 133.4742 85.8148 122.4929 148.0133 63.9592 101.3268 0.0000 82.9234
81.1822 160.0286 94.6632 139.0992 68.1881 10.8339 125.3888 131.5537 170.5347 93.5504 5.2330 149.6894 96.7483 67.7547 222.3125 136.8999 82.9234 0.0000
