18
0.0000 136.2521 147.4869 81.0185 113.1703 197.8009 78.0702 62.1699 46.9983 258.7773 19.4650 194.8880 273.2574 138.3837 110.7121 49.9953 49.5354 188.7677
136.2521 0.0000 68.2195 162.9203 108.7402 47.2672 101.2560 150.9032 210.6710 3.2766 60.4247 57.7470 10.2387 140.2004 77.7214 25.7202 39.2141 79.7473
147.4869 68.2195 0.0000 74.8356 99.5257 67.3803 63.5514 137.7192 232.0867 125.5976 137.7915 46.6234 98.3898 63.6247 144.3380 60.5961 77.0404 97.5230
81.0185 162.9203 74.8356 0.0000 129.6232 43.6751 125.8737 63.3641 78.2830 188.8934 14.6932 110.0191 59.6408 84.1085 91.5546 45.1509 85.6017 133.3594
113.1703 108.7402 99.5257 129.6232 0.0000 84.3268 115.5097 168.0093 136.0002 75.1190 129.7412 168.7530 42.3714 150.6884 137.4809 128.2309 70.3572 41.3290
197.8009 47.2672 67.3803 43.6751 84.3268 0.0000 74.1947 248.9009 196.8134 143.4695 86.2149 101.4021 170.6112 195.8106 204.0294 176.9588 92.2411 63.0965
78.0702 101.2560 63.5514 125.8737 115.5097 74.1947 0.0000 214.3383 160.5615 175.1097 89.1760 182.9906 57.7521 163.6261 121.0036 123.2564 153.8083 104.6311
62.1699 150.9032 137.7192 63.3641 168.0093 248.9009 214.3383 0.0000 35.2861 139.7634 23.3564 56.4966 175.9018 106.8092 71.2936 171.0220 188.5144 134.6851
46.9983 210.6710 232.0867 78.2830 136.0002 196.8134 160.5615 35.2861 0.0000 144.9588 67.5682 48.1792 86.6795 103.4106 86.9460 93.8493 11.0134 61.1201
258.7773 3.2766 125.5976 188.8934 75.1190 143.4695 175.1097 139.7634 144.9588 0.0000 158.0981 144.9467 51.1534 90.1323 188.1232 109.1235 105.1143 28.7811
19.4650 60.4247 137.7915 14.6932 129.7412 86.2149 89.1760 23.3564 67.5682 158.0981 0.0000 67.9792 120.9059 92.4200 193.9875 132.8111 164.4007 24.3286
194.8880 57.7470 46.6234 110.0191 168.7530 101.4021 182.9906 56.4966 48.1792 144.9467 67.9792 0.0000 204.9381 158.9915 100.2360 146.0631 142.6898 93.0141
273.2574 10.2387 98.3898 59.6408 42.3714 170.6112 57.7521 175.9018 86.6795 51.1534 120.9059 204.9381 0.0000 42.9179 34.2731 169.8058 30.0537 48.3084
138.3837 140.2004 63.6247 84.1085 150.6884 195.8106 163.6261 106.8092 103.4106 90.1323 92.4200 158.9915 42.9179 0.0000 83.8153 97.9194 162.0190 120.2723
110.7121 77.7214 144.3380 91.5546 137.4809 204.0294 121.0036 71.2936 86.9460 188.1232 193.9875 100.2360 34.2731 83.8153 0.0000 36.4013 65.4408 152.7914
49.9953 25.7202 60.5961 45.1509 128.2309 176.9588 123.2564 171.0220 93.8493 109.1235 132.8111 146.0631 169.8058 97.9194 36.4013 0.0000 150.5784 120.5384
49.5354 39.2141 77.0404 85.6017 70.3572 92.2411 153.8083 188.5144 11.0134 105.1143 164.4007 142.6898 30.0537 162.0190 65.4408 150.5784 0.0000 47.6581
188.7677 79.7473 97.5230 133.3594 41.3290 63.0965 104.6311 134.6851 61.1201 28.7811 24.3286 93.0141 48.3084 120.2723 152.7914 120.5384 47.6581 0.0000
