18
0.0000 216.9739 79.4089 168.4447 124.6267 117.5042 96.5563 62.7489 57.6604 133.4911 80.4540 150.0275 53.6991 13.9477 31.4069 69.9021 113.9071 177.7366
216.9739 0.0000 128.0464 101.5150 115.1456 109.6421 39.0224 86.8669 133.1403 176.2934 66.0778 49.2095 220.5259 202.2332 95.5824 161.9296 124.6684 89.5436
79.4089 128.0464 0.0000 57.9403 111.7154 147.8262 10.9027 130.4939 229.6462 115.7592 102.1273 36.1291 58.7497 104.8771 82.1073 161.2888 71.8857 48.5828
168.4447 101.5150 57.9403 0.0000 207.4059 41.9967 153.4448 100.1101 186.7072 111.3917 150.6085 91.2557 39.8520 182.7654 128.2610 119.5478 48.3433 115.3636
124.6267 115.1456 111.7154 207.4059 0.0000 38.4536 114.8404 192.6320 134.7124 62.3761 149.1081 96.1711 149.6393 0.0406 94.7114 84.9648 41.1787 147.6533
117.5042 109.6421 147.8262 41.9967 38.4536 0.0000 196.9411 203.8985 135.3449 39.6631 100.7815 84.9519 173.8655 66.3002 212.1882 97.8982 122.8539 34.6782
96.5563 39.0224 10.9027 153.4448 114.8404 196.9411 0.0000 3.4440 188.7159 114.4908 67.6275 167.6651 36.7733 122.9412 56.6080 203.2693 102.1424 141.1834
62.7489 86.8669 130.4939 100.1101 192.6320 203.8985 3.4440 0.0000 144.4060 47.8006 164.1487 113.0317 88.5745 85.0660 84.4812 205.9865 105.6373 155.4792
57.6604 133.1403 229.6462 186.7072 134.7124 135.3449 188.7159 144.4060 0.0000 119.1513 105.4303 147.0255 42.2588 59.7557 64.9425 52.5743 0.2246 96.2339
133.4911 176.2934 115.7592 111.3917 62.3761 39.6631 114.4908 47.8006 119.1513 0.0000 109.5739 54.7915 10.1744 47.7401 159.5121 62.2538 96.8478 41.6754
80.4540 66.0778 102.1273 150.6085 149.1081 100.7815 67.6275 164.1487 105.4303 109.5739 0.0000 116.9333 103.2130 160.9883 92.5616 61.4739 6.5895 115.2696
150.0275 49.2095 36.1291 91.2557 96.1711 84.9519 167.6651 113.0317 147.0255 54.7915 116.9333 0.0000 127.5848 40.3451 182.3819 69.7358 186.5011 90.0840
53.6991 220.5259 58.7497 39.8520 149.6393 173.8655 36.7733 88.5745 42.2588 10.1744 103.2130 127.5848 0.0000 139.4392 36.2686 37.9719 132.6711 144.2734
13.9477 202.2332 104.8771 182.7654 0.0406 66.3002 122.9412 85.0660 59.7557 47.7401 160.9883 40.3451 139.4392 0.0000 98.5545 220.6377 60.1093 68.3085
31.4069 95.5824 82.1073 128.2610 94.7114 212.1882 56.6080 84.4812 64.9425 159.5121 92.5616 182.3819 36.2686 98.5545 0.0000 34.6460 152.4442 123.2248
69.9021 161.9296 161.2888 119.5478 84.9648 97.8982 203.2693 205.9865 52.5743 62.2538 61.4739 69.7358 37.9719 220.6377 34.6460 0.0000 99.8898 36.9441
113.9071 124.6684 71.8857 48.3433 41.1787 122.8539 102.1424 105.6373 0.2246 96.8478 6.5895 186.5011 132.6711 60.1093 152.4442 99.8898 0.0000 27.2169
177.7366 89.5436 48.5828 115.3636 147.6533 34.6782 141.1834 155.4792 96.2339 41.6754 115.2696 90.0840 144.2734 68.3085 123.2248 36.9441 27.2169 0.0000
