25
0.0000 60.1383 43.3287 133.4941 28.6188 132.0276 71.7576 200.4215 163.3762 138.6363 106.4692 141.6058 51.9385 44.7782 117.6751 49.5056 158.9684 92.4536 96.6535 86.0677 109.9669 44.9281 152.7909 150.0965 212.2027
60.1383 0.0000 67.7352 30.6229 113.5436 158.6501 149.5239 155.2359 128.1849 147.1663 59.2928 176.2626 185.3615 106.3846 15.5225 120.9082 82.7606 84.7422 143.6221 51.1519 161.6947 51.2240 40.7173 184.2474 123.8165
43.3287 67.7352 0.0000 131.2976 226.6030 102.8884 36.6809 62.0269 55.3331 75.4307 26.6404 169.4722 168.2948 83.0573 132.4143 123.3547 259.7067 51.4249 39.4687 117.8879 146.4643 41.1835 66.5611 29.6976 149.1768
133.4941 30.6229 131.2976 0.0000 81.7965 104.4317 199.6581 136.1555 55.3827 96.0730 101.9967 12.0466 46.4494 82.7252 17.4697 29.7632 155.4933 105.9911 66.1009 243.0791 182.7915 21.2046 31.2672 108.4325 106.4057
28.6188 113.5436 226.6030 81.7965 0.0000 43.3337 79.1817 118.5838 99.2254 216.7468 208.3167 68.8117 156.1680 112.5858 172.5911 90.2231 29.0505 160.5254 131.8551 183.8240 16.5469 89.7183 134.6635 54.3452 162.5279
132.0276 158.6501 102.8884 104.4317 43.3337 0.0000 138.0726 144.7075 107.1337 135.5976 78.6208 42.0405 147.6500 78.7195 133.4318 134.3623 88.3484 206.0114 161.6635 96.0377 98.8867 54.7992 70.0655 93.9046 83.6977
71.7576 149.5239 36.6809 199.6581 79.1817 138.0726 0.0000 96.4694 33.8865 84.6592 59.9374 67.4180 183.0878 93.0738 68.0796 42.3794 93.1521 114.8771 56.2223 183.4407 210.5790 103.3633 100.4883 60.4678 230.3854
200.4215 155.2359 62.0269 136.1555 118.5838 144.7075 96.4694 0.0000 188.3777 182.0126 114.8577 82.6397 160.0723 177.5023 42.6804 91.8442 49.8908 190.3912 86.5726 69.7587 63.6593 133.6961 108.3949 98.3442 197.8405
163.3762 128.1849 55.3331 55.3827 99.2254 107.1337 33.8865 188.3777 0.0000 15.6093 193.3978 110.8750 137.9722 63.7399 286.9929 137.5863 131.2411 114.7685 78.8073 103.8082 108.7872 52.9099 76.1184 33.0524 149.7450
138.6363 147.1663 75.4307 96.0730 216.7468 135.5976 84.6592 182.0126 15.6093 0.0000 196.3438 75.0492 153.7581 38.6389 55.8304 50.1210 73.4326 63.3675 13.6241 143.8667 107.3605 125.7335 60.5597 54.9368 137.2798
106.4692 59.2928 26.6404 101.9967 208.3167 78.6208 59.9374 114.8577 193.3978 196.3438 0.0000 168.3539 150.8544 141.6093 121.9041 67.6884 93.6062 130.7897 83.4748 141.1133 26.6785 33.0832 45.3424 72.9300 21.9532
141.6058 176.2626 169.4722 12.0466 68.8117 42.0405 67.4180 82.6397 110.8750 75.0492 168.3539 0.0000 73.9270 204.1494 19.2519 106.5402 53.3358 51.0355 178.6756 128.5697 94.8525 162.5662 68.3265 25.4324 0.1090
51.9385 185.3615 168.2948 46.4494 156.1680 147.6500 183.0878 160.0723 137.9722 153.7581 150.8544 73.9270 0.0000 60.1389 94.3586 63.6749 50.6958 91.1523 75.2833 130.2361 75.5157 99.8979 113.7613 69.1538 118.0784
44.7782 106.3846 83.0573 82.7252 112.5858 78.7195 93.0738 177.5023 63.7399 38.6389 141.6093 204.1494 60.1389 0.0000 83.4006 76.1366 34.2933 128.8065 90.9031 86.3816 225.2219 103.8041 153.0106 154.4430 44.8259
117.6751 15.5225 132.4143 17.4697 172.5911 133.4318 68.0796 42.6804 286.9929 55.8304 121.9041 19.2519 94.3586 83.4006 0.0000 115.4187 186.1541 82.0051 35.1170 175.7845 84.3442 108.1464 180.9579 156.2896 97.8347
49.5056 120.9082 123.3547 29.7632 90.2231 134.3623 42.3794 91.8442 137.5863 50.1210 67.6884 106.5402 63.6749 76.1366 115.4187 0.0000 39.4216 140.3165 139.7248 28.6960 96.2456 30.3013 189.0725 100.4421 115.5896
158.9684 82.7606 259.7067 155.4933 29.0505 88.3484 93.1521 49.8908 131.2411 73.4326 93.6062 53.3358 50.6958 34.2933 186.1541 39.4216 0.0000 159.5207 62.4657 162.2641 174.9719 80.2521 138.7382 165.9329 25.3101
92.4536 84.7422 51.4249 105.9911 160.5254 206.0114 114.8771 190.3912 114.7685 63.3675 130.7897 51.0355 91.1523 128.8065 82.0051 140.3165 159.5207 0.0000 214.0471 187.6285 185.7531 165.1569 51.6076 112.7285 119.6173
96.6535 143.6221 39.4687 66.1009 131.8551 161.6635 56.2223 86.5726 78.8073 13.6241 83.4748 178.6756 75.2833 90.9031 35.1170 139.7248 62.4657 214.0471 0.0000 33.7614 5.9420 74.4124 81.7328 137.3541 32.3588
86.0677 51.1519 117.8879 243.0791 183.8240 96.0377 183.4407 69.7587 103.8082 143.8667 141.1133 128.5697 130.2361 86.3816 175.7845 28.6960 162.2641 187.6285 33.7614 0.0000 29.4782 122.2319 125.3793 134.5866 171.2855
109.9669 161.6947 146.4643 182.7915 16.5469 98.8867 210.5790 63.6593 108.7872 107.3605 26.6785 94.8525 75.5157 225.2219 84.3442 96.2456 174.9719 185.7531 5.9420 29.4782 0.0000 62.3333 95.1265 127.6985 221.3934
44.9281 51.2240 41.1835 21.2046 89.7183 54.7992 103.3633 133.6961 52.9099 125.7335 33.0832 162.5662 99.8979 103.8041 108.1464 30.3013 80.2521 165.1569 74.4124 122.2319 62.3333 0.0000 45.0223 101.2858 154.6932
152.7909 40.7173 66.5611 31.2672 134.6635 70.0655 100.4883 108.3949 76.1184 60.5597 45.3424 68.3265 113.7613 153.0106 180.9579 189.0725 138.7382 51.6076 81.7328 125.3793 95.1265 45.0223 0.0000 60.6803 100.1120
150.0965 184.2474 29.6976 108.4325 54.3452 93.9046 60.4678 98.3442 33.0524 54.9368 72.9300 25.4324 69.1538 154.4430 156.2896 100.4421 165.9329 112.7285 137.3541 134.5866 127.6985 101.2858 60.6803 0.0000 135.1770
212.2027 123.8165 149.1768 106.4057 162.5279 83.6977 230.3854 197.8405 149.7450 137.2798 21.9532 0.1090 118.0784 44.8259 97.8347 115.5896 25.3101 119.6173 32.3588 171.2855 221.3934 154.6932 100.1120 135.1770 0.0000
