17
0.0000 89.2811 108.1336 35.9331 122.4568 90.4245 128.7282 110.4987 102.7556 22.4165 144.4475 61.3734 85.9048 43.2576 70.3660 101.1145 164.9357
89.2811 0.0000 137.9498 28.9249 47.1425 146.4903 132.1086 191.1866 93.4878 31.9938 112.7719 110.9352 15.8122 119.7484 142.5959 29.3513 68.2400
108.1336 137.9498 0.0000 94.1564 97.2204 136.1631 178.0959 54.7869 62.4208 107.6369 8.3857 100.0125 59.7475 100.6030 72.7862 180.9238 84.1936
35.9331 28.9249 94.1564 0.0000 212.4848 4.7219 201.6186 146.7687 76.0404 89.2518 144.5261 200.1364 52.5293 136.0962 93.2752 82.3869 131.1369
122.4568 47.1425 97.2204 212.4848 0.0000 78.4933 80.9279 159.5339 99.1304 177.2551 115.5410 147.6924 37.0119 131.6469 42.8588 174.2996 26.9635
90.4245 146.4903 136.1631 4.7219 78.4933 0.0000 17.2440 68.6148 62.2011 57.0324 42.5663 30.9896 85.5678 131.2874 163.9696 159.4377 20.9544
128.7282 132.1086 178.0959 201.6186 80.9279 17.2440 0.0000 106.8608 76.7520 113.2676 251.6972 156.3827 98.3782 136.7722 182.2104 66.3481 42.8519
110.4987 191.1866 54.7869 146.7687 159.5339 68.6148 106.8608 0.0000 130.9260 71.4207 109.6306 116.6789 155.1734 32.1137 132.1779 120.9942 129.5115
102.7556 93.4878 62.4208 76.0404 99.1304 62.2011 76.7520 130.9260 0.0000 61.3419 27.6343 50.3983 140.8277 36.7645 102.8626 176.4573 27.5797
22.4165 31.9938 107.6369 89.2518 177.2551 57.0324 113.2676 71.4207 61.3419 0.0000 110.1057 13.1894 76.7902 53.4513 43.7115 68.4241 61.3155
144.4475 112.7719 8.3857 144.5261 115.5410 42.5663 251.6972 109.6306 27.6343 110.1057 0.0000 124.0492 81.4353 76.1011 139.3265 113.6129 64.5513
61.3734 110.9352 100.0125 200.1364 147.6924 30.9896 156.3827 116.6789 50.3983 13.1894 124.0492 0.0000 23.9249 17.0722 81.1543 114.9387 62.7627
85.9048 15.8122 59.7475 52.5293 37.0119 85.5678 98.3782 155.1734 140.8277 76.7902 81.4353 23.9249 0.0000 190.1011 128.2679 115.0772 179.9456
43.2576 119.7484 100.6030 136.0962 131.6469 131.2874 136.7722 32.1137 36.7645 53.4513 76.1011 17.0722 190.1011 0.0000 224.9013 111.7435 153.7145
70.3660 142.5959 72.7862 93.2752 42.8588 163.9696 182.2104 132.1779 102.8626 43.7115 139.3265 81.1543 128.2679 224.9013 0.0000 58.9114 96.5603
101.1145 29.3513 180.9238 82.3869 174.2996 159.4377 66.3481 120.9942 176.4573 68.4241 113.6129 114.9387 115.0772 111.7435 58.9114 0.0000 126.5550
164.9357 68.2400 84.1936 131.1369 26.9635 20.9544 42.8519 129.5115 27.5797 61.3155 64.5513 62.7627 179.9456 153.7145 96.5603 126.5550 0.0000
