17
0.0000 49.1963 54.5924 120.9856 77.4826 55.4989 119.5097 157.5370 97.5757 180.7271 122.7192 141.5427 99.9417 83.2820 59.1106 65.5828 118.6828
49.1963 0.0000 90.7738 54.1154 123.5390 29.4609 98.9623 165.6326 220.7394 39.4671 113.6270 104.6838 175.9380 136.5361 69.8151 135.0874 173.3230
54.5924 90.7738 0.0000 158.9807 126.2922 111.2475 63.3181 25.9374 43.1702 146.0004 51.8705 216.7458 118.1776 131.9738 130.5402 39.8571 103.0069
120.9856 54.1154 158.9807 0.0000 107.0700 116.8946 76.3248 57.0227 105.2894 134.8355 151.9474 38.9526 91.4977 225.6724 166.3987 82.8579 94.7084
77.4826 123.5390 126.2922 107.0700 0.0000 132.1715 187.1761 0.2571 106.8149 110.2769 99.1001 32.7166 113.9972 12.7109 57.1109 125.3731 127.3583
55.4989 29.4609 111.2475 116.8946 132.1715 0.0000 55.5849 19.9422 82.4430 176.7991 102.2831 6.2319 40.2263 132.4651 243.9069 70.5620 105.8947
119.5097 98.9623 63.3181 76.3248 187.1761 55.5849 0.0000 76.5920 57.7909 144.5008 60.4816 13.3495 221.3225 69.3266 127.0978 92.9994 81.8551
157.5370 165.6326 25.9374 57.0227 0.2571 19.9422 76.5920 0.0000 149.9001 173.4425 164.5138 68.6099 103.7986 126.1811 93.5923 107.5966 148.8388
97.5757 220.7394 43.1702 105.2894 106.8149 82.4430 57.7909 149.9001 0.0000 133.0982 160.4307 180.7478 56.5439 61.9890 91.4150 100.3260 140.7892
180.7271 39.4671 146.0004 134.8355 110.2769 176.7991 144.5008 173.4425 133.0982 0.0000 173.3930 64.9381 28.8555 160.5784 86.5197 84.5260 132.2565
122.7192 113.6270 51.8705 151.9474 99.1001 102.2831 60.4816 164.5138 160.4307 173.3930 0.0000 48.9354 193.0172 92.9182 175.3612 92.9558 105.4717
141.5427 104.6838 216.7458 38.9526 32.7166 6.2319 13.3495 68.6099 180.7478 64.9381 48.9354 0.0000 123.2834 96.2570 50.3933 56.1281 192.5065
99.9417 175.9380 118.1776 91.4977 113.9972 40.2263 221.3225 103.7986 56.5439 28.8555 193.0172 123.2834 0.0000 47.2686 140.7528 93.8518 117.9031
83.2820 136.5361 131.9738 225.6724 12.7109 132.4651 69.3266 126.1811 61.9890 160.5784 92.9182 96.2570 47.2686 0.0000 135.8365 155.7502 205.9548
59.1106 69.8151 130.5402 166.3987 57.1109 243.9069 127.0978 93.5923 91.4150 86.5197 175.3612 50.3933 140.7528 135.8365 0.0000 25.2840 102.7117
65.5828 135.0874 39.8571 82.8579 125.3731 70.5620 92.9994 107.5966 100.3260 84.5260 92.9558 56.1281 93.8518 155.7502 25.2840 0.0000 102.2713
118.6828 173.3230 103.0069 94.7084 127.3583 105.8947 81.8551 148.8388 140.7892 132.2565 105.4717 192.5065 117.9031 205.9548 102.7117 102.2713 0.0000
