17
0.0000 72.5829 136.9047 8.3967 183.9660 128.7986 30.1477 207.3372 157.0520 144.1996 113.2093 55.7863 89.1011 23.9337 88.0594 20.2439 148.5197
72.5829 0.0000 42.3194 123.0553 76.3949 147.1986 54.8248 122.7739 160.7510 54.9328 88.8991 133.3189 115.4781 89.8850 148.4216 47.2857 170.5284
136.9047 42.3194 0.0000 130.2802 42.8418 147.2829 117.0735 138.1120 239.5637 168.6469 89.6848 66.3831 84.5060 95.8815 107.0028 105.6283 63.2719
8.3967 123.0553 130.2802 0.0000 85.2997 101.1182 62.8542 59.5775 45.8904 92.7830 248.9223 66.3447 101.3181 163.8061 188.7142 258.9299 123.4527
183.9660 76.3949 42.8418 85.2997 0.0000 107.1266 86.2182 161.4855 49.0677 93.1871 98.5292 125.2758 163.9168 84.1931 98.2872 90.7886 31.6640
128.7986 147.1986 147.2829 101.1182 107.1266 0.0000 54.5516 228.6704 140.0937 128.6271 180.0276 106.3840 60.0179 75.8505 125.3289 101.0432 17.1568
30.1477 54.8248 117.0735 62.8542 86.2182 54.5516 0.0000 85.4418 157.9025 101.5129 38.2875 36.6583 206.2728 146.8644 93.5208 47.5074 28.5585
207.3372 122.7739 138.1120 59.5775 161.4855 228.6704 85.4418 0.0000 103.6324 124.7501 148.0650 199.7634 91.2284 131.5787 73.8805 80.0636 64.8326
157.0520 160.7510 239.5637 45.8904 49.0677 140.0937 157.9025 103.6324 0.0000 117.1899 81.5181 22.1258 132.9102 52.7817 114.9447 3.2814 114.5587
144.1996 54.9328 168.6469 92.7830 93.1871 128.6271 101.5129 124.7501 117.1899 0.0000 135.7544 76.2936 78.4150 136.9422 119.3821 90.3523 82.2090
113.2093 88.8991 89.6848 248.9223 98.5292 180.0276 38.2875 148.0650 81.5181 135.7544 0.0000 67.6673 51.0560 40.5598 116.3854 63.8710 88.6302
55.7863 133.3189 66.3831 66.3447 125.2758 106.3840 36.6583 199.7634 22.1258 76.2936 67.6673 0.0000 61.1271 62.6157 1.7535 12.9194 162.2135
89.1011 115.4781 84.5060 101.3181 163.9168 60.0179 206.2728 91.2284 132.9102 78.4150 51.0560 61.1271 0.0000 197.6923 88.7042 184.5437 156.6688
23.9337 89.8850 95.8815 163.8061 84.1931 75.8505 146.8644 131.5787 52.7817 136.9422 40.5598 62.6157 197.6923 0.0000 61.4351 16.6760 142.3171
88.0594 148.4216 107.0028 188.7142 98.2872 125.3289 93.5208 73.8805 114.9447 119.3821 116.3854 1.7535 88.7042 61.4351 0.0000 141.4524 117.9646
20.2439 47.2857 105.6283 258.9299 90.7886 101.0432 47.5074 80.0636 3.2814 90.3523 63.8710 12.9194 184.5437 16.6760 141.4524 0.0000 178.1014
148.5197 170.5284 63.2719 123.4527 31.6640 17.1568 28.5585 64.8326 114.5587 82.2090 88.6302 162.2135 156.6688 142.3171 117.9646 178.1014 0.0000
