17
0.0000 113.9319 97.6704 119.7805 127.1928 128.8531 137.6607 24.5247 75.9630 132.5923 148.5233 129.8282 175.1932 71.5474 143.0796 179.7370 126.3065
113.9319 0.0000 170.1096 75.8870 53.6871 11.6702 58.1356 25.6634 169.4760 64.5384 9.0670 203.0992 39.4351 184.0579 122.4660 131.2831 66.2683
97.6704 170.1096 0.0000 170.6416 204.1882 15.7945 159.6232 176.5709 27.5819 102.1715 137.0154 123.0938 176.6712 38.1516 38.8381 185.2739 109.7648
119.7805 75.8870 170.6416 0.0000 107.8189 26.8951 130.2328 154.8934 40.3086 17.4231 119.0078 117.5085 133.4807 88.3200 48.1944 17.8828 102.0511
127.1928 53.6871 204.1882 107.8189 0.0000 158.0618 66.6842 104.7519 180.2256 158.0903 110.6695 161.4366 225.0941 178.2968 107.1141 120.2095 81.1454
128.8531 11.6702 15.7945 26.8951 158.0618 0.0000 40.3880 103.4827 147.1999 69.7968 39.5026 137.1408 172.9901 21.9275 67.0670 98.0863 7.3269
137.6607 58.1356 159.6232 130.2328 66.6842 40.3880 0.0000 136.5305 68.6722 92.5792 88.3029 119.0917 77.8283 127.8542 108.9532 165.1810 90.8914
24.5247 25.6634 176.5709 154.8934 104.7519 103.4827 136.5305 0.0000 88.9774 78.3992 5.3687 24.2755 137.7532 71.2741 23.4093 98.9324 130.7336
75.9630 169.4760 27.5819 40.3086 180.2256 147.1999 68.6722 88.9774 0.0000 137.1758 54.4312 99.3943 75.8232 155.8911 49.3309 18.6816 52.2808
132.5923 64.5384 102.1715 17.4231 158.0903 69.7968 92.5792 78.3992 137.1758 0.0000 1.9561 41.6634 68.8662 15.9061 4.7304 78.0491 40.2877
148.5233 9.0670 137.0154 119.0078 110.6695 39.5026 88.3029 5.3687 54.4312 1.9561 0.0000 111.4388 50.3236 121.9477 88.4305 66.5288 131.4312
129.8282 203.0992 123.0938 117.5085 161.4366 137.1408 119.0917 24.2755 99.3943 41.6634 111.4388 0.0000 45.7080 108.9849 180.4852 69.9723 154.4682
175.1932 39.4351 176.6712 133.4807 225.0941 172.9901 77.8283 137.7532 75.8232 68.8662 50.3236 45.7080 0.0000 192.3182 95.3010 164.9852 96.2106
71.5474 184.0579 38.1516 88.3200 178.2968 21.9275 127.8542 71.2741 155.8911 15.9061 121.9477 108.9849 192.3182 0.0000 156.9011 4.9275 104.1891
143.0796 122.4660 38.8381 48.1944 107.1141 67.0670 108.9532 23.4093 49.3309 4.7304 88.4305 180.4852 95.3010 156.9011 0.0000 121.6791 183.0669
179.7370 131.2831 185.2739 17.8828 120.2095 98.0863 165.1810 98.9324 18.6816 78.0491 66.5288 69.9723 164.9852 4.9275 121.6791 0.0000 102.4547
126.3065 66.2683 109.7648 102.0511 81.1454 7.3269 90.8914 130.7336 52.2808 40.2877 131.4312 154.4682 96.2106 104.1891 183.0669 102.4547 0.0000
