17
0.0000 117.0724 37.4524 62.1962 122.1334 185.2205 88.7733 31.9335 148.9806 103.3099 30.4490 131.8401 68.9954 52.3592 76.8136 174.9012 276.4665
117.0724 0.0000 111.6506 111.3505 146.6861 80.2986 207.8396 125.0328 105.9489 66.9438 40.5397 100.3179 165.6902 153.2028 12.8977 112.4270 33.1600
37.4524 111.6506 0.0000 74.5210 141.9829 180.9005 72.6964 90.0867 232.1438 149.8157 126.6345 100.9245 30.8755 83.7952 47.5606 84.6672 33.8331
62.1962 111.3505 74.5210 0.0000 40.0992 184.7537 165.7714 91.7094 125.3615 53.4338 129.8141 88.2830 51.1178 239.3056 28.6472 72.4265 94.7053
122.1334 146.6861 141.9829 40.0992 0.0000 58.8104 106.5902 96.7336 85.0328 80.3705 140.2380 94.7397 122.4346 176.2568 118.5157 129.1210 167.4144
185.2205 80.2986 180.9005 184.7537 58.8104 0.0000 80.6728 171.5354 145.1415 183.6870 84.1695 19.9359 110.6577 94.9807 8.8672 119.0517 160.7012
88.7733 207.8396 72.6964 165.7714 106.5902 80.6728 0.0000 52.0518 97.4548 26.7538 59.5579 60.0256 155.9685 132.1528 235.5265 171.0537 137.3190
31.9335 125.0328 90.0867 91.7094 96.7336 171.5354 52.0518 0.0000 75.6527 187.8589 154.9361 21.4011 141.6185 33.2638 105.5223 86.3860 152.8013
148.9806 105.9489 232.1438 125.3615 85.0328 145.1415 97.4548 75.6527 0.0000 73.6590 62.0961 64.5128 80.4633 45.7748 156.4208 157.9078 167.5349
103.3099 66.9438 149.8157 53.4338 80.3705 183.6870 26.7538 187.8589 73.6590 0.0000 94.2030 110.8550 200.0072 13.7840 87.6615 109.4060 99.4443
30.4490 40.5397 126.6345 129.8141 140.2380 84.1695 59.5579 154.9361 62.0961 94.2030 0.0000 184.9578 58.9578 197.4772 31.2338 125.2468 93.1502
131.8401 100.3179 100.9245 88.2830 94.7397 19.9359 60.0256 21.4011 64.5128 110.8550 184.9578 0.0000 111.8135 164.6618 53.1932 56.0861 47.4878
68.9954 165.6902 30.8755 51.1178 122.4346 110.6577 155.9685 141.6185 80.4633 200.0072 58.9578 111.8135 0.0000 131.1466 81.0328 104.9928 68.3000
52.3592 153.2028 83.7952 239.3056 176.2568 94.9807 132.1528 33.2638 45.7748 13.7840 197.4772 164.6618 131.1466 0.0000 157.4296 121.6193 105.3374
76.8136 12.8977 47.5606 28.6472 118.5157 8.8672 235.5265 105.5223 156.4208 87.6615 31.2338 53.1932 81.0328 157.4296 0.0000 17.5344 151.2678
174.9012 112.4270 84.6672 72.4265 129.1210 119.0517 171.0537 86.3860 157.9078 109.4060 125.2468 56.0861 104.9928 121.6193 17.5344 0.0000 280.2653
276.4665 33.1600 33.8331 94.7053 167.4144 160.7012 137.3190 152.8013 167.5349 99.4443 93.1502 47.4878 68.3000 105.3374 151.2678 280.2653 0.0000
