17
0.0000 67.6686 108.2609 45.0069 138.4135 187.0273 71.8108 128.5287 162.7122 17.1656 189.2436 72.2979 35.7571 104.7982 189.7693 33.9298 184.2827
67.6686 0.0000 72.1165 150.5637 67.3978 171.1699 148.4020 26.8688 53.5098 67.0384 171.6291 174.9278 50.6403 183.6479 221.7978 52.7098 77.3717
108.2609 72.1165 0.0000 26.2836 94.0229 89.4948 1.3938 166.4558 129.8935 213.0156 54.7000 52.7987 132.1512 192.0466 191.0376 37.4140 151.7115
45.0069 150.5637 26.2836 0.0000 18.1742 122.9282 40.2203 141.7452 114.3003 84.2054 85.2496 62.4471 53.7325 155.4228 130.6655 67.5272 149.2543
138.4135 67.3978 94.0229 18.1742 0.0000 35.0318 73.5669 88.1932 66.2582 136.8819 124.7937 58.2294 2.9941 53.6645 98.2246 161.0138 120.6472
187.0273 171.1699 89.4948 122.9282 35.0318 0.0000 73.0089 64.1211 132.4322 65.0981 71.1444 95.7600 129.4791 143.7823 133.5902 174.2443 59.9289
71.8108 148.4020 1.3938 40.2203 73.5669 73.0089 0.0000 73.9454 23.1816 150.8303 111.9695 62.3014 10.9288 134.1032 76.2183 85.0539 94.1150
128.5287 26.8688 166.4558 141.7452 88.1932 64.1211 73.9454 0.0000 75.7775 169.3808 44.0652 47.3728 98.5605 44.9476 14.2154 80.6675 33.2441
162.7122 53.5098 129.8935 114.3003 66.2582 132.4322 23.1816 75.7775 0.0000 150.7653 162.3265 140.2899 124.0882 61.9957 103.5888 208.2531 154.7726
17.1656 67.0384 213.0156 84.2054 136.8819 65.0981 150.8303 169.3808 150.7653 0.0000 162.0276 202.2806 36.6344 10.5644 96.8930 111.2096 91.1134
189.2436 171.6291 54.7000 85.2496 124.7937 71.1444 111.9695 44.0652 162.3265 162.0276 0.0000 137.0291 177.9083 86.2355 150.2696 147.5363 100.6765
72.2979 174.9278 52.7987 62.4471 58.2294 95.7600 62.3014 47.3728 140.2899 202.2806 137.0291 0.0000 123.5734 95.8272 21.5260 149.6378 98.2496
35.7571 50.6403 132.1512 53.7325 2.9941 129.4791 10.9288 98.5605 124.0882 36.6344 177.9083 123.5734 0.0000 114.3490 20.6449 68.7882 173.2921
104.7982 183.6479 192.0466 155.4228 53.6645 143.7823 134.1032 44.9476 61.9957 10.5644 86.2355 95.8272 114.3490 0.0000 39.4980 33.0871 147.4222
189.7693 221.7978 191.0376 130.6655 98.2246 133.5902 76.2183 14.2154 103.5888 96.8930 150.2696 21.5260 20.6449 39.4980 0.0000 120.3666 111.1590
33.9298 52.7098 37.4140 67.5272 161.0138 174.2443 85.0539 80.6675 208.2531 111.2096 147.5363 149.6378 68.7882 33.0871 120.3666 0.0000 90.7759
184.2827 77.3717 151.7115 149.2543 120.6472 59.9289 94.1150 33.2441 154.7726 91.1134 100.6765 98.2496 173.2921 147.4222 111.1590 90.7759 0.0000
