17
0.0000 3.2653 53.8110 118.7496 160.4431 93.4054 75.1526 79.4576 158.0299 204.7102 85.3515 59.6055 57.2972 166.2980 49.9766 61.9919 219.1571
3.2653 0.0000 7.9255 86.3352 49.7067 118.3343 176.3696 127.2700 69.6471 152.1267 87.2097 147.2722 98.1850 70.1022 113.5525 13.5331 85.8090
53.8110 7.9255 0.0000 22.3100 42.6447 62.0771 136.5310 200.1612 215.7958 97.9268 77.8119 139.6771 220.1487 62.3491 87.4634 153.9613 73.4679
118.7496 86.3352 22.3100 0.0000 39.5990 132.5121 19.5777 125.0097 101.4354 46.0431 140.1399 69.4342 134.9042 135.2662 42.9912 33.5083 175.4230
160.4431 49.7067 42.6447 39.5990 0.0000 139.8948 120.1944 96.7783 44.4340 170.0440 104.1841 77.4823 166.1880 146.7751 209.4624 216.1751 85.1728
93.4054 118.3343 62.0771 132.5121 139.8948 0.0000 132.2970 194.8176 65.2610 105.7715 95.7345 125.4295 52.2877 50.6291 19.2172 149.0571 129.1122
75.1526 176.3696 136.5310 19.5777 120.1944 132.2970 0.0000 148.9235 35.3085 126.2185 122.0743 147.4080 175.0017 80.9364 289.6161 126.0330 67.1572
79.4576 127.2700 200.1612 125.0097 96.7783 194.8176 148.9235 0.0000 83.9071 120.8361 126.0877 179.0634 69.9699 86.2858 225.4472 133.3451 142.7851
158.0299 69.6471 215.7958 101.4354 44.4340 65.2610 35.3085 83.9071 0.0000 58.2156 15.3915 79.0269 57.9335 53.8552 121.5429 102.2332 30.4056
204.7102 152.1267 97.9268 46.0431 170.0440 105.7715 126.2185 120.8361 58.2156 0.0000 81.4656 12.0809 144.5480 45.2059 60.7584 116.2314 136.6632
85.3515 87.2097 77.8119 140.1399 104.1841 95.7345 122.0743 126.0877 15.3915 81.4656 0.0000 117.3213 91.0617 67.4396 66.9409 79.4172 69.7774
59.6055 147.2722 139.6771 69.4342 77.4823 125.4295 147.4080 179.0634 79.0269 12.0809 117.3213 0.0000 56.9412 53.2342 26.3005 91.9885 37.9786
57.2972 98.1850 220.1487 134.9042 166.1880 52.2877 175.0017 69.9699 57.9335 144.5480 91.0617 56.9412 0.0000 183.5703 40.1708 35.3015 20.7679
166.2980 70.1022 62.3491 135.2662 146.7751 50.6291 80.9364 86.2858 53.8552 45.2059 67.4396 53.2342 183.5703 0.0000 173.3758 124.7669 163.6758
49.9766 113.5525 87.4634 42.9912 209.4624 19.2172 289.6161 225.4472 121.5429 60.7584 66.9409 26.3005 40.1708 173.3758 0.0000 87.9311 20.4938
61.9919 13.5331 153.9613 33.5083 216.1751 149.0571 126.0330 133.3451 102.2332 116.2314 79.4172 91.9885 35.3015 124.7669 87.9311 0.0000 101.6732
219.1571 85.8090 73.4679 175.4230 85.1728 129.1122 67.1572 142.7851 30.4056 136.6632 69.7774 37.9786 20.7679 163.6758 20.4938 101.6732 0.0000
