17
0.0000 112.6989 110.1881 130.0962 92.7907 92.4436 199.2187 172.4646 112.3378 130.9963 59.4963 63.0640 129.0212 107.1535 66.1595 131.6061 193.3180
112.6989 0.0000 71.9691 133.8950 61.9875 104.8401 85.1377 110.3036 136.3679 31.8873 176.5038 139.4796 150.8331 108.0193 98.0274 99.8781 44.6090
110.1881 71.9691 0.0000 101.3243 145.7734 108.5351 227.6252 105.4674 78.9350 81.6577 196.5646 71.5812 26.6923 114.4075 120.6440 195.7230 104.8319
130.0962 133.8950 101.3243 0.0000 118.1669 48.1908 111.1748 96.5701 111.6763 146.2361 180.6383 47.9146 130.2797 90.9876 113.2475 44.5278 72.6682
92.7907 61.9875 145.7734 118.1669 0.0000 61.5708 76.4314 191.2682 26.2601 94.4995 88.8438 79.6720 138.3998 8.2230 124.8180 120.1042 156.6474
92.4436 104.8401 108.5351 48.1908 61.5708 0.0000 159.9382 85.6145 147.4587 203.8533 31.7690 117.5907 99.6247 109.3941 162.7288 39.1377 88.9810
199.2187 85.1377 227.6252 111.1748 76.4314 159.9382 0.0000 146.9665 18.4873 10.5760 107.7507 67.8558 73.1702 211.8763 117.7408 68.4436 124.8383
172.4646 110.3036 105.4674 96.5701 191.2682 85.6145 146.9665 0.0000 128.6920 44.0763 76.4835 114.2272 162.7558 106.2434 88.3175 42.7508 81.3232
112.3378 136.3679 78.9350 111.6763 26.2601 147.4587 18.4873 128.6920 0.0000 38.7278 15.7338 87.5036 58.2945 45.8033 256.5055 44.0356 69.2142
130.9963 31.8873 81.6577 146.2361 94.4995 203.8533 10.5760 44.0763 38.7278 0.0000 62.3160 180.2977 136.9505 52.2928 24.4505 121.9447 61.5397
59.4963 176.5038 196.5646 180.6383 88.8438 31.7690 107.7507 76.4835 15.7338 62.3160 0.0000 71.7192 85.5620 133.9732 149.8603 141.1127 163.5885
63.0640 139.4796 71.5812 47.9146 79.6720 117.5907 67.8558 114.2272 87.5036 180.2977 71.7192 0.0000 246.2394 71.0569 200.7415 80.5652 90.2101
129.0212 150.8331 26.6923 130.2797 138.3998 99.6247 73.1702 162.7558 58.2945 136.9505 85.5620 246.2394 0.0000 226.3340 134.5300 41.0795 149.6281
107.1535 108.0193 114.4075 90.9876 8.2230 109.3941 211.8763 106.2434 45.8033 52.2928 133.9732 71.0569 226.3340 0.0000 123.0730 102.4104 155.8001
66.1595 98.0274 120.6440 113.2475 124.8180 162.7288 117.7408 88.3175 256.5055 24.4505 149.8603 200.7415 134.5300 123.0730 0.0000 115.9697 62.9825
131.6061 99.8781 195.7230 44.5278 120.1042 39.1377 68.4436 42.7508 44.0356 121.9447 141.1127 80.5652 41.0795 102.4104 115.9697 0.0000 139.8937
193.3180 44.6090 104.8319 72.6682 156.6474 88.9810 124.8383 81.3232 69.2142 61.5397 163.5885 90.2101 149.6281 155.8001 62.9825 139.8937 0.0000
