17
0.0000 82.2030 135.8768 140.2099 79.9091 73.2132 128.7890 150.6705 117.4347 144.8557 72.5789 113.2275 178.5314 77.7762 62.0103 46.6455 118.4269
82.2030 0.0000 108.6668 106.9805 70.2751 54.4604 170.4398 98.9764 34.7885 20.8891 126.7404 138.9642 167.9136 52.0676 108.1718 58.5966 157.7905
135.8768 108.6668 0.0000 106.5461 74.1627 77.4637 62.6247 34.8823 158.5441 179.6264 187.7126 47.9117 108.5050 10.0459 154.3306 132.2235 94.4417
140.2099 106.9805 106.5461 0.0000 47.5159 105.9595 70.5076 72.7058 82.9777 14.5309 141.7124 148.7330 176.2343 197.3718 82.7843 39.6321 73.8162
79.9091 70.2751 74.1627 47.5159 0.0000 25.5325 123.7058 66.6084 108.2881 158.4503 74.4389 129.2468 130.1558 59.4769 68.7232 53.4330 70.8244
73.2132 54.4604 77.4637 105.9595 25.5325 0.0000 110.6290 110.0297 113.3820 54.9191 99.9093 104.7212 39.5891 115.3697 111.4459 143.6041 49.8380
128.7890 170.4398 62.6247 70.5076 123.7058 110.6290 0.0000 151.8246 209.3425 148.8203 60.0716 112.4311 99.1665 96.2117 3.8704 56.2676 41.9311
150.6705 98.9764 34.8823 72.7058 66.6084 110.0297 151.8246 0.0000 165.8828 110.9555 177.2652 94.5908 85.1803 197.9190 264.2801 66.3366 24.1978
117.4347 34.7885 158.5441 82.9777 108.2881 113.3820 209.3425 165.8828 0.0000 122.1511 96.5712 100.9906 150.9408 202.4404 174.5127 19.1459 122.7469
144.8557 20.8891 179.6264 14.5309 158.4503 54.9191 148.8203 110.9555 122.1511 0.0000 93.3758 135.4068 139.2330 158.2273 125.6958 2.0528 38.9720
72.5789 126.7404 187.7126 141.7124 74.4389 99.9093 60.0716 177.2652 96.5712 93.3758 0.0000 154.3174 135.0256 181.6345 148.7204 217.9268 113.1569
113.2275 138.9642 47.9117 148.7330 129.2468 104.7212 112.4311 94.5908 100.9906 135.4068 154.3174 0.0000 30.1072 120.9970 21.4048 40.0221 97.1794
178.5314 167.9136 108.5050 176.2343 130.1558 39.5891 99.1665 85.1803 150.9408 139.2330 135.0256 30.1072 0.0000 175.5602 97.2402 79.7710 157.4782
77.7762 52.0676 10.0459 197.3718 59.4769 115.3697 96.2117 197.9190 202.4404 158.2273 181.6345 120.9970 175.5602 0.0000 81.5862 167.0624 124.3614
62.0103 108.1718 154.3306 82.7843 68.7232 111.4459 3.8704 264.2801 174.5127 125.6958 148.7204 21.4048 97.2402 81.5862 0.0000 16.3520 87.6729
46.6455 58.5966 132.2235 39.6321 53.4330 143.6041 56.2676 66.3366 19.1459 2.0528 217.9268 40.0221 79.7710 167.0624 16.3520 0.0000 99.5633
118.4269 157.7905 94.4417 73.8162 70.8244 49.8380 41.9311 24.1978 122.7469 38.9720 113.1569 97.1794 157.4782 124.3614 87.6729 99.5633 0.0000
