11
0.0000 93.9413 104.4562 133.5186 13.7406 136.0586 161.4623 58.7104 112.3202 106.7255 3.3588
93.9413 0.0000 52.6787 83.5895 72.7554 75.5942 88.2453 171.7152 115.2129 75.1107 136.4084
104.4562 52.6787 0.0000 74.1747 107.6878 102.7682 89.2848 182.1841 105.0568 164.0188 100.5528
133.5186 83.5895 74.1747 0.0000 40.1316 92.1253 173.5001 70.3323 148.8217 131.8328 138.0386
13.7406 72.7554 107.6878 40.1316 0.0000 147.7382 106.1662 127.4999 49.1380 162.8657 10.9998
136.0586 75.5942 102.7682 92.1253 147.7382 0.0000 105.2957 153.7621 63.5119 74.9873 130.0937
161.4623 88.2453 89.2848 173.5001 106.1662 105.2957 0.0000 76.1319 157.3290 96.1457 114.7116
58.7104 171.7152 182.1841 70.3323 127.4999 153.7621 76.1319 0.0000 142.5872 85.5479 92.2907
112.3202 115.2129 105.0568 148.8217 49.1380 63.5119 157.3290 142.5872 0.0000 62.6835 54.9008
106.7255 75.1107 164.0188 131.8328 162.8657 74.9873 96.1457 85.5479 62.6835 0.0000 14.9434
3.3588 136.4084 100.5528 138.0386 10.9998 130.0937 114.7116 92.2907 54.9008 14.9434 0.0000
