11
0.0000 95.1790 247.1220 65.6645 105.3650 121.7522 155.3639 69.1610 137.9400 38.0254 96.7895
95.1790 0.0000 110.0366 190.2157 86.6062 75.8616 196.9309 95.3695 103.1852 140.7959 53.8883
247.1220 110.0366 0.0000 0.7341 168.9785 126.1179 34.0343 240.0809 148.2527 31.8401 85.4348
65.6645 190.2157 0.7341 0.0000 152.0903 123.9474 73.2807 73.2894 74.9473 171.3988 82.0269
105.3650 86.6062 168.9785 152.0903 0.0000 195.0799 125.9244 15.9931 61.2478 71.7507 91.9153
121.7522 75.8616 126.1179 123.9474 195.0799 0.0000 130.7455 153.2757 0.2536 124.6016 24.7310
155.3639 196.9309 34.0343 73.2807 125.9244 130.7455 0.0000 75.3206 81.5585 117.1401 59.8054
69.1610 95.3695 240.0809 73.2894 15.9931 153.2757 75.3206 0.0000 169.2191 12.1846 158.6822
137.9400 103.1852 148.2527 74.9473 61.2478 0.2536 81.5585 169.2191 0.0000 124.6433 75.4143
38.0254 140.7959 31.8401 171.3988 71.7507 124.6016 117.1401 12.1846 124.6433 0.0000 52.2183
96.7895 53.8883 85.4348 82.0269 91.9153 24.7310 59.8054 158.6822 75.4143 52.2183 0.0000
