11
0.0000 27.5591 3.0715 83.9506 169.3474 141.9782 188.9782 166.2522 52.1142 93.6121 192.4487
27.5591 0.0000 192.6317 20.8279 143.3475 65.3348 81.5266 222.9165 35.4650 144.1919 73.6355
3.0715 192.6317 0.0000 150.3743 107.0596 195.7121 56.4053 136.4257 37.6030 120.6266 143.9529
83.9506 20.8279 150.3743 0.0000 109.9923 122.3571 136.7873 100.5222 16.5094 20.3447 82.6039
169.3474 143.3475 107.0596 109.9923 0.0000 28.6440 188.4451 121.8154 82.1189 178.8962 35.4228
141.9782 65.3348 195.7121 122.3571 28.6440 0.0000 132.1697 9.8790 100.8086 111.9486 92.3655
188.9782 81.5266 56.4053 136.7873 188.4451 132.1697 0.0000 94.3525 188.2005 225.8481 92.6450
166.2522 222.9165 136.4257 100.5222 121.8154 9.8790 94.3525 0.0000 111.7530 108.7914 209.7741
52.1142 35.4650 37.6030 16.5094 82.1189 100.8086 188.2005 111.7530 0.0000 139.2407 108.6062
93.6121 144.1919 120.6266 20.3447 178.8962 111.9486 225.8481 108.7914 139.2407 0.0000 160.9309
192.4487 73.6355 143.9529 82.6039 35.4228 92.3655 92.6450 209.7741 108.6062 160.9309 0.0000
