11
0.0000 78.7238 187.0668 100.2233 165.2699 76.8974 71.7634 89.0935 96.6431 184.6212 75.9027
78.7238 0.0000 83.1112 174.6271 111.2342 125.8820 21.1603 43.0559 195.9972 8.2372 101.1474
187.0668 83.1112 0.0000 83.9517 86.3190 129.5135 29.1874 114.8268 188.1110 100.0412 105.9341
100.2233 174.6271 83.9517 0.0000 15.8744 90.1411 86.0284 151.0548 43.1580 121.3900 177.0565
165.2699 111.2342 86.3190 15.8744 0.0000 102.3574 117.0398 164.2966 142.1659 244.3246 181.2002
76.8974 125.8820 129.5135 90.1411 102.3574 0.0000 134.9099 103.8258 68.1192 38.9379 58.9263
71.7634 21.1603 29.1874 86.0284 117.0398 134.9099 0.0000 113.8487 32.2325 122.7659 1.9058
89.0935 43.0559 114.8268 151.0548 164.2966 103.8258 113.8487 0.0000 91.9702 193.6081 85.9962
96.6431 195.9972 188.1110 43.1580 142.1659 68.1192 32.2325 91.9702 0.0000 156.3182 93.8972
184.6212 8.2372 100.0412 121.3900 244.3246 38.9379 122.7659 193.6081 156.3182 0.0000 156.5333
75.9027 101.1474 105.9341 177.0565 181.2002 58.9263 1.9058 85.9962 93.8972 156.5333 0.0000
