11
0.0000 154.7832 145.2379 83.4634 59.4147 182.8636 15.0110 46.5313 130.9431 36.0920 124.2662
154.7832 0.0000 82.8822 181.5601 65.1418 80.0580 28.5928 113.5424 77.4329 148.0505 143.3616
145.2379 82.8822 0.0000 156.7256 47.3536 93.3991 85.8108 27.5875 97.7703 43.3918 1.6550
83.4634 181.5601 156.7256 0.0000 100.7564 72.3028 95.6104 120.8577 108.6122 112.4984 143.5346
59.4147 65.1418 47.3536 100.7564 0.0000 118.2185 161.1278 155.0659 178.7672 60.9449 182.9596
182.8636 80.0580 93.3991 72.3028 118.2185 0.0000 115.2606 80.0603 177.5763 168.8295 103.3018
15.0110 28.5928 85.8108 95.6104 161.1278 115.2606 0.0000 137.3737 32.4229 143.5703 112.9474
46.5313 113.5424 27.5875 120.8577 155.0659 80.0603 137.3737 0.0000 81.2227 262.5446 220.5647
130.9431 77.4329 97.7703 108.6122 178.7672 177.5763 32.4229 81.2227 0.0000 174.3669 125.2456
36.0920 148.0505 43.3918 112.4984 60.9449 168.8295 143.5703 262.5446 174.3669 0.0000 98.4455
124.2662 143.3616 1.6550 143.5346 182.9596 103.3018 112.9474 220.5647 125.2456 98.4455 0.0000
