11
0.0000 44.0361 89.3438 1.3789 44.7904 58.2595 103.8899 147.2727 130.2330 184.5864 57.6344
44.0361 0.0000 185.3219 42.0757 98.9719 168.0538 54.7063 15.9417 46.1347 44.4138 111.6809
89.3438 185.3219 0.0000 113.8697 202.8858 20.0579 117.1175 98.8878 67.4681 131.3634 128.0450
1.3789 42.0757 113.8697 0.0000 143.7238 11.8955 70.6028 76.2724 139.0685 72.5271 188.9528
44.7904 98.9719 202.8858 143.7238 0.0000 171.0742 0.6331 177.7551 79.4748 51.1254 103.4198
58.2595 168.0538 20.0579 11.8955 171.0742 0.0000 98.4948 111.1512 182.8403 131.8322 126.4877
103.8899 54.7063 117.1175 70.6028 0.6331 98.4948 0.0000 195.7654 150.6162 8.9351 133.8275
147.2727 15.9417 98.8878 76.2724 177.7551 111.1512 195.7654 0.0000 33.7325 79.8332 16.2388
130.2330 46.1347 67.4681 139.0685 79.4748 182.8403 150.6162 33.7325 0.0000 99.0443 95.7248
184.5864 44.4138 131.3634 72.5271 51.1254 131.8322 8.9351 79.8332 99.0443 0.0000 59.1919
57.6344 111.6809 128.0450 188.9528 103.4198 126.4877 133.8275 16.2388 95.7248 59.1919 0.0000
