11
0.0000 207.5044 6.5498 206.4846 56.8420 86.9094 188.8348 117.5086 167.6672 120.5851 80.8801
207.5044 0.0000 78.8371 178.3289 146.3192 82.4652 104.2493 142.6302 113.9095 51.0433 106.9080
6.5498 78.8371 0.0000 102.9897 198.6190 125.5435 78.5970 185.7626 80.9809 109.1819 100.2360
206.4846 178.3289 102.9897 0.0000 93.8507 90.5078 86.9029 146.9168 38.7781 100.4965 55.9829
56.8420 146.3192 198.6190 93.8507 0.0000 114.1270 177.8059 34.7672 39.6709 85.9246 143.1906
86.9094 82.4652 125.5435 90.5078 114.1270 0.0000 130.7367 154.8190 112.8067 54.0562 152.7942
188.8348 104.2493 78.5970 86.9029 177.8059 130.7367 0.0000 58.5972 74.5022 144.3551 120.0324
117.5086 142.6302 185.7626 146.9168 34.7672 154.8190 58.5972 0.0000 140.3488 123.3867 214.3881
167.6672 113.9095 80.9809 38.7781 39.6709 112.8067 74.5022 140.3488 0.0000 12.2819 40.9116
120.5851 51.0433 109.1819 100.4965 85.9246 54.0562 144.3551 123.3867 12.2819 0.0000 44.5168
80.8801 106.9080 100.2360 55.9829 143.1906 152.7942 120.0324 214.3881 40.9116 44.5168 0.0000
