11
0.0000 111.0530 0.4584 187.6369 160.3038 24.0614 201.2497 128.1885 148.2983 47.5419 109.9480
111.0530 0.0000 38.9353 25.0037 98.9261 14.6039 150.6916 108.1020 43.4815 40.7306 88.6189
0.4584 38.9353 0.0000 68.7257 88.3377 203.7478 212.1922 80.4652 107.6213 196.6762 156.4781
187.6369 25.0037 68.7257 0.0000 54.1617 15.8874 83.8616 56.5628 182.1608 77.0331 44.8711
160.3038 98.9261 88.3377 54.1617 0.0000 38.1183 160.2285 174.3637 34.9665 63.6119 67.4457
24.0614 14.6039 203.7478 15.8874 38.1183 0.0000 67.3424 94.0226 121.9154 78.8861 139.7457
201.2497 150.6916 212.1922 83.8616 160.2285 67.3424 0.0000 68.6360 11.7222 80.0593 157.2035
128.1885 108.1020 80.4652 56.5628 174.3637 94.0226 68.6360 0.0000 16.0369 40.3624 72.2767
148.2983 43.4815 107.6213 182.1608 34.9665 121.9154 11.7222 16.0369 0.0000 202.3079 3.2366
47.5419 40.7306 196.6762 77.0331 63.6119 78.8861 80.0593 40.3624 202.3079 0.0000 220.8216
109.9480 88.6189 156.4781 44.8711 67.4457 139.7457 157.2035 72.2767 3.2366 220.8216 0.0000
