11
0.0000 223.6371 32.0751 75.1560 118.1009 66.5197 155.2312 41.2927 3.4165 55.6833 122.8787
223.6371 0.0000 76.4671 91.4889 114.0173 208.8117 99.2149 127.6655 141.5551 154.1390 70.1679
32.0751 76.4671 0.0000 70.6816 123.0359 162.9530 78.9906 104.9826 80.8419 124.9776 24.7633
75.1560 91.4889 70.6816 0.0000 108.1830 118.2942 68.9902 163.1131 111.4696 89.4444 99.3032
118.1009 114.0173 123.0359 108.1830 0.0000 85.0465 75.3033 138.1199 62.1125 30.8427 129.8373
66.5197 208.8117 162.9530 118.2942 85.0465 0.0000 125.3985 107.7459 117.3307 120.3952 146.8344
155.2312 99.2149 78.9906 68.9902 75.3033 125.3985 0.0000 66.8688 156.2401 101.7168 39.6955
41.2927 127.6655 104.9826 163.1131 138.1199 107.7459 66.8688 0.0000 52.6977 127.6876 159.0069
3.4165 141.5551 80.8419 111.4696 62.1125 117.3307 156.2401 52.6977 0.0000 128.6805 60.9206
55.6833 154.1390 124.9776 89.4444 30.8427 120.3952 101.7168 127.6876 128.6805 0.0000 97.4752
122.8787 70.1679 24.7633 99.3032 129.8373 146.8344 39.6955 159.0069 60.9206 97.4752 0.0000
