250
0.0000 178.5981 56.6538 68.4886 165.2385 202.0377 150.4047 180.8219 77.4177 154.6334 5.6494 96.2676 149.3723 76.3704 95.9064 118.9688 108.7781 37.3431 155.0116 58.5757 89.1262 156.1923 111.9176 184.1674 156.9350 149.5165 121.0204 275.7559 139.3362 87.4849 139.1127 112.4488 98.2645 75.2227 164.9932 185.0539 110.6763 37.1648 133.7570 139.3096 67.3082 87.7760 24.4764 15.3937 45.3893 13.5139 197.1795 68.8622 121.0492 6.7648 16.2596 154.8786 80.6687 134.7835 29.6233 113.0103 159.9574 32.1482 173.2601 17.1691 182.4262 101.5138 117.1339 193.5937 104.2199 123.3209 99.3714 79.0717 123.6593 94.9288 133.8316 95.0551 40.3589 146.0935 130.6617 142.8293 164.2705 143.4123 50.4002 78.1351 54.4149 75.9474 123.1646 109.7960 161.1087 126.4210 205.8406 58.9706 124.6955 196.7779 97.4090 76.3294 183.9078 77.3645 131.5288 41.2228 162.3370 102.1962 141.2484 68.9420 163.8273 133.2304 188.9787 108.1274 30.1517 113.5002 53.9408 162.0220 102.5999 49.3620 134.7373 46.5564 120.9001 139.4883 72.4599 85.4690 153.4674 132.6104 119.6146 76.0540 70.2065 169.7497 170.8899 109.7965 94.3641 123.5451 3.6105 114.8158 17.4749 83.0377 101.7222 176.8076 114.6475 127.7725 79.7027 200.7061 123.2576 175.1477 120.3645 98.8360 9.2809 141.5497 79.0372 74.5807 212.9194 45.6876 72.0370 34.7348 105.0557 69.2706 150.8259 215.1591 163.7721 155.9682 139.5240 163.8525 147.1583 0.3264 26.5119 41.5812 89.8034 100.8198 102.8620 149.6307 59.5168 164.1252 184.9783 163.5812 133.4386 32.1285 121.6465 19.5497 46.4076 198.3833 70.6008 91.5108 53.7621 57.9392 152.1661 108.2257 195.1725 163.8326 102.8949 11.1642 167.8517 114.5782 108.6303 75.3974 103.2182 38.9903 101.6072 113.5484 11.7771 106.1450 136.6577 148.0166 38.1876 164.3888 78.9163 252.3173 114.3753 63.7577 142.1701 20.6168 78.8530 111.1948 110.6160 49.4811 114.0966 77.0221 68.8538 46.5300 184.3665 197.8742 67.4034 74.0063 103.0279 32.3117 106.0644 25.2970 122.6314 64.1866 153.9894 193.5362 169.9644 162.2102 124.5433 67.1954 225.3148 141.5697 133.8674 126.4227 160.2970 76.3998 160.1209 158.7035 213.5772 125.2005 91.5620 116.9726 74.0901 110.2078 205.6485 183.7793 43.6735 107.2544 138.9487 125.3374 168.2300 76.3075
178.5981 0.0000 104.8848 74.6830 147.9982 131.7631 204.7989 57.3406 83.9114 191.4112 82.6463 112.9706 186.0237 159.9024 87.5051 51.5571 187.2162 127.1371 153.5186 126.8492 81.9310 186.3502 208.2056 174.3000 159.0075 107.8109 115.6388 182.9863 49.1179 69.7391 121.6474 155.2983 131.8612 113.1456 88.7214 120.9159 168.8016 94.1586 84.2702 119.7438 164.7286 194.7710 99.6040 121.3180 83.0202 146.2739 32.5996 60.6764 31.4970 34.0087 196.8020 76.2613 57.1627 132.7141 63.4227 153.8443 79.5764 130.2006 145.5635 253.0926 35.0881 41.4452 47.7908 49.5942 55.4660 37.6695 91.2477 69.8466 224.2137 153.4626 61.5475 121.7193 97.1557 77.4670 43.3316 143.1682 109.1886 104.9232 163.1086 52.0736 226.1369 146.5880 48.2522 89.5586 65.0721 218.2414 89.0866 87.3370 10.2576 61.6275 100.1826 79.9764 162.5067 94.6335 85.9313 95.2404 51.4336 104.3855 130.3966 112.8844 52.0728 5.5354 68.0812 106.9651 108.6747 31.4083 44.7492 119.1970 6.8413 130.1733 45.5716 96.4805 61.4295 145.4760 128.1930 152.3582 69.3820 133.9676 101.1019 192.3658 145.9629 229.9195 175.6195 186.3605 122.5209 134.5922 95.5026 179.1683 84.5826 162.2676 70.0075 77.1138 68.1390 115.7901 105.0850 86.0958 93.2600 62.3614 153.9440 40.5290 106.2997 191.6624 170.3454 51.1402 196.5401 64.3685 184.1669 23.1040 148.9737 104.4949 15.4499 82.4825 7.4614 144.8614 60.8304 21.3949 172.4675 132.5447 123.3246 50.0649 158.0898 140.3233 75.2065 145.2120 171.9110 104.6575 126.2741 184.5043 104.0835 51.8691 99.2188 47.6240 124.3822 217.8401 156.1625 110.1110 41.5478 114.8816 72.8967 71.4436 185.4000 70.6050 102.1285 169.5982 201.1964 164.5069 176.1756 136.1523 106.1244 143.5323 137.8478 79.1985 70.8726 201.3399 46.0150 16.9914 70.3241 47.5131 215.2354 88.5279 54.0312 25.2876 41.3958 156.5564 162.7071 48.0823 120.3272 215.0743 157.1224 116.6356 112.6380 198.7741 118.3436 120.9927 188.2157 84.0099 138.9790 46.6226 218.3529 75.3649 101.5021 34.1573 40.3691 58.8880 61.5442 56.2490 131.6081 27.2179 87.1806 158.4851 55.8292 230.1427 91.9469 16.7648 110.8321 60.0837 47.6921 32.7159 118.4286 69.1783 101.9694 82.9508 102.8101 235.8625 69.8562 162.9556 31.1303 136.3246 87.8430 76.9694
56.6538 104.8848 0.0000 83.1619 103.4293 100.1301 73.6940 83.4191 116.2124 118.5388 72.7086 73.4490 151.7943 99.8258 88.8818 126.7050 45.3097 17.3389 15.6444 166.8042 134.6514 56.3253 113.0516 24.8004 118.6146 74.3920 126.6110 167.0159 205.4108 12.3037 66.4539 102.0318 145.0863 103.6772 77.4264 71.2458 175.3081 110.7662 122.0051 83.5332 103.5965 77.6813 142.1511 140.2445 153.2681 110.2850 46.8079 96.6025 50.2979 52.1429 84.8002 45.6467 122.4441 175.0381 163.7175 127.4199 166.2582 149.3907 220.1323 9.1769 90.3463 154.1077 156.3129 60.4301 95.8963 130.4091 33.6485 97.6893 129.7322 24.0030 144.3510 101.5395 181.9762 100.5378 3.8960 195.6016 179.6858 91.7896 77.1474 68.0163 170.1668 112.7192 86.0539 247.6156 76.3825 160.6040 6.8847 131.4264 64.6094 181.0693 131.9045 125.7752 203.9970 143.2567 166.2615 54.7481 23.5367 120.7655 83.0351 82.6843 81.8788 74.9169 71.1386 57.3262 185.4666 193.8384 60.2687 115.7600 9.3199 44.5691 11.8613 186.6911 167.9104 7.4191 120.3635 91.6668 84.2979 84.6184 81.6473 152.1470 50.8851 142.0546 104.5052 39.0928 84.2048 109.8511 9.0335 250.2151 167.2233 57.5947 77.9765 110.4298 28.1898 22.9844 69.9145 64.5401 65.7372 132.7665 146.1277 67.8040 72.1708 52.2342 128.2027 118.2593 121.2830 83.3584 84.4808 110.2993 75.1218 154.7200 115.4759 169.3230 135.5687 135.0472 62.5769 164.5606 15.4973 74.7619 119.1458 117.2826 105.4026 78.4204 68.8768 102.9667 28.4035 63.2704 147.0952 238.9001 129.8740 131.8100 117.2244 67.1462 133.4581 173.8939 115.4409 124.8523 171.4035 67.3176 89.0374 143.1014 62.6434 133.3543 146.2536 54.0406 159.9492 100.1847 157.6215 121.8126 142.8294 124.8724 189.1612 139.8405 43.8382 89.0352 98.5427 143.9922 68.8085 169.1107 68.1321 180.5636 130.4725 70.5678 134.5354 47.2878 261.8880 101.2917 63.5805 134.8648 151.1646 179.7754 44.5710 153.7085 78.4018 57.6612 14.1094 113.8916 4.7355 55.2652 201.0413 20.5881 185.5548 156.1092 53.0200 109.6543 158.3886 103.3786 105.7099 145.7584 167.8318 99.1631 180.0168 148.7057 32.1689 75.2013 89.0753 152.8746 94.6617 94.6982 71.7596 87.6841 132.1439 113.0946 31.9463 104.3450 52.4443 86.2428 138.2658 199.5983 75.6726 137.8693
68.4886 74.6830 83.1619 0.0000 148.2394 86.1702 190.2052 157.1812 85.9905 132.4732 169.9647 209.6941 181.6124 157.1517 121.4654 142.3652 85.1823 63.8544 42.0674 21.1483 121.1435 124.2362 115.5284 91.0230 142.4179 43.9505 102.5048 110.8565 71.8158 139.9724 50.7792 44.1849 47.7665 116.3963 157.3692 38.8946 66.2025 96.5057 128.3984 32.1957 177.8294 11.7351 85.5037 123.2005 53.3570 142.3214 115.8815 25.1282 195.6324 88.6234 192.8756 126.1879 134.4610 74.5645 11.0008 42.9045 122.0114 43.4487 148.8364 63.0406 178.7511 105.0439 95.5692 54.2024 86.2206 117.7424 21.2857 199.3091 124.9771 72.9227 34.3891 132.7660 202.7588 112.5834 61.8826 106.3640 89.3186 74.1438 170.2883 190.5290 79.0350 61.8415 108.2019 87.2266 143.8967 85.0495 81.6297 116.9152 76.5661 88.7583 152.2814 120.4504 81.9189 86.9214 55.5861 13.9601 85.1145 48.1825 33.5165 87.4122 134.5773 122.8100 22.8083 81.6979 134.4846 106.8339 49.0257 136.5467 37.5268 156.7573 134.7530 157.6436 86.1958 98.6977 109.6235 88.0470 83.8235 90.2305 177.7853 53.1334 87.7299 88.5006 198.6659 167.0097 130.9240 87.5021 114.6397 81.0545 136.3509 141.3055 153.1113 139.1144 183.5309 76.6627 59.8803 95.9099 67.2286 95.8463 111.6015 25.7468 101.4866 70.9502 24.6364 29.7937 22.8929 117.8473 40.4662 94.8145 167.4280 213.2553 138.8275 219.5299 144.1531 57.8450 98.4235 71.6418 123.2501 62.3993 174.7168 14.7367 132.7315 92.1940 132.5415 132.5283 102.2640 117.8726 59.3939 36.3825 88.4606 149.2002 93.8123 208.8430 127.0529 77.7588 15.2813 82.1450 105.6069 156.9431 106.5367 194.9736 165.1384 62.0524 104.3954 197.8448 189.6820 50.2654 75.3951 145.3575 109.8886 58.4290 117.3232 97.8600 170.3887 72.9990 105.9994 19.7368 90.3535 55.3492 61.0783 87.9413 107.3758 68.2121 134.3229 100.3202 115.8828 252.4157 106.3517 235.3235 207.7286 136.9858 135.1888 181.8221 60.6320 153.8614 129.5712 112.1944 113.3558 90.9647 120.8727 102.3845 45.9117 78.3234 91.9084 93.8798 67.3619 93.1851 171.6811 84.4970 62.7054 77.4754 124.8640 134.8287 160.1098 164.6450 137.1077 137.7910 75.6316 158.9849 90.1950 84.0609 233.9744 209.4855 148.8773 107.3275 188.5239 67.3129 75.4222 161.8514 19.2475 130.6344
165.2385 147.9982 103.4293 148.2394 0.0000 118.4110 82.4225 96.1430 90.8564 17.3355 93.6823 25.6117 56.1339 23.4923 130.2790 135.6724 114.9678 12.0186 183.1286 125.6623 162.5492 205.3931 110.3213 12.3264 171.3205 54.9563 56.6644 112.3520 52.9131 61.2361 94.8653 77.7148 56.4398 221.4734 54.0776 7.2921 171.6909 34.8912 136.9459 149.3016 102.3436 195.6249 35.7649 146.7430 139.7668 56.1294 24.5232 112.7406 118.0408 97.3217 214.7910 238.7351 142.5299 158.2834 168.1364 96.3074 82.6780 189.5541 187.8224 51.0027 156.6993 147.1819 99.7304 132.1974 55.2525 133.6549 90.1890 57.5726 27.1547 111.1756 157.5543 20.1874 157.5687 56.2009 7.9862 138.6608 136.6557 46.0604 90.0942 39.1110 83.4939 62.4846 62.1507 133.8536 91.7477 83.0019 44.6709 117.3417 113.7916 184.8602 37.2660 90.0581 126.4753 44.5502 18.3415 164.2191 117.9975 57.3705 116.9983 63.8323 43.2670 56.9096 55.5520 136.7285 94.1025 78.5301 161.9665 75.3330 116.3541 14.3607 193.4934 95.4496 121.5080 34.9392 75.4549 191.1325 47.8803 63.7300 147.4804 136.8349 145.1195 111.0837 40.2254 149.6450 93.1266 181.4220 235.0805 74.0847 136.3330 80.6609 43.3654 94.5833 102.9022 123.4439 129.6774 49.1917 66.3295 104.1470 46.5289 86.0026 46.6833 91.1231 164.4914 1.0359 104.7865 94.0337 82.7260 64.5689 106.4912 74.3654 76.9643 231.3513 89.9939 29.3972 222.6659 212.3772 220.7318 76.6603 59.8952 95.5485 156.4249 35.2313 86.2058 180.0702 175.9045 161.5445 154.4955 27.0465 75.6711 40.6810 73.5426 145.0368 69.5921 219.0535 57.6262 145.1081 19.4590 121.8638 194.3801 210.2835 74.5110 63.3510 256.7002 10.8290 124.2467 120.6110 48.2020 144.9136 155.0645 64.5849 69.3163 78.1207 134.7018 129.2623 6.3339 57.8866 48.1185 55.5295 15.5467 159.8969 48.3742 63.9090 116.8832 125.6237 36.2798 130.4503 99.9398 44.7605 72.2359 177.5765 77.1329 49.9420 186.7675 129.6937 79.1446 131.5304 173.7115 128.2193 75.7196 209.7093 151.4284 152.0554 265.3453 112.9738 234.8284 104.2256 88.6074 106.0801 74.3071 67.0513 173.9906 120.0880 70.2692 168.2981 53.1713 241.4042 119.8646 160.6713 138.8313 146.5208 122.9446 54.1555 2.5304 51.4383 105.2715 27.8061 43.9479 107.0834 49.2373 162.8573
202.0377 131.7631 100.1301 86.1702 118.4110 0.0000 186.9134 148.5095 105.3451 119.7568 4.1723 43.8608 105.0236 91.1202 162.2324 99.8818 113.5867 157.6389 130.8090 174.6165 206.8049 100.9224 161.0169 90.7045 36.8446 109.0966 143.6977 126.7824 130.8349 136.7395 68.7512 89.5901 137.7991 86.5609 31.6839 63.5103 119.3290 44.0236 215.1225 113.6113 153.7072 83.5983 227.3895 109.1964 87.3305 64.7368 103.9563 19.2224 130.5994 150.6484 114.0796 85.7934 90.2178 72.7147 92.0848 127.9486 69.5551 208.8881 81.6944 126.1774 119.4200 80.5088 35.0389 77.3768 103.5959 51.6898 118.4691 100.1907 13.7921 31.0446 28.3240 114.9216 92.0534 104.9773 108.2200 177.1033 126.9235 106.2691 44.1289 101.7614 148.0818 129.2703 190.1588 175.2348 96.0678 98.6419 100.3248 131.0287 37.6569 126.0110 0.1619 83.0572 74.1139 108.0289 54.1668 122.9272 131.1571 45.5404 32.7820 129.9000 138.8163 148.5228 105.7439 33.2373 62.6848 144.6523 102.4395 111.2820 26.5568 48.6015 153.0949 161.9043 191.2568 101.2623 100.8031 11.4524 185.5370 22.3143 182.4184 60.0811 111.3023 65.1017 142.0677 114.1744 129.7066 104.5852 134.0325 116.4558 79.2487 90.6921 188.3816 168.5402 45.4139 144.0945 69.2755 136.1503 82.1199 120.7354 107.4790 122.5488 89.2245 135.3529 98.6418 93.3358 70.6599 33.8944 161.4482 42.3805 102.3707 133.0096 69.4963 11.5602 126.3161 130.4142 129.5753 164.1652 173.0333 24.3509 105.7108 153.8834 7.2136 61.7105 147.5919 162.1224 122.7668 128.8498 166.6196 104.3377 30.7868 118.4014 188.0466 73.8259 109.0348 150.7879 47.5443 64.3793 128.6136 160.5068 112.9986 212.6102 72.9017 174.2710 153.9859 200.7846 98.3611 68.4593 151.9107 99.0396 61.2157 114.4757 168.8043 142.4787 210.2962 198.7783 17.0766 106.5486 113.3218 33.4227 141.5246 103.8084 148.6281 171.7846 14.2791 53.4459 86.5006 61.9368 104.7172 136.7941 150.0078 122.1774 155.7282 162.8393 131.8397 72.3993 131.0237 24.2456 78.7268 178.8542 131.0659 135.5253 140.8000 166.5798 54.7613 77.5936 82.6290 58.3928 31.9960 193.6042 69.3002 25.9365 40.3620 96.9114 85.0798 48.3908 30.4998 183.0159 135.7421 175.0176 156.9125 145.1867 13.7043 3.7172 107.6122 137.9989 105.5581 232.4118 148.8515 279.7339 203.7033 30.0276
150.4047 204.7989 73.6940 190.2052 82.4225 186.9134 0.0000 60.5125 113.5326 136.4800 117.3723 273.4208 131.5175 121.2287 115.1377 112.0208 54.9364 5.6847 70.6955 153.3770 258.9478 112.8165 209.4715 70.7735 35.6658 70.2940 121.1485 102.2842 75.8202 4.2382 141.6527 29.8807 98.2273 133.3754 126.1724 50.9694 96.0713 199.5363 164.8510 26.5375 169.8307 46.2547 56.8146 135.6156 93.0144 84.3440 56.9827 201.1717 172.1742 113.0529 29.9871 152.2270 81.6848 76.8639 211.3922 51.9100 110.4506 88.3921 54.6345 27.8862 75.4465 108.6874 118.2072 102.6070 53.3241 33.3249 162.8354 65.4712 65.5411 157.2943 112.2086 123.7224 124.1786 86.0233 78.4931 32.1590 59.3223 44.6734 35.8413 146.5156 149.3267 68.9884 136.8301 125.6813 160.7541 65.3418 177.8356 218.5505 141.5111 135.6116 200.8998 200.5549 99.3494 141.8280 58.6671 43.6920 122.3994 105.7943 157.8294 149.3103 73.4241 114.6692 221.3680 106.2197 95.3418 104.0312 84.0264 111.7134 89.4090 61.3481 114.1068 122.9259 41.4948 167.2552 2.2335 125.0452 131.8037 0.6772 119.5734 164.6676 107.9895 97.5149 144.1753 173.6119 158.1618 40.4036 152.4490 66.9827 81.4011 124.9052 121.2786 52.4102 81.7261 207.2691 152.9232 124.1857 196.4333 79.1349 93.3280 246.4667 92.7185 143.6677 108.3433 194.8722 78.6070 101.5792 160.7866 126.9463 41.8106 92.8885 38.5752 59.8939 70.7269 66.5543 126.2866 111.6362 140.8678 45.3312 190.6771 176.0946 176.7436 94.8643 81.2307 83.3668 181.8903 165.9212 162.8409 176.8039 62.8117 94.7096 115.0903 62.6413 44.7373 65.5876 24.9988 71.9380 179.1553 255.3075 78.6024 79.4459 106.0297 127.3293 165.4784 17.6893 113.4273 133.1825 54.3775 116.3700 76.0524 205.1518 93.1926 27.3189 20.5374 111.7369 117.7265 135.3208 88.4678 168.0141 20.1094 224.1769 119.8249 154.3119 8.9330 116.2539 204.5649 64.6983 154.7700 57.3490 127.3878 57.9976 208.6362 45.9008 45.7194 92.8695 54.7029 17.5068 123.8692 98.2878 38.1021 126.9264 118.8534 114.1127 92.2215 114.1761 157.7035 104.8022 99.7440 156.4271 118.6391 111.3939 69.0541 57.4331 140.5411 108.2776 138.1335 114.2668 33.6116 195.1410 83.1917 122.5719 170.4378 132.5843 120.2407 90.0878 14.1993 26.8492 50.2216 119.3610 183.5486 52.4009
180.8219 57.3406 83.4191 157.1812 96.1430 148.5095 60.5125 0.0000 57.5926 114.7878 179.2377 30.6268 75.3477 84.8680 215.5808 170.5114 21.8877 174.8009 104.5678 183.2341 106.4848 185.9797 69.4913 144.6723 78.4808 104.0503 133.0185 148.2685 112.2491 25.6313 46.7231 52.7289 123.9821 100.4073 86.1923 165.5409 18.4482 20.6814 83.4515 59.8911 43.1699 142.6382 188.9357 91.2364 63.6994 95.2391 153.8162 80.0990 155.0282 124.3737 158.1607 147.2768 94.4366 44.9907 116.3337 41.1607 85.0079 78.1376 123.0055 104.9178 76.7298 144.6174 118.7090 8.9631 102.9030 114.6171 81.2150 83.3470 17.4557 148.1790 220.5831 147.3177 51.4020 34.4590 131.9786 111.5248 88.2107 153.7314 86.5492 124.4222 166.2816 188.3414 177.0908 103.7624 77.5189 33.6575 86.1536 158.8319 91.7811 9.2671 169.4750 141.1756 97.2894 71.1941 132.7681 151.6649 97.1206 107.8677 72.8053 220.8348 130.1558 113.1795 115.2734 148.2817 112.3359 97.8635 197.3482 126.3558 122.3480 2.7828 62.4028 34.9808 59.5902 57.4833 93.4566 16.8995 177.0277 41.3088 75.0303 71.6880 53.2546 154.6624 118.4406 10.4973 138.1573 94.1202 41.7054 117.0731 91.8754 155.0928 65.1361 119.2098 131.8020 156.8620 120.6745 172.1257 121.2854 168.4817 118.5723 77.0852 40.6551 137.9734 146.9276 32.8134 69.0469 123.6279 146.3317 60.0722 100.1066 101.4248 104.2737 159.0973 225.5201 86.8057 114.4185 62.5810 57.6248 208.3143 112.4215 45.0912 127.1180 106.4052 229.9162 65.3457 26.6910 56.0866 216.3634 112.3019 59.6317 99.7536 120.7902 71.7190 52.3287 71.8655 59.7646 75.8065 50.9236 23.8657 152.3217 34.5460 84.1800 69.3717 112.3371 6.5567 69.5669 85.6736 174.0133 81.0616 33.2825 93.6425 125.0415 87.1141 62.6028 92.4633 86.5206 81.1217 159.6066 124.0734 43.2621 84.2086 48.8618 194.8569 161.4644 41.5611 14.3292 22.1402 71.2245 107.8545 68.2155 101.4811 141.1799 107.9057 48.4210 88.9484 101.7346 92.7343 89.9850 115.0529 18.4899 120.2733 184.1291 196.8633 128.6754 23.2634 110.9622 210.1522 38.0569 0.7700 72.0834 92.6840 121.3305 191.2394 74.0645 97.1971 58.9644 163.5702 172.1682 116.8709 53.5532 114.3488 96.4685 92.8708 165.9919 68.8011 156.1904 101.7597 14.7771 75.8440 25.8903 165.3080
77.4177 83.9114 116.2124 85.9905 90.8564 105.3451 113.5326 57.5926 0.0000 11.2461 113.5688 151.0068 129.6552 71.0233 145.4477 146.8087 102.7186 81.9859 128.3381 108.8747 31.5933 78.0936 62.3789 81.1195 96.3845 180.2602 57.9147 87.4649 109.7156 178.1383 163.1061 174.8265 4.5572 143.3272 49.3338 69.3882 134.8692 125.1569 86.3661 121.8558 83.5983 38.6077 94.0522 176.8037 126.9672 110.8805 99.1377 92.4953 49.9949 109.9507 234.6113 70.2672 71.0419 35.6671 130.4244 119.2710 30.3198 136.5127 80.5686 71.8557 133.8321 155.2309 66.0465 144.9726 171.4208 123.0964 41.5031 4.6951 169.3107 130.4252 92.9437 161.3548 101.6477 21.5688 91.5170 19.2368 54.5066 78.9308 59.1852 152.6314 113.9847 25.1279 108.0820 232.6112 38.9453 45.0153 31.1153 157.5662 80.4864 29.8210 62.2666 165.7941 113.3449 202.9565 129.6085 78.9952 100.6405 87.3946 113.0945 132.8398 165.8308 136.1063 189.4839 53.7839 147.2165 149.5131 109.7531 121.3405 66.1755 140.9723 95.6198 96.9103 78.8723 130.2555 65.2853 49.7518 140.3923 105.8098 53.1492 183.9184 38.0834 85.8373 101.3360 148.1089 92.4455 83.4289 91.4942 63.7730 95.4178 276.7188 72.2248 66.4063 122.2328 11.1341 37.5693 73.1215 215.4353 66.1105 158.5549 93.8964 48.6192 89.6850 94.5162 62.8854 95.5391 155.2117 265.7623 274.5146 265.9087 105.7797 96.9495 73.6873 60.6547 195.2064 132.3182 125.2093 116.0397 24.5905 39.6885 126.7340 154.3481 129.1450 95.1974 95.5013 103.1064 132.2424 88.0864 152.1726 130.3537 83.1823 107.2782 66.3535 119.3236 278.3497 121.9850 44.2860 116.7136 103.0387 96.6709 90.3798 174.4743 128.5337 204.9755 79.4280 87.9816 10.9547 167.4564 164.6849 141.5324 36.5324 142.3215 53.0932 91.5098 108.0107 95.6632 111.2397 165.2754 80.9153 190.7084 8.0513 101.7035 59.8152 102.6456 157.6645 85.5840 100.0900 174.3825 164.6474 201.7318 98.7685 26.0099 187.2367 24.0426 143.6378 131.2767 115.7910 92.0408 110.2206 31.7244 22.2626 67.7906 138.2446 42.4241 102.3931 33.7364 37.0065 109.0235 19.2856 114.9163 234.5519 66.1313 31.3165 209.8734 169.2489 109.2833 77.1297 7.0641 117.3639 107.8352 167.2163 113.8234 73.3437 71.2125 22.1824 49.5941 173.8218 86.2832 105.7983 117.0057 167.5375
154.6334 191.4112 118.5388 132.4732 17.3355 119.7568 136.4800 114.7878 11.2461 0.0000 179.8316 6.7380 103.8941 112.5770 95.3260 61.9757 70.4045 129.5529 207.1038 142.4269 138.1757 46.9881 94.6116 239.3467 90.0685 154.2362 3.1596 79.6926 135.2323 196.0334 65.0277 70.1343 128.2744 31.0757 90.9156 151.2538 60.9263 184.7387 157.6633 121.1195 141.1606 60.7913 128.7312 153.0780 135.9989 82.6535 146.6306 156.2207 125.7267 141.3728 37.2963 122.7565 175.6882 70.1851 125.5787 100.0362 70.6521 315.2958 98.2269 20.9977 178.3930 77.1356 231.2520 104.4105 147.6653 58.5588 175.8739 135.4885 115.3632 45.7448 128.9434 124.8373 157.1775 103.7177 153.5964 161.8130 183.8079 88.6926 135.1406 131.8939 8.2234 68.2734 81.4456 33.6890 53.2465 4.6428 103.7854 125.9974 127.3721 41.0127 120.7010 113.8396 44.8701 116.6915 131.6056 118.0433 55.8395 35.6186 118.9606 155.8875 146.3731 115.0448 169.9089 68.3755 131.5488 101.5265 37.5956 108.7539 199.0865 150.8993 61.2273 129.9932 168.0755 48.1671 39.7176 64.6178 51.7029 83.9174 47.4836 96.5641 79.4395 146.9205 142.6800 72.4065 67.3934 116.2473 62.4729 102.8569 120.7934 112.8136 20.1627 264.9956 126.1124 215.5911 93.1232 94.0339 132.9428 158.6469 103.2103 97.5234 168.8582 204.7849 74.4655 48.0285 90.4086 104.8228 187.7454 52.6530 105.9675 170.4285 29.8298 142.0383 78.1478 145.4625 109.6500 119.1803 195.1818 54.2830 147.0548 113.7947 99.9969 38.4392 79.0186 129.8983 26.4063 107.6652 46.1058 105.1818 92.7366 129.1636 39.8443 56.4476 68.3334 152.7126 25.8940 137.6587 36.1516 177.0454 111.4082 114.3773 148.7402 159.9261 97.7447 31.8836 66.7839 39.9404 22.2394 139.6904 156.0813 120.8152 52.2146 65.5887 82.4725 102.0078 83.5203 65.7814 109.8041 108.5560 99.7369 134.9250 148.9549 79.0711 129.2801 180.6566 33.0171 143.2528 31.0677 172.9696 48.1910 16.3326 63.4505 123.4674 46.1488 132.1858 73.5371 48.8241 57.6283 208.3856 48.6811 88.0377 143.2866 70.7295 11.4032 33.9067 39.2577 82.9784 156.7050 92.0761 85.1979 123.7302 92.9266 104.0528 104.0734 132.9435 49.5913 95.0649 105.0870 13.8701 65.6697 6.4237 83.8871 207.0169 141.7921 66.1494 119.1224 73.2759 233.4776 121.0531 122.8295 128.7201
5.6494 82.6463 72.7086 169.9647 93.6823 4.1723 117.3723 179.2377 113.5688 179.8316 0.0000 98.6913 121.7848 67.0606 122.9632 86.8617 114.3249 157.9614 152.4231 164.5527 113.1584 120.9542 170.7070 41.2635 123.8072 136.3854 60.7642 233.8289 124.0850 88.2535 96.3763 206.7294 119.1563 163.7697 68.3847 162.9598 43.4185 190.1290 92.0139 76.3969 172.7606 189.2280 133.5120 25.6572 208.5941 128.0544 96.4219 64.3543 57.4613 130.6601 56.5325 56.3316 167.6865 120.4048 20.0619 110.6355 50.6119 202.4838 127.5100 52.1465 3.7019 72.1920 87.2587 76.2013 83.0335 47.4202 166.5264 13.8018 77.3819 106.6482 47.7182 107.7279 14.8325 9.8640 107.4496 104.4418 114.0796 106.2133 127.1958 45.4478 173.9428 134.5866 103.7401 194.7932 138.7100 153.2582 171.2003 174.9536 114.2239 102.7056 133.7136 91.8311 60.7785 162.3019 70.6170 118.7490 184.2238 102.3294 113.7817 111.9855 27.1218 153.3071 20.0151 85.9149 61.3719 112.1035 112.8131 108.0934 173.0795 176.2261 76.2012 85.2294 220.6166 66.4508 36.6338 124.7069 143.6354 106.3574 12.8606 69.6232 97.3897 24.2823 66.1163 37.2297 151.6871 152.9620 106.4041 99.9386 176.7451 82.4661 18.7663 192.8073 14.7421 185.3210 130.3820 117.8923 154.3608 58.8343 179.9966 109.5817 59.5875 140.7311 93.7846 103.4369 72.4691 83.4898 107.6766 33.7386 89.9418 129.3870 113.5144 207.3891 206.5175 68.5425 123.0067 106.5830 28.1974 200.2139 60.5571 94.2720 75.8759 1.2648 151.6921 133.4643 93.5457 145.9047 61.1940 76.8172 12.7533 21.3214 65.8658 156.6961 47.1966 59.1225 85.1545 75.8421 106.6510 111.1512 165.7984 183.3186 107.8282 47.9232 194.3624 104.5772 120.7828 76.7303 126.0766 123.5793 188.6486 59.5370 68.7156 55.8318 106.1650 113.0969 147.5754 68.9245 220.2689 57.1687 158.0030 94.0004 51.8910 71.0991 131.9501 143.0845 171.0371 56.7395 216.9054 36.6117 75.6347 132.9383 32.9028 73.9247 180.8629 14.8203 82.9003 211.1122 79.5465 168.4458 19.8749 66.9624 170.9021 225.4366 77.2110 119.7020 76.5855 64.3068 160.3769 197.2806 178.0212 93.9597 117.7921 38.0532 130.5951 124.2280 40.0451 56.4282 137.5096 81.0539 55.2302 73.2828 142.5355 92.5217 68.9992 117.1108 168.9752 90.3061 31.6703 62.5214 101.5736 143.2444
96.2676 112.9706 73.4490 209.6941 25.6117 43.8608 273.4208 30.6268 151.0068 6.7380 98.6913 0.0000 102.8826 96.6382 130.4746 79.0157 69.4084 74.0842 122.2691 101.6311 38.2681 71.0578 45.9386 35.0265 161.4973 104.7480 93.4144 8.5200 154.8855 118.7758 111.3128 28.1371 74.5552 92.8837 120.3538 38.4207 143.2173 96.4187 103.9773 71.0375 97.3432 37.2842 85.3316 28.5328 129.2675 75.6069 132.5631 52.7435 146.0082 76.2292 105.3000 88.5199 122.9434 66.3355 20.7326 144.3603 27.6775 93.7881 52.6255 184.3105 66.6403 198.6400 27.0321 35.7948 110.7862 85.8154 70.6034 32.0284 216.9426 89.0035 144.1830 66.6640 209.8602 54.2083 28.3519 162.8474 144.7312 131.2174 185.2764 75.2492 55.7613 115.8616 103.4973 72.7085 168.5390 167.3977 167.8760 51.1212 89.5984 98.9065 81.6762 162.5967 64.1596 134.6967 79.0080 79.4328 81.1696 128.3796 173.8553 95.3928 131.1370 49.3766 91.6917 114.1544 133.5788 159.3784 132.9529 14.0039 157.2375 155.8269 108.7985 38.2788 85.1245 137.1929 118.7491 111.4359 7.2153 135.6695 67.5841 145.0501 100.1077 120.3285 73.2692 184.7697 130.5930 179.7258 192.7461 78.2922 74.5596 9.1416 56.9850 81.4159 90.7803 148.3145 76.5575 129.8900 104.5247 96.5296 86.1570 82.2187 101.3079 67.2523 62.9708 210.9376 126.9493 116.5120 50.3697 176.7857 51.7062 92.6320 20.6005 189.3353 10.0847 34.5732 195.4157 183.3897 94.8196 47.3690 93.2719 115.5504 99.9767 102.6735 18.5610 139.8597 181.8552 35.4941 95.0318 144.9019 28.4396 165.8321 88.3805 90.4611 130.0271 24.5496 100.5869 137.0745 198.4654 60.4667 141.4400 147.8844 87.2573 141.3918 150.7220 25.9813 82.5407 146.8449 159.1573 36.9034 45.4844 114.9485 23.5619 103.6274 117.7114 89.5261 90.1344 2.0538 28.9646 51.5847 200.0171 78.4571 179.0007 194.4902 33.8150 79.5978 144.9624 203.0693 153.1575 60.5691 230.6294 76.0039 91.6918 64.5342 197.5095 142.8290 77.0157 132.4548 36.3363 57.2419 173.6582 128.0455 126.3114 223.0265 113.7607 143.0590 197.4253 162.7929 103.6316 152.4797 75.7708 102.6702 57.4184 165.6120 137.6220 136.7785 92.9690 50.0310 171.1239 177.2397 3.9959 73.5485 81.0266 102.1087 93.1379 85.4849 70.4019 109.6651 128.7562 187.8863 235.6966 104.8036
149.3723 186.0237 151.7943 181.6124 56.1339 105.0236 131.5175 75.3477 129.6552 103.8941 121.7848 102.8826 0.0000 168.6000 76.0392 57.9350 5.1318 80.8898 61.3943 133.7632 113.0687 99.5350 91.9671 108.1009 27.5755 54.1160 102.9984 131.8789 45.0031 140.5126 165.7726 162.3538 135.6608 84.5597 44.8642 119.5525 44.0460 180.9719 127.5620 117.4184 153.3107 53.2011 228.5598 172.8976 81.7034 97.1635 42.2743 32.4515 90.5778 45.2907 196.3615 101.5971 56.8835 140.9552 59.8314 85.5240 95.7741 147.8508 162.5578 43.7616 122.4424 171.7336 151.7763 140.2822 137.4548 85.1492 158.6541 110.0317 145.6322 87.3345 130.9163 90.1708 158.2371 99.3250 81.5661 100.5625 27.1267 60.0208 78.7863 37.3405 113.8662 97.2486 194.5654 115.3045 161.2119 219.2267 31.9617 33.2601 110.0426 42.5160 130.0480 131.5587 35.3722 39.9797 3.5953 143.0622 209.4589 219.2957 180.0325 79.5009 108.9692 51.7410 149.1930 77.0725 87.9432 168.0954 32.1377 97.9420 158.2434 193.6758 241.4451 21.0214 60.5892 70.9154 118.3811 67.6526 7.2453 150.3777 82.8892 140.3417 87.9784 54.1740 167.7494 76.3866 105.3600 117.0545 82.5636 159.7136 128.0156 72.5885 89.9137 155.3388 81.7028 60.0638 135.8334 5.2652 53.4286 49.1083 114.4663 92.1027 15.2587 146.4582 186.5383 135.7513 194.6134 48.2606 195.9915 78.1812 57.6349 187.0591 138.9146 60.5113 234.9950 77.5458 93.6386 12.3153 124.9782 35.8823 196.7062 177.4082 45.5485 63.6845 19.8715 102.9627 42.4086 4.1540 77.4769 158.6424 137.4357 107.1200 188.0131 176.1439 67.1628 117.7691 155.9319 158.5089 13.5568 95.5889 74.8270 113.9693 141.8416 62.2604 152.7126 111.9239 34.5023 121.2453 97.3133 128.8758 19.9696 145.7742 175.8106 114.3607 98.3188 140.8977 33.0662 60.5525 29.4617 228.1919 82.3465 96.8138 147.4688 83.6977 200.5054 184.3867 44.5168 87.8770 55.5459 14.4335 213.3000 125.0871 120.7700 19.2780 62.0702 189.7220 88.8440 78.6836 34.8612 91.9065 159.8064 139.8975 107.7055 166.2742 52.1228 133.5262 135.4692 135.2875 156.4917 24.1155 78.5482 37.6191 139.7558 107.7414 6.7672 126.6338 135.5795 139.2650 165.0203 113.3337 43.3984 129.4049 26.2014 84.7492 62.7370 42.7872 33.1012 81.2445 125.0648 11.3421 77.7133 120.5598
76.3704 159.9024 99.8258 157.1517 23.4923 91.1202 121.2287 84.8680 71.0233 112.5770 67.0606 96.6382 168.6000 0.0000 54.2657 18.0136 93.4006 60.3831 63.3029 183.7095 179.9323 148.9813 68.1556 193.6086 93.1557 61.6648 20.8112 146.3209 99.2182 188.6695 146.8160 71.3913 69.5234 188.7927 151.3135 117.1890 96.9575 121.4455 115.7329 141.4323 105.0846 59.5539 136.1104 198.7496 159.3391 57.9026 190.0498 199.0562 88.6808 147.8614 72.5637 107.8894 119.5700 60.4767 54.1952 140.7447 202.1302 50.2266 66.9158 22.8750 99.0830 108.0564 119.3261 120.0207 120.3703 131.9498 14.6268 142.4039 17.9562 134.6872 219.1263 53.3992 81.9571 102.3529 102.2805 56.6170 196.0888 145.8715 116.3224 78.2054 102.5560 163.8561 71.6011 138.8898 38.9935 79.7458 133.4116 80.2295 23.5789 133.9684 119.9664 36.1290 64.1762 85.8055 39.5646 25.6323 132.5723 137.4675 64.1768 40.0986 73.7014 46.3139 84.1305 54.2111 172.5416 126.1035 76.3929 80.4296 145.4304 147.7249 169.2021 80.3145 107.6913 31.4963 174.5562 123.7605 146.4122 58.9242 103.7912 79.7751 111.6689 176.0084 57.1899 93.7937 187.1540 170.6761 122.8928 103.7279 46.5223 135.0842 197.1438 183.9197 111.2745 136.9358 89.9428 72.2766 149.9069 69.8138 92.1996 157.2288 172.2520 140.6361 150.9982 42.1939 11.0031 155.5008 48.3222 28.7212 170.2500 111.6906 162.6428 72.4881 66.0577 15.1502 60.6192 55.7694 173.4628 131.2478 46.4056 140.4366 144.8083 41.8148 87.3185 155.2083 136.3747 67.0547 92.0184 109.1288 254.3337 77.9556 154.0833 207.8539 170.9705 169.8189 14.9766 80.2122 115.5965 125.1215 23.8161 148.6326 59.2156 85.1694 176.1688 117.8447 120.7461 147.6261 73.2120 158.0249 111.0552 94.3119 169.4570 27.4794 65.5767 98.1522 72.9206 77.2357 116.6380 179.2045 37.8880 176.2435 190.2411 205.0025 130.7006 87.1500 142.8619 19.3023 77.3167 161.8588 65.8468 118.1248 71.4548 107.8430 193.2214 73.2583 86.2141 73.6296 178.5594 208.9966 53.5111 124.6324 191.6732 133.1438 82.2492 112.6195 68.3564 100.8984 173.3858 38.9353 176.6077 49.4930 14.3598 98.5627 211.7392 187.9182 60.5862 155.6989 143.8356 157.6569 71.9224 195.9509 82.7427 97.9555 175.9245 140.5311 53.4839 91.8240 100.8078 149.7927 78.9570 79.6179
95.9064 87.5051 88.8818 121.4654 130.2790 162.2324 115.1377 215.5808 145.4477 95.3260 122.9632 130.4746 76.0392 54.2657 0.0000 174.0626 183.8302 128.9859 48.3175 145.9154 72.4017 174.3092 203.5747 93.5076 6.0454 116.3615 27.1719 190.2792 94.3211 114.6237 90.3533 172.4515 78.9443 77.9915 100.6275 163.1619 193.8345 117.7754 84.3375 116.2584 211.5290 125.6973 89.8258 181.1481 212.2420 74.9809 64.0807 67.4175 97.7213 110.9100 51.6594 192.3620 80.3941 233.8342 118.7623 119.0761 176.5102 71.3737 7.3441 75.0095 144.2474 52.0798 215.5316 133.0412 144.4993 116.0406 95.0081 76.4444 144.4528 150.5354 142.2904 126.3552 139.9092 186.6831 143.6804 20.1124 121.0460 51.5333 113.6926 113.6111 191.8970 62.9779 71.6159 104.3613 90.7897 171.5975 180.4121 32.4729 80.8076 313.1289 84.9563 63.5071 164.9916 112.1910 80.3241 130.6500 15.7060 146.4423 100.3674 12.7878 12.1485 71.1807 150.0693 85.3785 40.6291 125.1369 68.7074 199.6416 121.8213 197.4369 111.8922 47.4867 97.9975 212.5847 110.5443 23.3639 19.9569 158.5201 64.5878 125.7638 136.6772 69.0978 135.8033 20.1652 71.9682 164.5806 89.5801 136.8014 137.7675 37.0429 152.0479 111.4131 49.2163 187.3120 66.5430 270.2241 43.0644 154.8233 93.4585 40.9835 17.3377 161.5381 66.1850 70.4616 59.4431 195.4167 18.0347 54.1426 84.5491 58.0911 179.2680 115.9851 204.4702 164.4772 71.0261 78.3926 184.4151 70.6603 137.3252 95.3349 132.2911 241.1826 142.9930 51.5338 60.4221 192.5140 154.3555 42.6945 98.5193 125.5963 211.0969 136.1600 180.3955 45.4116 118.6076 110.4301 128.2950 34.0280 137.0373 129.1946 158.5176 148.1416 82.9092 94.0435 45.3616 136.5791 57.9530 179.7354 1.7851 86.8996 164.2935 70.2657 91.1581 22.0609 165.6393 20.9549 102.9891 155.3682 107.3212 156.1501 73.5345 104.7652 95.2447 139.7601 2.3865 66.1045 33.2136 113.4753 24.7885 19.2586 171.5176 86.8407 78.9001 168.4452 60.6241 68.8557 113.0334 162.7177 150.2088 183.4426 146.2583 169.1857 151.3691 52.6470 108.7496 119.2135 168.5452 106.6257 77.4221 146.6723 196.1829 6.2208 82.8435 57.6493 42.1616 71.0638 104.2772 81.2371 203.1933 220.6631 123.4936 64.4200 24.6591 77.5693 117.1686 77.9986 203.0551 75.0803 189.1738 125.5262
118.9688 51.5571 126.7050 142.3652 135.6724 99.8818 112.0208 170.5114 146.8087 61.9757 86.8617 79.0157 57.9350 18.0136 174.0626 0.0000 113.4598 95.5831 152.5607 144.3924 89.1759 175.3737 13.1753 160.2619 194.5857 133.1496 177.0568 144.4644 52.2339 75.6435 178.0504 81.4473 199.7243 93.3240 40.2659 35.0981 146.7449 97.5143 87.6781 96.9638 50.9866 62.3236 85.0793 189.9646 98.6112 105.7809 90.6846 12.9292 56.1453 119.3078 132.5805 50.0213 62.2932 202.2865 118.1968 54.6601 33.9239 188.2509 141.5362 253.6431 168.2836 14.0776 162.0274 115.5730 39.7027 51.5111 154.0499 74.0779 127.0087 176.6552 82.2235 78.2834 122.9008 130.6923 215.9952 63.7587 150.0897 4.1991 62.5475 50.9768 199.8975 91.0162 162.6671 80.6165 17.9018 161.4789 133.3987 174.6841 23.6610 109.6156 122.4911 91.1473 79.1968 59.0716 31.7638 161.1525 128.8029 144.0084 197.0996 2.0579 90.7449 153.4041 48.8969 116.0962 48.1046 107.2134 20.1332 92.8222 27.5755 101.9598 214.0316 52.9032 22.6731 88.4096 87.9282 140.0684 196.2564 134.8075 128.5094 66.9787 50.1898 11.0572 126.9102 115.4590 108.6043 126.9254 97.0831 60.2123 50.2159 132.7260 63.1130 216.2693 80.2831 25.9735 157.8013 52.6797 285.4061 157.7692 158.0038 82.2291 117.0123 111.7501 46.5701 16.9347 56.1288 53.0094 111.7276 158.7984 80.4577 154.9809 158.2348 160.2829 21.7653 168.8608 108.8095 194.2854 91.3660 129.5535 30.4780 47.7321 155.1112 166.6085 88.2638 119.3283 191.3192 151.0913 118.6481 83.7396 244.1790 132.2858 93.5465 81.4153 153.3315 138.8690 152.6287 148.3612 121.3263 74.1377 112.0179 136.0828 83.2653 113.0857 122.7723 127.5151 192.2734 103.6773 57.6941 30.7272 84.2218 192.3389 45.0633 80.7061 120.3769 116.3592 144.8338 163.0637 177.9411 109.8058 110.3530 70.7554 4.3664 128.4120 68.8429 66.1357 62.4056 122.6531 107.1939 107.4648 36.4877 121.9569 44.0689 139.5285 191.2031 73.4253 78.2809 83.4188 119.8808 63.6478 68.7827 124.1005 28.8955 179.7549 53.7199 83.1194 113.4021 179.9690 117.6753 11.3289 156.6019 169.9496 183.8473 166.9204 67.3190 103.6230 180.0959 130.3809 178.4720 114.4033 99.0863 0.2342 69.2161 95.4398 109.5553 144.1655 18.6547 76.7919 136.1620 105.2791 159.3933 143.0531
108.7781 187.2162 45.3097 85.1823 114.9678 113.5867 54.9364 21.8877 102.7186 70.4045 114.3249 69.4084 5.1318 93.4006 183.8302 113.4598 0.0000 117.5337 88.1979 169.0012 99.6738 127.6376 185.0816 88.0409 102.8036 152.8866 162.9052 119.7408 104.9690 17.2942 189.0043 115.9339 75.1858 98.8082 71.5556 95.2248 88.6182 121.8027 117.6065 22.3315 58.7536 152.1442 123.5487 25.2089 98.8661 156.7875 161.4792 177.2994 60.1192 154.3230 66.6277 105.3980 50.8299 75.2009 68.5624 180.2046 77.7182 109.1581 69.3813 150.0177 63.7609 65.5553 133.4862 68.7901 19.9754 55.5637 94.1283 194.0432 107.7828 72.0814 85.1506 68.7142 143.5912 177.3574 221.5818 49.8525 5.9162 159.5660 73.6272 43.4333 143.8488 152.2077 63.5820 58.8482 40.2443 191.3730 38.8537 47.5322 179.5546 41.1447 70.2112 21.6032 157.2871 191.1946 124.8169 195.5156 182.0774 153.8018 88.0507 132.4478 183.0802 123.8930 112.6541 54.4052 39.9877 50.9793 215.9708 119.7232 277.7849 82.1452 153.4057 105.6675 43.3387 114.7460 93.1128 163.3382 19.5005 117.8384 105.7472 49.0955 130.8811 98.5957 23.2680 69.7105 101.5338 104.6679 50.2627 78.4782 83.2213 176.4703 81.1230 105.3777 110.5635 89.4519 147.9766 148.8442 135.9151 108.6012 58.2392 64.6140 58.9359 204.5803 48.3496 102.7740 108.1962 143.7178 206.0314 51.0124 158.1622 10.5440 100.4819 115.9815 102.0137 181.2241 158.7819 81.7742 94.0300 136.9808 160.2583 97.5342 82.8437 163.8613 40.1484 130.7251 103.1656 115.8552 160.4816 103.6035 48.7043 103.5745 147.4458 105.1747 168.7211 116.1076 79.2004 139.9631 88.1059 119.2707 75.1564 86.4419 41.2218 189.5376 116.2207 132.5397 139.7768 180.3492 95.0605 19.0579 52.6080 168.7647 201.3086 157.8973 48.2987 171.8097 85.9100 145.3554 103.9029 130.9327 127.9657 93.2236 48.5594 213.7543 48.8236 75.4033 223.5838 75.0912 114.9354 19.7685 137.8020 106.9155 105.9287 78.5356 150.7885 235.8180 57.9501 38.8010 26.7870 103.1558 146.2197 69.6805 31.4064 64.0141 223.2903 168.9755 48.3127 89.2676 64.8764 150.9736 113.9296 25.0900 172.2723 133.5737 134.2209 21.2472 11.0218 47.5446 70.3313 99.8261 127.4114 147.3217 27.2737 75.3733 86.5032 130.2833 94.5893 95.2784 86.1292 116.2329 145.9312 114.0311
37.3431 127.1371 17.3389 63.8544 12.0186 157.6389 5.6847 174.8009 81.9859 129.5529 157.9614 74.0842 80.8898 60.3831 128.9859 95.5831 117.5337 0.0000 56.1761 156.4610 188.3964 72.3865 139.9385 3.5875 60.1143 24.6818 134.4513 31.8570 172.1669 107.6731 48.2803 212.3142 84.1413 103.3260 103.5067 75.3741 30.7233 105.9030 66.0344 24.1502 143.6482 7.0593 74.7557 122.0150 19.6057 90.9750 163.1425 112.7190 49.1976 97.8005 83.9148 136.2421 150.2172 109.7963 38.2764 109.6041 262.5034 79.5164 169.8918 108.1108 79.8936 8.6639 13.5120 115.2270 165.2182 126.2462 112.6209 95.4586 162.6546 134.5658 115.3095 216.2209 70.3359 190.0712 154.6687 75.1838 17.4176 67.6690 53.2142 51.8485 178.6959 51.2857 122.6364 181.1184 99.5063 167.3804 69.7353 102.1051 174.7466 94.8744 201.8135 64.8436 192.7687 75.2329 48.4309 11.2413 107.6221 107.9039 134.6051 104.9383 66.5659 63.2373 90.2364 255.5961 25.9079 145.4522 103.8678 105.5649 170.9141 101.0509 140.9496 129.5918 91.0480 181.0859 238.9837 165.7249 34.8329 98.5411 28.3290 71.9087 90.8029 155.5466 70.6251 103.3340 134.1386 85.4677 164.6554 75.0829 184.8530 37.9875 151.1186 68.4096 101.1961 55.0996 138.4802 114.9811 121.3020 137.4518 38.7515 149.4324 132.3783 105.3949 152.0895 68.4233 153.1800 134.4758 15.6793 161.7130 151.5401 87.4095 113.8836 82.4358 159.7700 19.8816 104.1448 91.7540 2.8734 136.0977 88.1654 87.3630 78.0895 159.3040 154.0888 84.4731 80.3317 47.1122 203.6879 86.8738 95.6703 95.0880 237.2664 164.8993 62.0359 93.1968 146.0432 114.8230 135.0693 207.0888 14.9123 100.6453 128.4854 247.6845 190.8488 148.6566 102.1090 91.9847 144.7889 93.2407 110.3525 133.7304 61.1612 123.6165 209.0350 93.6166 179.8674 137.9873 97.7552 106.1696 84.4949 90.8285 82.6025 146.2861 72.6609 118.9520 168.9426 89.3639 145.9525 7.1003 62.3720 77.8880 140.6812 86.6948 1.7927 86.1207 177.1268 82.3861 60.6944 93.4463 229.9010 161.6326 52.8917 133.7443 52.9038 56.6107 49.3040 120.6505 25.2186 166.3239 17.8563 96.2220 153.6780 75.1063 124.4446 135.6271 74.9215 139.9218 53.7465 203.6354 119.5345 47.5056 16.1908 18.6478 42.0119 8.2136 119.5088 58.3769 198.9132 40.3805 212.8301 210.0111
