250
0.0000 15.6452 116.3318 42.4271 55.0605 123.7315 175.1932 212.6880 128.4279 192.9625 101.5945 78.8603 143.7496 143.5726 42.9678 131.4736 111.1043 204.7203 116.9814 104.4797 120.2866 68.7114 119.6637 178.2448 163.8789 71.8758 143.1903 89.2117 136.2414 173.4378 88.0250 42.8748 150.6769 115.3610 128.1497 128.6198 88.5094 98.4265 23.6938 141.9167 221.1489 29.4748 27.6485 55.5556 198.2557 81.5955 61.6824 114.4627 78.5928 56.6019 108.9781 222.4764 70.4787 66.2197 29.6225 120.7439 21.4129 41.1804 187.8869 3.1656 29.9511 109.2165 84.9028 181.4323 148.5857 53.4074 85.1889 144.9611 73.6529 101.9666 155.6337 140.6490 76.5838 45.7057 172.9823 65.4308 45.3588 151.1132 58.7756 59.9230 85.2847 93.3669 179.9002 76.5511 93.7251 25.7466 165.5617 150.5409 64.6760 164.8608 66.0748 39.2379 159.1629 37.5082 110.5489 114.8581 66.5703 96.0270 171.7579 118.1071 7.6455 79.7492 62.0461 69.2552 160.7177 108.3363 61.0756 91.6892 164.4642 113.1908 142.6967 111.7547 71.5020 234.6957 82.0195 154.1469 105.3379 50.2193 47.8729 13.9906 101.3079 11.8386 4.4303 93.4787 76.7335 81.1395 114.6579 3.3219 61.7068 37.0361 92.6521 12.1398 56.9345 206.4786 50.4254 75.4382 161.2490 202.8414 111.5774 206.5626 74.5719 146.9306 153.6281 145.8050 101.0910 200.9209 45.4297 68.3185 67.0342 40.2687 110.1011 197.7051 55.4950 126.7982 35.2132 135.2165 72.4373 58.2050 164.4728 36.1644 84.7612 118.4805 159.4597 10.5214 116.2048 170.2938 99.3806 22.9986 79.8472 160.6281 98.6959 21.1358 90.1924 34.6837 128.2469 140.4793 97.3902 102.1376 129.8681 51.5562 154.7049 48.8622 125.1577 126.5525 42.9325 108.4685 91.3269 119.2835 79.6337 180.0770 144.3556 46.8814 142.2678 59.9929 86.0353 174.4922 129.2928 52.6215 178.1161 110.3091 166.0429 177.6165 52.7024 96.8742 177.5772 111.8580 46.5697 176.6043 77.7092 103.9863 29.1403 88.4153 171.0932 85.2443 163.3828 249.6682 84.9671 36.4538 187.9880 143.7625 134.7013 199.1855 156.6332 203.4625 88.6187 82.8621 96.1324 137.3702 157.1593 60.9765 82.1319 90.4863 36.4562 121.9147 133.6640 142.9737 145.0083 83.5816 167.8967 146.0134 82.4003 199.7790 97.8307 125.0722 72.2989 109.9572 149.2521 123.0289 138.9613 124.9130
15.6452 0.0000 80.3434 143.8199 58.9528 52.2394 89.0717 153.6530 69.9484 156.4779 193.8830 211.0538 151.5640 63.4761 152.0459 151.7133 56.1727 16.2366 95.9697 118.8596 163.8403 87.4642 161.2920 96.2402 269.0476 116.4031 78.7211 86.0969 93.2602 111.6689 161.5459 184.2476 125.2106 136.9881 242.3572 73.1850 66.1502 151.7541 52.5286 3.3913 176.3710 112.7435 78.2186 160.8833 144.2355 199.4042 111.8650 166.6722 178.6144 110.3773 74.6388 105.1100 122.7523 111.2610 65.4462 28.6476 156.6597 137.0209 43.2964 218.3986 2.9118 114.4735 109.6342 36.8751 198.3034 19.7226 138.4619 104.5144 50.6207 54.6390 207.8038 120.7418 123.7254 2.7883 177.1864 37.4214 50.1074 16.4537 114.3151 36.9547 119.9079 39.6456 127.1987 115.7547 180.9865 206.3508 80.4422 48.1944 155.9825 127.7109 209.9755 42.6963 51.3439 181.9247 218.5142 114.8591 205.3992 128.8967 0.9225 165.8953 86.5608 112.6180 81.8387 73.9044 11.5516 23.5722 228.9396 156.9226 49.9091 70.3238 176.7083 170.6029 223.6908 114.7821 163.1352 120.0906 113.3049 88.7298 170.6763 69.3036 78.9146 161.2343 93.1381 65.6285 77.6042 195.9101 112.1417 28.0281 127.2750 154.3103 96.0233 116.5083 106.6874 73.5478 74.8580 169.3032 60.6596 172.9802 81.3650 120.9825 71.0166 113.8120 138.1482 191.9735 111.0316 58.9960 112.6955 47.1615 24.8981 114.5275 117.7489 4.3729 117.9586 115.0501 170.5617 17.6580 66.9368 156.6250 210.0820 56.0713 51.8434 112.1959 45.9453 98.1333 152.2861 143.5367 112.5376 133.1832 97.3009 84.4833 12.2521 29.3918 142.6203 16.8869 77.6351 139.2486 26.3998 91.3608 7.0716 155.1388 161.7022 183.5109 103.0120 122.7544 81.5748 151.1404 124.9518 136.3114 85.2983 114.9807 93.0256 231.5491 96.1261 147.9209 64.2354 82.6530 101.5618 87.9008 96.0018 22.1865 88.6110 189.7021 76.2968 140.3492 167.6098 89.5741 96.1008 93.2729 113.8784 204.5446 172.0211 104.6337 111.4407 73.9641 187.5878 167.5741 87.9603 115.9785 123.2303 53.0291 45.7860 127.9811 54.1466 156.3437 188.3457 140.7725 38.3099 168.7019 108.6113 131.4259 110.0916 74.2300 171.8552 52.0322 69.2596 84.0773 182.8797 114.9788 105.3851 147.9050 251.2404 141.7049 160.3561 128.2088 143.9901 109.6087 122.6853 93.2663 33.1822 141.4609
116.3318 80.3434 0.0000 187.3206 49.9350 160.5328 253.6475 46.2794 148.4582 127.6030 120.7817 106.2225 163.4807 79.1900 168.8387 171.6025 120.5846 169.1480 73.1736 96.7312 166.6163 85.4954 98.4530 94.4780 94.3353 111.8704 20.1761 129.5773 39.9085 184.0987 147.0033 212.8056 95.2772 40.5905 103.3972 191.8422 99.2399 23.5794 96.7074 96.0228 200.7209 142.5892 41.3722 142.3697 131.3780 210.3822 195.4461 121.5949 99.3639 3.2131 138.1797 110.8417 134.2605 77.8109 133.6297 137.7875 63.6914 155.3955 90.3361 103.1902 112.2481 151.3353 97.4677 173.7902 179.2229 121.5564 132.6518 226.0599 131.4253 59.8297 83.3924 107.3392 133.5121 54.0002 91.2724 180.2709 113.5853 125.9904 91.8357 44.7854 23.2802 85.4940 43.5569 150.3244 103.6036 21.8750 141.4849 62.4274 171.1920 74.7294 120.3280 18.2176 146.0493 89.8768 130.3967 143.5130 121.1102 86.1888 14.7367 165.9060 62.9321 143.6891 2.3156 103.5392 153.6962 94.9333 116.4566 39.4276 161.4494 155.8193 93.4405 147.7377 136.3750 149.2779 107.4913 97.3340 160.4949 77.3112 108.6619 228.2760 152.7396 163.4330 125.1473 108.1690 23.0599 203.1453 122.1487 169.3791 99.2900 100.4186 33.2007 217.4509 74.5490 29.6513 74.3037 121.2108 180.3407 52.9908 159.4117 89.4378 87.2199 162.4666 180.8249 152.5843 63.5300 111.6667 117.3447 76.1731 72.2428 130.6417 17.6224 122.7879 157.6600 151.4053 271.9803 101.6994 101.2393 136.9056 85.5002 134.2738 193.1490 151.2669 11.9563 114.8159 73.5364 144.7549 140.6746 28.4627 97.4672 176.6560 85.3652 62.7989 44.9903 98.7130 207.5093 147.0928 109.2303 68.4744 32.0730 197.0367 125.0671 106.8967 103.6143 242.2841 109.8194 130.0347 163.1433 58.0459 101.8212 130.1820 53.6383 78.7220 130.2373 203.4539 44.5157 129.8259 72.5059 96.9773 197.9212 175.5190 66.2724 104.6689 8.4940 53.4871 202.1114 7.2505 2.6121 89.4006 111.7064 117.3480 189.2008 101.5001 183.7292 106.3132 89.7421 111.0723 214.6125 98.8293 45.8447 163.5596 41.7917 214.6241 35.0763 141.4692 105.7769 150.6784 68.3133 129.6550 19.1420 74.0363 119.6414 180.3668 41.6459 76.9103 92.1351 281.8612 61.0210 60.3815 40.5302 151.8552 163.5947 104.5011 77.6194 89.1516 167.8913 142.1566 68.7486 83.1654 103.3870 33.7834
42.4271 143.8199 187.3206 0.0000 56.8676 120.5314 148.8908 57.3294 56.1313 93.5790 89.2390 64.6030 87.9764 137.7489 127.2122 126.1511 137.9038 87.7934 51.7517 103.0682 98.1126 49.9117 131.4541 72.8365 147.2289 188.1554 109.6450 19.3263 193.6147 152.6597 65.5182 21.8064 95.9996 241.1042 130.6335 100.7571 88.1022 168.7877 71.6767 59.9588 112.1119 136.2487 145.3490 92.0630 52.3194 84.7356 122.9246 57.3142 42.7074 125.4444 66.1777 17.8260 80.3494 88.0546 124.3044 92.8083 167.0690 101.4677 78.8206 77.2453 190.2923 16.8424 111.3567 70.8990 175.9391 101.0340 208.1363 80.0073 89.8559 44.7152 203.8085 48.8658 74.8846 83.9148 171.6434 100.1222 111.3970 137.9714 62.1297 201.5637 9.5046 64.8454 99.7749 124.2828 150.0036 186.5911 150.8848 66.6149 162.4623 86.3133 91.8779 39.8258 149.8801 27.0956 163.3521 126.7574 129.2607 50.1098 187.5191 116.3396 140.6792 163.0631 108.3626 101.3632 79.3969 96.2466 124.6338 117.5794 165.8621 179.1917 95.7636 178.3350 143.5708 152.7597 66.3443 201.2670 145.5736 146.8759 145.7660 116.8542 65.9940 59.0094 144.0580 57.3557 63.9333 189.4086 86.1938 80.0097 23.0552 114.1852 108.8145 117.5523 186.1171 86.5227 149.9208 99.8104 17.5348 143.3951 72.3607 205.4248 95.9619 140.9018 42.0041 110.3012 58.6672 144.0371 181.6511 106.0764 74.8737 182.7908 125.6290 103.3969 102.0510 186.5539 158.1085 71.4198 151.3620 79.2628 173.0691 45.7239 133.3918 196.4751 155.8704 57.5763 36.5882 112.3983 85.3568 142.2611 64.6466 111.3938 43.6208 22.8120 101.2565 147.8973 83.4365 129.2256 74.6284 37.3534 124.5104 153.8627 59.8520 224.2785 216.9821 180.3040 33.8891 85.2571 128.3737 131.5772 111.0194 114.6277 76.6734 61.8266 156.6063 147.3547 52.8480 121.1296 118.7737 5.7177 93.7383 90.3176 113.8907 25.2542 173.3719 133.1714 206.0685 150.4208 90.5140 100.4222 13.3984 1.2539 32.1788 109.7191 113.6429 264.2494 43.5598 104.1294 46.7125 127.7824 90.7494 49.8643 34.1613 37.3180 105.0118 40.1479 91.7557 144.3094 126.8574 86.1651 38.4100 39.7795 95.0578 49.8356 123.8799 156.3409 136.3809 81.5408 82.8802 101.1218 86.1681 35.7249 133.0947 190.0480 48.0267 122.1664 60.4927 67.6861 150.8782 79.8725 172.1951 80.6547
55.0605 58.9528 49.9350 56.8676 0.0000 5.0369 150.2036 160.6147 29.5756 86.6924 128.2649 113.1019 27.6321 130.6808 136.4945 93.9751 139.8610 142.1306 0.9984 87.1559 136.3930 37.0324 64.2398 135.9169 181.6066 126.4863 172.8339 156.3139 152.3994 134.5428 196.1386 68.7118 87.2730 116.0008 193.4329 40.7455 137.0018 144.1152 49.2847 62.8926 8.8303 132.3477 125.3379 41.1167 220.7805 118.8244 89.6097 47.0050 0.2177 96.8417 115.0134 118.1755 173.5696 34.6254 177.7417 165.6188 165.7532 43.7106 11.8680 208.3764 140.9681 112.5002 136.7245 118.1589 118.7851 105.6758 154.0022 76.3927 48.1570 139.9291 38.3734 206.5989 156.6204 153.6648 22.4556 65.6558 212.8254 145.6966 68.5848 139.6185 58.9522 27.4252 126.0128 152.7270 51.6302 124.7614 73.5623 50.5139 24.3044 65.5929 60.4402 72.9193 33.0251 50.6571 126.1911 46.2874 169.8391 176.8862 14.7788 191.9977 94.8454 251.7315 78.3904 84.3163 100.2668 111.9849 20.6398 100.9601 84.3428 65.9650 85.2791 49.7274 230.6444 67.4473 206.8788 63.9745 64.4817 129.4449 115.3141 147.7273 157.5452 157.6482 124.5659 66.0276 187.5549 0.5741 66.0530 154.3216 101.0490 148.6788 132.9338 133.8240 162.5123 216.6589 88.1870 70.9585 137.2733 32.6978 38.1448 49.7664 132.5159 97.6650 106.9190 193.2663 80.1216 136.3541 43.4074 77.5360 157.6277 106.7717 110.5030 23.9130 68.9696 216.2659 143.6200 108.4227 87.0003 55.9766 25.1822 140.6985 105.3926 151.6773 131.7621 103.9146 87.1234 84.5075 106.6364 39.0107 156.4513 109.5141 162.6932 133.2536 118.0938 207.0044 108.8192 49.6880 95.2719 137.0777 98.2117 152.2671 113.0104 113.9172 61.3033 151.2483 89.5088 145.5343 84.1607 155.2261 20.2829 170.5602 109.5925 60.5212 114.3573 78.7456 244.4305 108.7681 66.0348 17.8142 125.5180 46.2438 143.7300 66.1188 113.9590 119.5510 55.9682 85.5748 160.4195 186.0055 64.5866 131.3821 80.6687 15.5982 181.3418 193.6073 84.3694 155.4578 65.8166 166.1401 56.4353 101.9980 188.1581 89.9799 120.5669 91.0453 81.1518 66.4238 159.6189 121.3682 36.5049 89.2603 169.0076 30.8331 129.4004 14.7764 89.6063 59.1982 47.6863 139.1549 176.7523 31.7651 17.5640 91.6891 31.0119 161.0929 163.2034 69.1287 92.1304 115.8568 132.2239 93.2835
123.7315 52.2394 160.5328 120.5314 5.0369 0.0000 124.5601 140.9930 80.6444 115.8915 186.7251 97.8494 95.1000 90.1768 55.9091 147.8003 164.5431 55.4720 135.7793 125.2901 91.4931 186.0161 122.9868 48.5024 104.6314 81.6355 127.7277 153.1008 56.5008 25.2374 95.9727 211.2451 67.7225 137.7218 157.3038 98.6600 124.2945 80.3982 87.8399 189.3689 197.6217 40.9916 83.2131 57.5638 18.6255 63.9858 42.3500 99.5834 99.4517 166.8632 107.7204 137.3496 50.3246 53.5917 148.7944 192.0396 101.4848 100.4939 44.2603 51.0145 126.4756 78.4592 95.9661 53.1902 73.4259 108.8198 159.5683 110.1803 73.1489 51.2500 118.9909 91.0689 195.0860 119.2463 67.1633 128.7710 14.0046 7.6105 31.3702 104.8181 111.2019 127.0199 22.1862 91.7089 108.1056 240.3584 108.7044 50.6646 51.7063 12.6085 104.0002 100.1276 38.1250 134.1740 84.7303 109.2220 130.5349 27.5063 68.4494 70.8578 17.6410 104.6173 90.5997 77.9478 29.6593 14.7283 157.9650 141.8939 168.0035 93.4713 143.9603 148.1185 192.1301 106.8996 96.0773 23.5635 86.9071 143.3246 155.4373 212.2271 188.9063 201.8895 59.5942 141.0240 127.3398 144.5228 101.7742 203.2054 123.1567 44.4002 198.7120 49.2708 209.1439 59.6869 97.2261 103.4286 123.7226 143.5310 76.5937 130.5189 45.7832 90.0965 144.3957 78.1160 148.1520 155.5485 57.7568 196.1601 64.8787 121.9879 131.7481 94.9694 132.9324 140.7297 137.3031 45.9286 185.9700 160.6245 91.9228 126.4462 65.8510 138.8365 179.6121 101.9572 11.4194 143.7488 142.1808 142.7498 124.5737 86.4920 88.4694 70.8295 69.9352 99.6743 180.1231 43.6711 190.7458 121.8387 135.5155 146.4012 181.2495 80.1426 109.9249 92.9153 35.9310 123.6475 91.8685 183.9037 205.2868 119.7135 190.8695 43.1234 154.3689 108.1583 65.5465 98.8450 154.7375 98.0200 29.0722 107.5101 88.6403 78.4034 185.2980 40.2501 94.3650 251.6739 78.5076 52.8086 142.8529 127.6634 229.8741 16.8598 103.1745 90.1180 162.9815 155.3565 45.5967 100.9874 41.5743 188.7175 55.6572 134.4806 188.3498 96.1415 26.6092 83.5884 136.3379 183.1010 78.5550 95.5295 69.6070 61.2409 46.1281 90.6574 120.6301 29.1604 76.5576 4.9538 65.1022 94.9509 46.0583 49.3295 130.0019 127.2941 184.0215 166.0947 159.5016 32.3261 167.0697 114.7017
175.1932 89.0717 253.6475 148.8908 150.2036 124.5601 0.0000 114.1459 96.7413 131.9635 21.1975 107.1048 7.2060 95.8503 39.2026 231.2067 28.6948 36.1299 140.7734 104.1063 88.8383 117.3343 45.8652 92.7519 199.4356 75.8993 167.8414 117.3558 41.0030 136.8683 95.6150 67.0113 82.5001 240.2649 32.5235 223.0532 167.7149 269.8591 69.8537 110.7316 163.5342 147.8876 87.7055 153.0568 123.0012 167.4112 15.7563 190.0507 111.1252 108.9940 215.3599 158.8365 171.8383 151.2180 142.2141 131.9420 65.9650 98.5202 227.0801 150.0818 128.4308 24.9257 143.2503 80.0433 134.8057 192.6378 57.8656 82.5681 150.3191 81.9464 89.4290 19.2681 24.0424 180.6640 74.6348 123.2397 192.0081 129.4851 25.0553 114.0455 98.1580 178.0067 46.8823 106.1251 47.4131 63.0041 124.7605 96.4618 124.3060 86.7327 51.2231 128.6201 128.1027 230.8339 86.9215 59.8585 194.1613 97.6838 222.8694 105.1637 172.0722 172.2029 228.5507 72.0416 25.2708 63.6763 84.0655 74.1568 106.0248 36.7705 79.0392 17.5828 4.9816 175.0267 144.6565 27.1442 119.2211 64.8561 90.6097 141.3186 40.9741 67.7356 182.3348 58.3851 140.4992 81.3545 47.7930 115.2190 188.6652 87.3533 94.1390 90.7715 42.5000 70.9379 52.3524 99.1260 142.0571 94.2466 137.3805 164.1681 102.2059 90.9475 67.7133 115.4581 108.6374 207.5225 97.0693 114.1497 154.7699 98.7539 87.4844 122.7321 109.1640 96.2531 54.0704 25.6063 46.4563 89.2259 83.8147 143.0370 52.1157 226.0895 111.9419 117.0763 109.1322 98.9929 251.0663 109.2697 192.3469 99.2454 71.4345 133.8905 111.8600 115.5902 145.3857 117.1155 9.9821 111.7682 28.6011 252.7246 129.9067 70.1790 39.8009 118.5275 65.4767 145.0246 163.5652 133.3200 147.8598 126.9537 143.1546 60.5881 14.0636 89.6176 90.2788 45.5313 71.3453 24.2149 101.3817 102.4980 113.2616 216.7698 87.0026 82.9590 88.9924 189.4593 160.8515 73.1948 128.0546 86.4382 216.5162 59.0624 107.4946 132.3956 161.5455 92.9987 108.2398 26.3705 120.1794 128.5957 55.2650 55.4943 55.4726 40.2539 233.6852 12.3701 209.8617 219.8254 105.7050 120.6907 118.5409 9.7081 159.8671 202.3101 127.0013 136.9930 105.8664 29.4063 77.6267 96.1488 124.2202 48.6904 18.5188 201.1537 87.8552 2.2673 102.0386 74.8654 70.5642 16.7166
212.6880 153.6530 46.2794 57.3294 160.6147 140.9930 114.1459 0.0000 152.6294 128.2632 35.1785 103.0563 94.0858 171.1814 102.9714 106.1596 172.4351 264.2873 16.0754 20.0735 212.7437 152.2795 60.9586 76.0649 89.0127 159.1824 68.2434 115.1338 128.1454 185.6330 28.1261 135.6234 34.9335 115.8462 188.8194 92.5885 43.1435 83.1046 86.2580 73.8835 125.9950 109.7877 103.2392 117.0863 146.6849 204.4869 5.5622 175.9455 129.2087 88.4695 119.4954 148.1445 90.3295 130.3670 22.9705 102.3289 131.9394 107.3415 61.7335 28.0554 151.3388 46.8760 155.0142 14.7584 40.6692 43.9438 65.1945 208.0731 116.4474 5.2592 118.0598 129.4162 144.5136 153.0703 67.0273 32.3335 114.4336 151.7689 87.2250 151.5006 168.6411 126.3070 138.5608 74.3543 149.5255 19.4550 98.2801 97.7355 59.4088 173.8690 163.7895 58.8902 61.3323 111.1383 119.0650 190.0742 113.0558 78.8520 83.7448 89.8198 84.9442 25.3110 61.6055 83.6207 74.0413 145.9081 69.5280 157.7009 169.5153 57.0633 101.3448 129.4371 247.5501 65.1731 82.4845 102.6914 101.6634 64.3166 57.9759 129.5915 231.0061 53.2093 74.4025 196.6623 160.3927 49.1569 100.9522 116.3427 124.1960 110.5576 111.9808 106.5605 90.4162 38.5036 21.0663 79.9835 75.9055 188.4972 38.8549 151.1600 88.2422 163.0185 43.9749 65.3386 81.0605 154.5369 98.6971 154.5867 172.7122 169.0112 56.7401 182.9418 39.8825 99.8535 4.9370 23.8894 121.0666 89.9700 60.8552 12.3979 120.6801 100.7190 218.2239 90.9058 128.2782 72.8208 200.7915 201.5395 88.0521 112.9564 76.3165 168.0518 32.7655 87.9952 43.9646 88.6769 171.5120 122.3097 109.0798 68.3335 193.9816 133.8248 137.9347 184.9769 40.4887 92.8984 184.8340 144.7285 125.1324 91.5937 194.9420 93.7600 77.3040 102.8869 115.6453 52.9454 167.5582 133.8012 87.6603 79.3730 105.9876 168.2624 63.8586 129.6367 46.2605 59.6227 134.6346 39.8820 230.4870 22.2287 184.9969 152.4292 138.8308 1.5561 56.1387 126.0019 83.1393 136.4332 105.6208 121.8124 121.7356 126.4491 80.5988 96.5497 1.4076 173.6627 136.2368 178.7412 92.1731 80.7771 189.3524 63.6993 40.6929 191.1420 100.8703 223.0296 111.0116 17.1673 105.2900 154.7142 95.7575 33.9691 126.4272 75.7783 76.9327 52.4982 106.7048 89.7493 69.0422 38.8247
128.4279 69.9484 148.4582 56.1313 29.5756 80.6444 96.7413 152.6294 0.0000 135.2056 82.7766 67.1064 4.5644 154.8284 148.5873 175.7239 244.8946 91.7876 25.6946 163.5659 79.2816 11.5595 123.7789 278.9365 17.5083 66.0010 158.2761 131.6327 32.2706 105.1815 156.6804 165.7842 120.8658 180.8913 173.0373 207.7642 107.3221 145.9468 228.0252 196.4819 6.3278 96.8881 168.5658 30.7978 49.9160 195.1126 59.0265 70.3340 103.2688 130.6396 93.0983 43.8240 64.4969 172.9044 98.8723 164.3462 169.9053 123.1713 78.5755 107.9234 167.2612 168.0939 20.7391 146.4603 29.1862 58.0006 69.5075 41.7804 138.0208 110.4276 108.6713 58.3852 112.5220 82.5807 140.2271 86.4261 166.9180 101.6094 10.9378 161.9244 49.7373 93.0992 27.9875 157.7286 135.8702 24.3746 162.0906 175.6101 91.4876 58.8459 171.5425 133.4880 71.1615 124.7059 76.4390 88.3719 144.4834 37.1943 144.6395 107.2045 139.8158 79.9709 114.9090 158.0383 139.1742 60.8018 90.4839 195.8421 82.9668 28.7940 182.0987 71.1601 184.8892 298.7702 74.5896 58.3044 109.5167 65.2477 120.1087 162.2081 61.7901 100.0171 58.4869 107.8015 63.7734 26.7346 102.2503 142.2845 82.4838 87.3984 199.8293 57.9120 104.6915 112.8839 136.3609 70.8101 110.8122 68.7427 65.8659 69.2657 6.4551 37.4102 85.6453 46.1589 61.2914 92.0758 38.0100 140.9135 76.5699 211.2145 75.0764 30.5615 178.8665 81.3928 163.3954 30.7533 105.4989 124.4109 146.2277 14.2535 188.5230 228.3086 133.8438 171.2205 134.0015 64.2603 150.7930 80.1239 161.0145 14.8322 139.5049 142.3878 108.4150 62.1783 102.7588 77.3847 76.0523 38.3910 82.8690 34.1696 151.8082 51.7489 139.6833 33.6616 123.8747 41.6323 204.0935 165.9652 47.8858 158.1908 86.9836 115.1874 124.0880 135.1445 61.8660 48.3293 113.4040 34.2363 10.6890 108.0296 94.2180 130.7972 33.1099 100.5868 10.8965 22.4043 124.1577 70.6506 56.6853 85.9997 62.6244 8.0302 108.4301 129.8514 141.5445 81.8397 60.7172 126.3740 141.5010 122.9542 131.4056 17.0185 3.9762 28.0869 191.0711 92.1740 25.3758 132.7556 145.5844 38.2515 108.3736 60.7492 49.4700 152.8430 59.4583 173.6934 29.9690 18.1039 32.4731 147.5908 127.0616 91.9433 48.8323 67.1091 178.1916 226.4319 73.1473 144.3196 135.6939 136.2613
192.9625 156.4779 127.6030 93.5790 86.6924 115.8915 131.9635 128.2632 135.2056 0.0000 98.9210 105.0290 128.9348 37.2975 124.0507 35.1875 83.8643 39.8863 90.1079 136.5447 115.7736 145.0604 182.8603 191.8902 41.8796 119.8192 94.3001 124.7187 149.5982 73.2985 111.4010 117.6189 50.1429 70.2118 95.3378 51.7259 161.9833 59.8263 159.1252 24.6628 171.6301 86.5550 124.2756 108.5706 123.7932 124.1494 13.1762 112.4640 128.2034 55.7543 157.8927 21.8411 50.8628 105.0921 122.6122 13.1051 120.4508 87.1603 86.1192 15.5779 39.0963 181.8664 83.2526 55.3855 120.0555 91.6265 88.1462 106.1811 168.1131 3.7972 269.8832 176.8430 185.4373 120.8547 91.6994 106.7968 59.9182 27.2681 99.1885 221.5483 97.4115 129.4973 35.5077 125.9062 166.6866 96.2148 97.1691 0.0679 118.5353 89.4297 181.3945 65.5405 66.7349 118.2235 88.2294 166.9278 165.8990 19.3625 127.0737 139.4696 18.5373 110.5169 123.1301 191.0586 216.4036 115.2691 192.9487 58.7727 43.7307 131.3984 113.8287 147.4122 177.3441 103.6290 83.6779 31.0721 107.0126 113.6894 34.1729 76.7776 152.0252 32.4945 100.3628 184.6817 31.3183 70.9935 66.7782 171.0872 107.7522 187.5061 121.2174 191.5270 117.9530 45.9925 61.5322 60.9017 66.3226 123.3145 102.5179 118.9902 116.2181 121.3740 63.5981 58.9487 14.9935 26.3662 171.7560 127.7249 104.3786 194.3160 36.3371 170.9224 175.7155 135.0527 151.4318 30.3535 90.5001 30.4177 48.0931 122.2214 126.5013 117.9716 129.4098 70.5530 152.8320 45.4132 35.4133 101.3477 114.4465 55.0533 115.9664 104.5419 64.9480 83.8014 106.0944 38.2813 66.3660 140.6124 146.6911 129.4492 57.4520 61.9142 98.8801 66.4208 122.8696 82.4109 129.3954 93.2718 219.6005 176.1571 20.0152 51.7392 152.3306 48.4407 135.8731 56.0552 161.7827 68.2611 145.9471 63.6811 70.4458 136.0744 214.5897 176.2543 93.7511 63.0777 179.9273 46.7910 80.9222 8.7064 42.8799 104.6826 60.0987 170.6671 38.5018 118.5500 225.0434 8.2342 149.3618 115.0787 74.2297 183.2408 29.6368 68.2281 211.3307 117.8976 200.5056 92.7804 126.9648 35.9808 76.5779 107.3308 192.1818 115.3030 69.9346 96.9005 186.2702 132.7109 52.7588 75.3467 168.5679 137.2864 135.7058 160.9988 157.0533 121.2887 128.4906 79.5321 156.4483 169.2205
101.5945 193.8830 120.7817 89.2390 128.2649 186.7251 21.1975 35.1785 82.7766 98.9210 0.0000 72.1205 139.6760 157.2105 79.0372 96.8015 130.9883 19.2433 31.5231 129.4310 223.5093 72.0719 117.1612 81.1299 141.0725 124.4610 129.1316 92.1767 74.3147 53.4713 103.8117 118.4929 67.1757 36.5296 238.4989 46.6208 90.6589 177.3782 114.6182 86.5362 98.6975 94.2521 99.8128 77.6430 38.8215 83.9252 179.7363 67.7020 127.9985 58.1266 184.9213 36.9508 120.3020 82.6619 108.1635 33.3650 127.3410 204.7107 69.7672 96.9910 45.5308 86.2992 145.1245 92.8651 77.4598 74.0694 78.8986 69.1945 136.7547 97.5854 112.1537 155.7175 83.1977 31.8882 31.1146 117.1958 72.1101 54.5695 101.2344 164.7772 146.0950 67.2264 188.5621 17.1575 198.2823 30.0357 30.5585 124.0763 99.2198 196.9849 119.1959 178.7191 195.7364 134.1481 84.5679 92.3534 145.5017 163.4547 103.4822 141.5192 74.1118 36.6650 108.6989 134.4932 10.4487 187.3218 75.0271 42.3997 83.0213 75.9382 131.0959 126.8614 125.1490 78.0803 114.5229 39.5799 64.4511 229.9720 141.1764 99.1354 136.0952 75.1164 12.2628 238.7672 21.1281 232.5681 179.9340 187.7216 127.4973 136.2921 79.4382 95.7995 83.9647 114.6924 108.8218 144.9246 71.5856 92.3443 119.5196 178.1529 116.5195 136.2995 150.9817 219.1966 148.3553 76.9758 380.6127 119.9521 78.8603 155.8215 147.4322 60.7760 126.6201 236.0453 93.9852 120.5057 37.0859 115.9047 37.0044 91.6789 48.7972 174.9054 89.2260 111.2097 235.6579 87.7867 98.4193 55.3369 69.1634 104.8472 47.1072 66.0234 92.5716 66.2911 181.6772 104.6169 138.8766 24.5181 102.4152 138.9670 113.7480 90.4120 134.2821 67.4239 94.6893 9.2941 33.4023 108.0581 169.3844 60.0407 2.7756 134.6083 63.3714 177.6468 3.1268 231.2437 118.3253 55.9991 210.5546 57.4289 67.4718 64.2264 93.2932 98.6839 172.5912 111.8092 119.9227 154.5519 187.2716 197.9542 93.1118 232.2888 110.2219 168.9716 62.1992 147.8101 43.1198 4.9324 112.3577 171.0711 78.1235 110.0934 114.4843 96.8189 139.6054 77.9844 144.5902 81.1266 90.7823 108.4476 133.2825 136.4453 151.6225 99.2374 47.2191 102.2150 169.4184 84.7218 7.3832 190.2628 96.1527 105.6786 115.3387 97.3025 195.7048 64.6253 38.2899 87.7421 60.3896 74.6133
78.8603 211.0538 106.2225 64.6030 113.1019 97.8494 107.1048 103.0563 67.1064 105.0290 72.1205 0.0000 84.2086 53.9114 35.9618 94.3965 92.9725 61.8398 232.8784 119.7873 125.8012 24.1468 52.1345 80.3418 75.5650 119.4006 143.3305 115.0620 114.5215 40.2186 22.5345 124.9783 122.5453 168.7790 240.6796 91.3032 85.2790 155.7977 101.8723 94.9406 185.5982 116.0254 107.0058 81.1611 119.4888 143.2100 36.0407 72.5951 68.8296 120.9936 149.1047 85.4897 67.9914 48.1561 79.4377 135.9242 96.8542 163.2403 141.4722 30.8233 118.8599 12.0420 5.3280 78.3721 70.7378 45.5119 197.9572 112.0155 47.4266 104.7485 155.2908 155.2673 81.0707 67.2817 197.5970 89.1442 59.2791 106.2972 81.6555 176.0877 106.8247 142.8116 75.5444 81.4630 113.0510 119.3285 115.5264 100.0477 152.8907 33.5592 51.1420 19.9453 55.1737 117.7528 174.2636 54.2663 96.4065 47.5550 106.0522 108.3095 123.6625 67.4406 105.6457 173.7465 111.6556 94.0603 214.1643 39.7332 139.0558 175.6015 117.0521 98.6493 6.2669 39.5811 202.8153 80.1934 121.5762 101.9722 53.4058 170.7656 123.8360 152.0817 81.5135 94.3492 26.5553 90.3453 134.8326 165.9466 100.0667 183.7914 86.1288 137.9643 36.0483 79.5921 164.2427 41.1198 144.9080 66.0620 184.6898 159.5722 48.4296 99.3565 126.4816 26.6830 49.0783 25.8766 115.7909 116.7805 137.1043 54.1224 215.6073 163.0068 95.7446 139.8813 128.3015 131.3409 82.6920 167.0768 85.6368 89.6483 126.5587 78.7657 52.2472 70.9458 240.5921 177.1864 61.4080 98.4131 129.0316 127.8692 15.1826 29.6886 76.6974 106.1427 126.6622 16.4482 127.1563 108.9276 156.3190 63.9348 71.5954 148.0302 24.9948 38.8468 128.9470 151.0757 60.9847 89.4916 26.6165 32.7984 52.1398 4.0946 105.5936 111.8387 147.7345 164.3712 100.4672 161.3628 123.6717 213.5817 249.1668 121.3080 236.6053 137.3531 130.6198 80.4309 129.4640 98.3911 95.5069 87.3489 151.8734 193.8338 259.0343 178.5608 138.2634 159.7260 52.0505 92.2495 127.4272 119.4004 182.3495 95.7440 115.6849 12.4086 157.4561 142.0945 75.8300 84.0010 158.0082 135.7380 86.1806 65.7506 91.0977 5.8378 88.6461 166.4685 106.9614 141.1146 84.8675 32.2268 95.2188 59.4098 88.1718 124.5682 86.9077 135.8921 140.8789 111.3464 62.1277 5.5465
143.7496 151.5640 163.4807 87.9764 27.6321 95.1000 7.2060 94.0858 4.5644 128.9348 139.6760 84.2086 0.0000 61.7004 125.7610 33.9860 142.7670 220.9307 38.2224 111.1504 113.0269 66.1277 160.5208 142.0712 49.8287 162.5983 133.9433 199.6547 107.1805 172.8376 36.4290 152.9144 109.7138 139.0501 151.9574 82.7168 80.3429 60.9398 77.3730 137.7949 176.2344 24.2730 56.5826 92.0211 67.9317 135.2986 144.7656 34.6862 93.3896 45.7729 24.7682 164.4605 43.0221 71.6969 146.5142 76.8283 155.0541 145.1635 103.3707 85.5323 185.4752 171.7230 49.1612 56.3805 58.2173 51.1704 27.2065 217.0428 21.5776 152.8524 136.2113 50.2645 103.9108 147.2498 162.2155 73.8063 103.8264 207.6487 120.9845 120.2645 83.2161 125.2362 128.2028 53.6788 86.6860 127.7668 116.2415 209.8177 13.8238 76.3956 89.9874 200.0011 136.6218 42.3859 53.7603 17.7604 144.3122 92.2918 158.9715 152.3602 53.7338 134.0315 73.6178 48.0404 85.8555 178.8506 118.7321 26.8370 187.3097 23.4607 64.1576 15.3214 143.6513 107.2153 92.4295 128.7526 58.0623 144.4224 143.9699 114.9266 159.5935 202.2298 150.7788 167.9333 37.8961 92.3083 94.6864 98.9124 92.3953 94.6530 154.5588 195.0554 165.9880 126.5763 60.3871 102.7062 64.2495 105.7687 182.8635 99.2889 43.8077 155.7013 37.4871 104.2717 155.7678 55.3050 77.4731 159.7518 196.8286 38.0213 135.5467 93.7673 21.8835 195.7230 108.0007 85.7047 95.6820 137.3850 69.1184 111.2616 106.9553 91.7771 109.3029 104.2037 46.4891 144.1294 181.7203 42.7630 121.5061 143.6219 117.5206 197.5946 168.7426 126.4918 106.4998 236.0059 107.3755 198.2791 114.5900 109.8151 24.5903 156.9803 55.5438 28.6795 130.8619 96.8270 114.2429 76.7125 76.2475 29.7781 69.4937 74.7536 111.1324 126.6599 53.1755 128.8840 96.5439 66.2529 137.9849 138.0182 78.6126 33.9692 186.3556 79.2171 78.5292 17.7413 2.8333 27.0278 73.7916 119.5569 192.7351 131.4481 143.1451 94.5921 89.7351 133.8081 156.8350 64.8856 100.0015 141.2431 178.9709 99.3714 101.3814 125.5890 135.8264 65.7758 96.8914 199.0788 117.0154 20.7517 16.7243 101.6423 110.4931 53.8066 120.9393 68.9492 28.1458 216.0125 119.1195 141.1559 136.6249 73.6607 148.9345 213.2981 215.8516 254.7045 170.2160 19.7639 130.0582 114.7614
143.5726 63.4761 79.1900 137.7489 130.6808 90.1768 95.8503 171.1814 154.8284 37.2975 157.2105 53.9114 61.7004 0.0000 44.9116 36.1138 113.4565 135.6628 122.9768 98.1065 114.9965 3.7109 94.5194 113.0120 137.0884 111.1540 115.2569 62.5961 141.4248 5.7363 40.9097 55.3465 49.3671 85.3231 103.5685 163.0635 126.3122 164.8877 152.0720 172.1453 67.8760 133.7202 205.8360 160.3272 91.5373 104.2552 78.9245 77.3786 60.8513 73.9216 45.9485 141.3046 72.4349 170.1445 85.1855 106.7540 17.7322 216.1425 106.0628 112.5471 87.7290 82.2813 151.9111 150.6629 110.6349 140.0055 177.1809 158.2465 130.4375 117.2644 118.9700 63.6674 97.2309 144.4124 101.4271 39.3440 178.8280 102.0907 5.2665 100.2296 94.8931 131.2181 65.2001 111.0200 84.4423 176.0271 197.5079 29.2673 28.2624 48.1224 64.6992 88.7186 246.3437 64.6122 142.5071 166.6498 173.8981 173.4093 62.1890 78.6679 88.9139 104.2648 66.7343 67.6918 188.8684 55.0522 89.7694 47.3431 82.2565 118.0725 122.3241 231.1292 69.1436 1.0732 136.2275 149.7441 66.8362 115.6812 144.8136 171.5593 132.1413 105.0302 104.2265 64.5414 79.2819 111.8270 190.0308 111.9843 29.1470 117.7712 90.3950 140.3480 129.9182 169.0200 144.0319 81.7327 55.1924 98.5298 153.2053 144.3171 153.9483 83.3010 144.8904 32.1541 158.6063 41.0114 95.7422 9.5572 154.2047 144.2950 27.1935 101.4897 140.4886 95.7318 87.1598 115.1486 83.9081 128.1516 181.9295 122.7467 120.0545 21.7259 78.9195 72.9541 65.9243 154.5733 223.3898 140.3911 89.1331 271.5549 99.7821 69.8385 144.7832 123.3574 193.2228 126.3993 147.6954 39.8452 239.6150 116.8947 107.3020 97.8182 81.1933 132.9350 104.9710 29.8532 170.1619 14.8841 157.4044 125.1941 121.1527 136.3015 38.0366 121.8631 174.8750 79.3961 59.0301 150.2733 150.6975 60.7369 123.4285 90.6453 88.0175 162.9406 13.8708 32.5407 160.8130 214.0114 105.2511 35.3645 222.7374 169.0203 192.3650 90.5153 15.4612 106.2077 122.7437 29.1795 25.9604 84.2986 120.1904 67.6537 41.0576 172.8122 77.5779 49.5925 169.1356 207.7959 54.7846 144.1271 210.9047 42.3395 120.1531 95.0291 106.2076 69.0824 59.8459 153.8467 81.5456 147.0639 158.0218 31.7133 92.2497 53.4435 109.1028 69.5948 62.9949 69.2543 135.8455 76.8862
42.9678 152.0459 168.8387 127.2122 136.4945 55.9091 39.2026 102.9714 148.5873 124.0507 79.0372 35.9618 125.7610 44.9116 0.0000 183.3607 88.1780 80.9839 192.3981 2.6158 104.2192 167.4438 152.3709 60.4643 103.1666 44.2373 91.1622 76.8065 190.6295 111.4280 83.5147 47.9798 105.0892 116.6460 130.2185 24.6185 42.0163 126.6991 172.7823 139.5760 108.7102 156.2234 119.5145 151.6162 39.9951 110.4537 149.4609 14.7326 36.8557 36.0811 150.0653 165.4295 90.2904 198.5879 148.1290 96.6333 177.7549 44.1156 173.0237 113.9205 49.7325 92.7319 125.4026 194.3416 128.5146 145.7508 88.7605 99.8142 156.8684 131.1292 165.4650 47.4931 113.4435 97.5413 126.3932 128.6416 79.4062 16.5096 129.9791 62.2976 86.3374 164.3675 28.6886 55.0701 55.5390 161.1642 71.7786 40.9808 98.9805 146.9984 132.7454 91.5090 129.8957 173.6796 91.1483 52.5284 189.0949 124.0081 165.7729 31.3272 149.3119 62.6398 49.7721 13.1184 122.1615 19.1568 200.7681 163.1704 163.7456 118.7417 90.6468 52.3144 169.6731 144.1199 88.7511 44.6943 181.9773 82.7823 222.3650 66.9260 11.0071 87.1461 131.5586 36.0163 193.4033 58.6870 148.6211 236.4125 33.1327 223.3775 55.2705 103.7425 52.2742 72.8969 29.5605 217.7816 180.2097 36.6493 149.6777 100.4957 46.5148 233.4204 95.0259 181.5843 135.2448 17.1265 162.9036 83.2140 103.9708 100.0596 30.8061 125.2098 63.9334 189.1260 127.9764 87.3279 126.9242 112.8486 97.2235 136.9451 150.6250 118.8410 97.1282 146.3067 121.9008 65.5130 71.4419 105.4433 187.0489 84.0887 133.5571 62.1854 139.0801 119.5147 137.4519 89.1664 58.4444 107.0335 92.4146 144.0103 93.6291 122.2158 164.7013 153.0645 153.9103 81.7546 117.8080 84.0889 97.3360 159.5462 60.8762 55.9806 97.7093 91.4555 84.6582 4.8089 62.3328 99.1682 148.1988 208.4308 160.2572 176.8211 115.5919 18.8019 34.0388 55.6096 101.8393 150.0707 58.8091 36.9570 40.4177 76.2098 127.8334 151.6334 165.7133 92.8095 115.4439 281.6306 103.9333 123.0144 121.1095 7.6233 23.0268 131.9775 6.2980 128.4154 83.9644 169.7453 88.7616 160.5782 237.9812 166.5744 176.8882 93.4438 38.2124 169.6940 96.2964 150.9794 88.3123 107.1801 22.6548 80.8154 160.7535 136.4442 136.2783 173.6056 27.2651 92.1692 206.4840 176.1807
131.4736 151.7133 171.6025 126.1511 93.9751 147.8003 231.2067 106.1596 175.7239 35.1875 96.8015 94.3965 33.9860 36.1138 183.3607 0.0000 145.1591 86.1659 129.1398 42.6884 135.5506 97.6199 34.0992 136.1992 118.4017 143.2916 84.1801 90.1254 89.3317 125.2861 191.5903 44.1859 161.6219 115.3626 198.5917 72.5135 125.0129 101.8493 209.4538 184.9719 34.5328 69.0230 157.4607 92.9229 62.2106 126.6154 128.1712 54.1047 189.5949 8.5956 74.5913 52.5041 94.3079 57.8072 211.2233 86.2281 61.2306 68.1840 37.7397 158.9803 191.9320 168.4454 146.6137 41.5729 62.8351 98.9412 73.9440 110.3407 125.4751 208.6193 180.9349 83.0817 196.0474 33.8600 101.4035 80.6783 102.7734 151.2095 142.3627 175.0074 175.3346 53.2874 179.3370 21.1472 110.9061 86.9105 119.6045 117.0647 156.0760 102.2406 46.5365 76.9321 187.9823 204.1159 130.2660 101.0046 88.3127 102.1256 80.2003 76.8548 49.1504 152.6552 151.1738 114.4689 182.1417 108.2387 122.9707 152.0273 63.9754 259.0779 146.0052 92.9611 122.4017 39.0083 178.1862 54.0193 147.2645 178.1132 33.7561 16.7156 75.3383 154.7886 145.9534 97.0668 104.1110 148.8028 98.7744 17.7833 67.7754 138.8407 117.5951 70.7480 146.2719 87.7979 71.9822 42.4939 71.6530 11.0344 96.2434 99.4866 64.2142 7.6821 95.9565 139.2253 107.2827 137.5381 89.1894 118.3573 151.6193 63.0760 34.6378 79.0896 124.9004 104.0453 87.3251 75.5491 144.2005 83.6961 49.6245 83.8724 105.7159 162.8610 91.6489 139.7496 72.5163 142.6377 62.6626 170.7969 207.8739 191.7760 101.8012 165.8326 192.0632 91.6385 219.7081 66.3597 83.5091 133.9392 76.5214 154.4041 195.8913 30.8639 33.0225 181.3182 74.1922 104.2419 29.6203 41.2657 145.5012 111.0217 102.3253 58.2117 65.3542 87.9107 108.7114 84.2884 134.2855 106.9760 141.3708 182.8586 196.7795 1.9404 173.1281 96.9500 7.6795 76.8525 52.6319 55.6945 35.3797 178.2478 60.8971 151.3707 53.9501 18.8211 131.6093 29.5820 87.9428 146.3665 75.4482 122.0954 111.9225 186.2141 34.8346 200.6591 112.5613 218.9506 24.4939 139.9646 99.9561 136.0489 258.6208 47.9550 220.8247 173.6617 96.8061 203.6524 148.0086 109.5048 46.5972 51.5680 111.1065 65.3126 190.4852 156.3534 58.4920 51.7124 60.8684 140.5130 137.9960 32.0173
111.1043 56.1727 120.5846 137.9038 139.8610 164.5431 28.6948 172.4351 244.8946 83.8643 130.9883 92.9725 142.7670 113.4565 88.1780 145.1591 0.0000 206.9330 134.8091 106.9080 100.7509 147.7081 241.4825 31.9884 8.6394 141.5902 156.7396 79.1051 98.7065 99.4899 147.2476 183.5187 61.8856 127.8772 52.1407 123.4961 17.9783 160.5189 136.4851 115.7690 114.4608 50.6104 56.5432 72.1282 95.9460 36.8142 160.2178 162.9855 170.1563 95.9803 198.3626 224.2943 101.2990 137.8980 93.8564 66.6117 81.4279 57.4950 141.1424 46.0995 10.1086 88.4828 53.6291 154.1477 138.5918 200.1087 118.5003 143.3426 122.0248 72.5021 77.1737 111.8474 163.9476 100.2078 138.3684 74.0454 50.5166 187.2314 125.4745 198.4616 132.0147 105.5931 90.5588 24.1817 84.7548 162.2002 245.0319 190.5072 203.8015 100.1544 64.9061 114.6987 100.5013 148.8487 70.4239 137.8545 134.3087 101.5634 17.6413 197.9213 151.1335 165.2748 104.1343 209.8991 134.1886 148.6076 100.3069 84.1531 10.7790 138.0176 102.3970 70.7253 13.7983 82.6406 153.3926 117.2689 173.2470 100.4639 38.3300 30.2976 14.3325 164.2006 109.1759 78.4879 50.2424 56.5504 151.6416 41.1270 106.5385 180.0241 75.9442 50.9920 127.6385 48.3801 164.3062 120.4875 33.9721 184.1024 177.1091 87.6381 213.3831 92.0887 28.8866 140.1989 55.2403 95.6738 184.1861 133.8997 2.5373 129.3163 66.9928 73.5924 69.3180 38.0586 166.6364 46.0717 52.5301 171.6675 74.7445 42.8389 63.6197 87.7650 41.0768 99.4426 84.9477 159.8816 45.3638 50.7565 67.8294 68.6196 24.5697 137.1300 106.4896 84.0765 63.5104 110.8419 110.7928 158.3913 11.6279 162.9522 150.8950 25.8421 142.3344 151.3476 78.0065 60.9457 112.8022 159.5469 60.2918 220.3029 117.6746 154.9577 61.1552 0.6917 39.2451 112.6848 6.7483 145.9964 112.6457 174.0512 156.4282 121.9180 60.6705 150.6731 30.8903 79.3605 13.5337 161.3670 141.7693 44.6644 145.3493 145.8668 95.0201 23.8897 88.0675 20.9070 134.4006 39.1127 218.4296 75.6013 164.5114 103.5828 202.2741 77.9707 127.3202 197.0297 180.6565 108.2497 49.6595 110.2286 75.3322 46.0106 103.8476 110.2779 42.2431 128.1722 194.3999 120.5980 56.7409 85.1074 72.9013 56.6613 65.5974 18.6293 120.9629 176.5990 109.3611 110.2872 185.8183 30.8410
204.7203 16.2366 169.1480 87.7934 142.1306 55.4720 36.1299 264.2873 91.7876 39.8863 19.2433 61.8398 220.9307 135.6628 80.9839 86.1659 206.9330 0.0000 219.1579 135.4107 185.2461 98.8550 169.9937 20.2498 52.8112 40.7418 136.6909 35.0110 82.9311 51.0725 156.7635 23.0492 65.8101 63.9443 133.7188 117.2611 27.1640 105.8261 49.5362 74.6782 139.0610 177.1210 172.2934 29.8951 224.0561 51.8319 192.2328 143.5392 108.9060 39.9981 144.0507 215.1480 174.7308 143.2909 165.9493 88.2807 36.2440 93.2646 97.7519 90.2695 38.1825 168.5121 108.6111 86.8802 198.1909 85.2305 63.2929 211.8544 151.7309 248.9444 85.0155 248.5908 181.0813 229.8128 140.9416 48.3610 87.8010 138.5695 83.1115 129.9782 34.4914 146.3850 13.7788 99.6816 35.1565 72.2910 186.8952 33.5423 75.3528 182.5091 63.7883 132.9762 72.9635 59.6772 77.9901 31.1797 89.9793 205.1520 160.9402 51.7963 60.4954 199.9834 110.2230 108.2689 165.5637 74.6210 136.9122 54.9602 111.0215 7.2299 137.4249 76.0659 39.5316 204.8133 47.1371 149.9834 97.2739 76.1347 166.1069 56.1528 133.2980 185.3419 81.4492 186.4991 197.1558 101.9733 90.9016 67.4062 103.7122 124.1282 86.4324 94.2196 100.6775 0.0278 33.9720 262.7429 27.5809 57.8521 29.8225 9.0942 283.5514 171.0654 24.6787 44.8528 84.6145 171.2399 172.3634 31.7161 142.1951 167.2787 213.0487 82.3226 24.7193 71.8085 11.5653 101.5087 76.4799 65.6575 101.5219 172.5785 3.6863 138.2087 75.1300 83.4955 76.3837 102.3295 98.3166 123.2756 54.4718 125.1723 26.9410 150.6504 212.4911 140.9020 145.7086 127.8070 173.5306 190.4834 121.0932 3.3698 73.3877 150.5993 86.5247 62.8744 76.8084 162.4728 84.6119 98.8921 135.2290 166.9308 84.0503 66.5996 79.7744 88.7906 136.9576 0.5514 87.6148 133.9147 182.1006 141.3733 116.2275 240.8523 50.1634 175.8861 131.8628 95.6224 130.9139 214.2096 114.8139 89.3200 101.0702 4.0875 13.8494 38.2990 208.9580 193.1527 123.2982 149.9316 170.8934 134.3792 28.4473 119.9767 82.5625 89.4145 105.0782 89.9009 75.2055 49.7371 73.3556 24.5918 114.1716 97.5718 129.6842 155.0611 69.2775 82.6872 62.9042 19.0029 157.2213 26.1975 80.1482 95.8734 113.5271 139.2732 54.7757 170.9380 179.0134 144.9132 141.1114 178.5517
