250
0.0000 16.8451 208.8404 102.6702 166.2313 93.3149 70.8162 13.0822 85.1161 80.7155 65.1587 137.5881 81.7603 118.5611 151.5237 60.4330 110.2508 35.8117 47.1986 70.8166 116.6834 102.5322 132.0389 95.7933 81.8285 133.2165 69.3076 10.3114 41.5997 123.6033 69.3159 184.3636 89.9321 77.1768 192.9747 125.7373 49.9217 77.8991 166.4849 181.1015 144.7636 165.0552 37.4565 39.0910 116.1056 98.0775 195.5826 123.7305 49.3914 126.0005 85.9540 117.5437 93.4992 95.4952 45.2084 98.6123 95.9155 77.8616 84.1127 173.3493 168.0810 84.2378 92.6994 46.5069 50.6827 99.5236 47.6717 41.7380 40.7093 112.2138 134.9703 108.5431 182.9437 84.6527 85.1669 136.5323 61.6264 19.1539 109.7461 204.8079 147.9569 155.1697 161.5034 98.9685 68.1131 120.6262 108.1640 171.0833 50.2490 135.3856 185.7453 81.8881 118.4388 169.1515 98.2207 129.6967 112.2210 74.2024 106.0872 152.3128 129.6783 125.0134 102.3515 95.5378 154.9856 89.0494 222.5377 28.7169 128.8761 22.0881 168.0508 114.3216 107.9920 147.4254 0.7001 12.0739 88.8383 70.4426 97.3181 145.0632 58.2621 88.5360 79.0160 86.1509 81.5048 31.0049 13.4731 69.1968 51.2253 140.8530 88.5311 63.4560 155.6070 45.6103 165.8710 58.4887 119.8751 254.1881 83.8465 97.4388 103.2115 137.4683 132.8092 58.9298 45.9647 96.0461 73.9228 99.7747 82.1122 138.1140 109.8893 67.7740 101.6696 56.7620 153.8496 45.4430 28.1301 119.1908 153.0195 154.9246 66.7510 146.8284 105.8779 191.9781 174.7512 85.5465 146.4833 116.3822 125.3709 34.3902 22.4574 173.2469 91.9518 0.4077 141.3140 78.4544 137.2882 48.4172 61.1027 84.0129 125.4419 34.0641 10.1720 128.1232 135.4868 84.0271 124.7062 79.4226 91.8019 253.0302 128.7157 6.8101 28.9356 97.1222 103.0074 112.0645 71.6541 124.8424 91.3890 155.3852 118.1877 113.4351 143.5248 87.5998 176.8978 69.2973 128.4327 153.8681 222.2586 87.9380 142.7295 138.2156 61.1585 50.1997 119.5662 47.2147 1.6995 170.4119 120.7909 64.3086 37.3187 6.5478 58.7541 70.3841 92.5915 105.4785 107.5551 61.3954 135.7823 202.6444 157.5520 111.9564 23.3552 153.8140 108.8289 134.0693 56.9871 24.4054 152.7058 11.1621 164.6508 120.1281 152.0866 80.9083 114.7492 73.7470 68.6787 61.0910 86.0923 219.8466
16.8451 0.0000 164.7997 40.0252 141.5305 99.8326 75.6364 102.8306 137.1101 127.5528 77.6264 196.3321 209.0596 172.3798 153.2374 82.2647 181.3704 55.4402 151.2811 20.4720 78.2943 160.8251 83.6641 59.6380 19.9179 118.4584 168.1461 115.3254 119.2051 109.3675 20.8709 157.1978 113.8852 175.7321 64.6283 150.8435 57.6160 75.7712 211.6986 207.6184 170.3063 105.3859 118.2307 159.7090 81.4776 156.5185 191.4883 122.4649 62.5194 77.1129 137.3908 62.7477 129.7307 15.9621 39.5190 142.7709 129.9678 63.2473 118.9779 127.9980 71.8841 117.7577 125.7751 110.3595 135.5235 124.1676 111.8824 68.7076 149.9440 161.4450 184.1659 104.6988 54.8443 37.4733 219.7443 87.0085 82.9892 74.2477 97.7889 41.4917 199.2562 109.7596 110.5983 85.3550 151.4432 188.7110 43.2086 136.6528 161.2032 85.9717 73.8172 133.0049 62.1163 72.0757 9.2769 109.2141 100.3833 103.7424 72.5342 168.8636 45.7180 39.5936 86.5329 178.0602 130.2934 32.1885 234.4468 171.6748 178.9465 44.2977 95.2624 58.2781 106.3857 27.9853 44.0845 132.2144 235.8161 135.8854 128.5222 90.5708 272.0219 164.6452 96.4289 53.3003 60.9110 195.4574 143.3995 109.0670 106.7873 165.8991 116.8777 63.7222 225.4505 60.5114 175.0075 37.7135 203.0791 159.6904 20.8270 2.8799 99.0368 149.1101 194.1394 35.7817 150.6727 132.3764 36.9775 74.0976 42.2935 170.4043 133.2186 253.1474 111.1266 169.6816 53.0287 109.1603 128.6478 206.5475 9.0358 94.9712 118.4125 105.0562 42.8487 64.9028 159.4134 65.1717 40.2375 70.1818 49.3982 24.8008 3.5473 140.9039 112.4307 182.2676 216.9774 125.2845 15.0334 85.7867 73.5856 108.0233 126.9893 19.3723 13.7216 95.4231 178.0705 68.1582 90.4792 40.5807 111.5107 210.9412 95.9215 154.9516 75.7675 131.7026 23.0758 149.0479 106.9733 188.2669 152.9492 124.7985 153.3508 4.4750 88.4562 113.6702 185.6172 32.8374 170.7348 107.8105 138.3283 298.4115 37.8853 63.3365 113.8197 85.6237 127.2669 158.4590 176.2747 71.2473 37.6562 32.3802 146.8298 103.7036 79.7175 53.4944 158.7677 205.3688 158.4506 163.3050 84.5879 110.5202 123.0861 165.9147 193.8333 107.8943 27.9793 210.4520 43.1518 129.1668 53.4811 74.4182 104.6186 138.0705 173.3271 177.8298 19.5854 140.5430 70.0865 48.3267 28.9557 84.2396
208.8404 164.7997 0.0000 128.2110 44.5794 77.6827 70.2570 126.3476 77.8021 134.4686 40.7300 167.0801 112.2634 22.1164 142.2408 168.9115 111.9668 38.0645 56.6181 59.2934 125.9982 130.8590 138.6454 81.7173 127.8826 134.0744 173.4612 140.8926 56.2470 198.4920 132.4098 73.0296 133.7564 181.0158 86.2129 0.4225 137.7202 77.9803 95.6799 53.0348 34.2047 123.9104 83.8033 136.5291 94.3875 169.9570 116.0712 24.0620 160.1935 141.2978 133.7151 64.5019 193.4576 100.1757 115.1193 88.4378 78.1888 65.0253 60.7945 135.7375 110.5767 142.6648 29.7394 100.6279 156.1620 110.0733 100.1433 104.7546 115.2455 108.7201 164.1144 13.5154 146.9262 147.2410 22.6170 166.5280 17.4611 91.5796 196.4303 108.8755 25.1084 98.2643 73.7130 113.9943 42.6563 189.2966 64.9101 170.7076 112.3378 202.9162 116.1572 113.9627 80.9279 136.5615 139.7092 161.1695 204.2246 157.3854 221.7798 122.7544 195.2931 109.8147 152.7385 130.2145 46.9595 104.0540 70.9085 34.3550 108.2895 266.4257 48.5217 97.4902 79.3391 145.3551 31.7897 220.6632 64.5514 111.9849 114.5532 151.6357 162.0996 91.0269 38.4899 65.0389 57.5947 46.7905 62.4705 126.0938 149.3853 47.4971 53.2201 122.6925 62.1244 132.4277 131.5029 151.6759 48.6935 207.1111 225.8301 75.2375 39.5417 148.4420 61.9874 60.6016 121.1382 81.6798 177.7859 64.7641 114.3810 59.5832 91.1006 170.8409 110.7494 75.2767 116.4395 144.0039 140.2360 160.8625 123.5922 16.9236 10.0301 119.6264 111.0852 125.3216 157.4175 100.1700 180.0542 31.2723 94.2991 8.3206 110.5805 239.7751 96.4925 60.4671 71.2257 74.0250 81.3537 136.6635 183.5208 70.8304 103.1098 109.0781 70.1107 161.4384 59.6298 88.4717 117.9525 30.2157 25.0141 53.2187 38.8071 104.6078 73.5837 91.3525 172.6273 123.6242 62.1195 96.0780 65.6411 78.6438 97.8368 154.1152 131.2573 132.2941 117.8621 63.9730 142.0548 29.8514 113.1751 171.4587 105.3998 225.7244 32.5744 91.4369 76.9503 119.1437 66.5892 11.9596 75.0028 209.6733 67.7708 110.6005 130.0565 13.7507 95.3317 21.5567 111.6583 182.9988 68.2520 121.8147 122.7067 115.3486 73.3275 188.7180 127.5523 124.4283 101.1228 85.2908 189.9264 14.9780 83.5468 128.5034 157.1503 61.6981 38.2179 169.8145 161.8977 211.0000 129.6832 74.1496
102.6702 40.0252 128.2110 0.0000 49.8331 132.5747 97.3058 85.7682 212.3083 187.0499 44.3312 98.7467 51.6308 76.8299 36.8942 199.0657 30.4967 77.4238 25.6568 85.7030 92.9997 151.7094 32.8328 33.4580 137.4193 8.4296 97.9575 51.6007 104.9508 28.4138 220.6013 143.0031 169.2358 147.4221 168.4667 87.3768 78.6277 122.7241 146.7408 110.0110 68.6496 98.8005 106.2471 151.8991 75.2076 109.0733 155.9250 201.2891 245.8957 99.4928 93.2192 28.2781 98.6756 38.1184 243.1612 75.0273 98.6170 84.8284 11.2643 97.6196 35.8543 187.1871 109.0341 58.5317 108.9677 70.0175 105.9992 227.9627 99.8276 120.3104 72.6599 89.0534 116.5527 129.1240 53.8078 145.4407 84.2714 130.6118 137.0865 134.8034 45.2078 154.4176 129.0234 20.5338 180.7327 133.1342 12.1473 128.6144 180.1699 160.2177 109.6358 39.3538 85.7404 92.5178 92.8318 61.3846 108.7058 86.1846 77.3760 49.1373 90.5890 181.8647 124.1255 83.0548 125.5982 85.2857 61.0276 212.1171 103.5230 58.0034 111.7971 137.3698 54.2375 66.6952 58.2024 161.7599 102.6407 9.7708 69.1528 176.6429 66.3173 42.1595 83.5556 202.2855 144.3911 124.5342 195.8870 90.4641 156.1689 71.0719 3.3419 131.9997 151.6402 92.2240 10.0168 18.8873 92.1614 177.7355 118.8077 8.3329 71.1173 174.0979 163.8998 158.3082 173.9386 99.4081 84.3434 158.0042 106.2929 204.2697 9.8255 122.1913 128.7842 35.2528 83.3282 74.9911 198.6778 158.5037 129.2530 93.6962 114.6645 89.7433 116.3521 191.1104 155.1922 177.2983 111.4398 108.7042 64.5054 36.1241 108.7523 76.0918 111.1231 111.4723 182.6802 69.5413 105.7607 141.1257 43.7529 168.1051 110.9440 31.7370 71.9474 64.7900 240.7808 87.8826 152.1858 87.6998 65.5870 43.9478 195.4729 97.7114 93.8690 122.6482 48.6492 132.7356 88.1557 5.3123 119.8604 149.2768 84.5602 141.4775 196.3227 130.7559 215.1278 72.7091 49.3353 175.0996 78.8057 127.8511 145.8949 216.1295 115.3352 144.8993 22.2155 197.4529 153.5619 131.7241 12.9987 180.1603 68.5763 165.4025 90.3962 157.5145 146.3192 91.2962 87.7943 89.7375 122.5224 59.0235 125.7437 82.0724 230.3095 254.4163 64.4708 141.0406 82.1392 166.9991 87.7113 20.6376 127.1972 76.0612 83.2200 29.7663 104.0323 147.6164 61.9722 50.6715 62.6909 116.3845
166.2313 141.5305 44.5794 49.8331 0.0000 35.7258 101.2027 54.4488 114.7838 129.7846 188.8658 173.7537 110.2604 71.0431 94.1412 55.8441 162.7429 60.9288 135.0919 167.0357 131.8122 29.4416 177.4004 181.0613 91.0667 34.6974 102.2302 149.9131 93.3752 127.0294 99.2844 60.9619 199.4974 88.9073 12.8249 55.2968 115.1537 34.2968 129.2038 125.4354 171.8692 55.7537 142.4393 218.5676 89.3538 225.9283 82.8532 129.4347 186.0611 138.0591 78.1194 161.2353 144.3547 152.2291 264.2093 164.4282 159.1639 79.1205 120.0476 6.2004 25.1174 185.9945 55.6922 170.3008 162.0836 144.9624 58.5436 209.0400 234.2866 229.9255 51.4447 73.1241 34.6671 59.9616 65.9961 39.8072 50.6692 121.9718 125.5214 128.0225 49.4948 74.0375 95.0484 228.4967 86.4747 184.1595 11.3712 79.7866 93.9796 66.3582 134.4140 126.7777 178.6412 152.2866 66.7164 124.5653 103.4200 139.7254 74.2908 145.6619 156.9000 183.4788 137.3769 130.7131 35.7741 69.2495 142.0208 91.8527 149.0765 178.7713 134.1488 196.8261 133.8620 89.6178 85.8162 25.1220 212.6568 110.3168 88.3732 116.0135 88.6169 163.2951 69.8832 52.0124 54.3404 41.3424 144.8318 105.7663 96.4152 27.7403 196.1526 195.4308 177.4070 58.9438 28.6659 130.0431 162.7525 126.7534 192.5316 141.4066 145.2593 169.4018 119.4971 36.6545 176.1819 102.0845 73.9156 53.6025 132.2390 195.3827 36.0846 103.3221 123.3823 82.3094 69.0443 211.1855 64.6791 198.4962 81.6952 42.3213 81.7262 66.1578 85.5080 32.0994 43.7981 79.3103 238.0435 56.0143 54.3935 5.4636 112.2828 100.8570 151.0791 46.0962 256.7898 157.7882 3.0757 113.9699 72.7923 175.0817 48.6479 148.8579 96.1531 123.3383 89.7852 22.2707 131.8169 38.5913 96.3112 61.2630 137.8442 56.5673 175.1859 164.3630 128.0864 227.9760 76.7053 40.5210 125.0257 138.0402 36.8636 144.4100 172.0294 20.5368 181.3419 55.5727 161.7555 152.0708 160.1815 132.2198 162.8525 137.9860 152.7932 134.5793 105.5984 181.4838 144.0734 44.3434 37.2718 11.1737 197.9079 145.2054 40.6299 81.7807 89.9941 115.2354 101.9499 99.7935 169.1276 24.7477 84.0816 149.4706 153.8763 182.5512 86.5142 237.7046 90.4860 147.5907 79.7866 16.1336 85.7314 78.2347 112.5484 83.6477 26.3567 116.6798 94.7212 134.6234 102.3688 76.0360
93.3149 99.8326 77.6827 132.5747 35.7258 0.0000 79.8990 133.4944 29.1772 37.8542 95.3160 103.1119 91.4427 95.6543 103.8878 51.8996 125.7126 90.3033 75.8540 36.8415 101.0545 86.1086 93.8232 109.1667 94.3909 132.7918 44.8961 207.9354 83.1074 75.8746 147.9243 194.9350 88.9256 119.4417 188.7530 98.4979 154.5494 56.3756 34.8442 96.1640 49.9798 165.1641 170.4957 54.9132 151.7566 62.0703 6.3714 104.7097 42.0568 147.1432 136.2578 119.6756 3.5425 163.3794 146.5127 98.2788 47.8293 7.7439 119.0046 24.7723 80.0133 90.9145 159.9228 8.5192 137.3427 107.5228 48.9707 182.7962 154.3490 51.7416 142.0554 48.1825 126.5470 149.8301 142.5124 104.7980 81.4103 122.8248 101.0433 86.5323 14.4511 218.4884 151.9525 133.3401 17.6238 69.4380 61.7135 92.8591 191.9357 171.4190 107.3601 116.5621 93.3819 55.2280 100.2827 18.0473 178.1342 107.0352 151.1394 215.5531 149.1270 67.1126 172.9178 179.5811 94.7041 40.5165 157.4668 40.0810 24.4568 86.5330 99.1256 167.3869 177.5995 125.2598 96.3778 98.5485 83.1600 69.1438 101.1828 104.9215 124.0324 122.3591 65.1393 288.9798 78.7425 23.0424 49.0029 25.8041 100.3188 120.6034 110.5746 116.0894 95.6892 129.6629 98.3524 19.8024 50.6535 10.7547 179.1787 152.5170 70.8100 105.8130 115.9261 197.1422 107.2790 103.8203 106.9515 87.8702 2.3971 43.3789 22.9582 73.5785 144.0687 111.5262 95.2590 59.3354 117.7350 45.5960 75.8018 99.6854 103.2259 54.7002 44.7597 96.2796 97.7778 113.1353 49.7223 38.8761 168.7709 134.9799 28.5765 36.2250 1.0137 8.7100 31.4136 103.4997 146.2034 141.5009 36.7364 43.3495 67.3617 114.6535 121.1954 92.1728 238.9559 106.3741 19.2264 39.7763 100.7734 124.4982 55.9958 64.7236 144.8911 85.0166 156.1419 150.2618 94.3013 70.1724 40.7186 105.0462 117.3067 46.4945 65.0839 184.8416 153.1591 9.4200 198.9966 98.7755 78.5917 40.7823 82.6361 79.1973 63.7174 127.8666 238.3425 63.6791 6.3395 71.0036 35.4986 201.1609 86.8608 42.3410 45.0268 44.9685 81.8499 24.2147 23.0163 163.8852 15.1102 28.9951 177.1389 147.7877 97.6020 48.4458 110.2404 152.5061 54.7588 108.5915 143.1409 141.5371 92.4989 128.6335 60.3767 51.4118 49.0087 33.3696 46.3271 113.9054 128.1372 115.4413
70.8162 75.6364 70.2570 97.3058 101.2027 79.8990 0.0000 148.6695 43.3152 151.1431 120.1286 183.4432 30.2259 112.5686 119.1483 74.7796 208.6323 70.6175 97.1107 124.0257 179.3147 88.2690 225.0513 101.8208 114.1731 83.1655 128.6242 98.0379 16.3368 151.3443 61.2710 205.6864 153.4316 125.3692 35.0895 91.4359 185.7810 1.8387 105.4042 143.3442 134.5941 16.5937 67.5270 109.1140 207.5435 171.7391 53.2165 166.3281 129.4728 62.3190 137.9425 109.3595 130.5644 41.1786 101.1452 102.0357 145.2304 223.9973 123.1683 42.4737 75.2545 187.0800 141.9380 92.6208 66.8522 81.4970 61.5461 237.3143 90.6226 106.6228 129.5746 60.0489 41.8212 16.4209 60.8081 76.4756 133.8985 16.0487 74.0119 195.6190 28.5391 102.0627 26.7690 29.7033 134.9028 23.9111 194.7778 179.2364 40.0138 69.6070 25.4977 207.4327 18.9188 160.7661 149.8955 170.2122 14.6003 189.7331 138.4194 50.8507 182.0797 145.6518 131.2080 2.6070 111.9655 79.5906 123.2478 81.6731 149.4097 129.8513 71.8632 178.6596 123.7565 84.8491 103.8827 49.6645 128.0764 69.8747 87.2761 121.1185 62.1267 102.1864 226.8993 129.5943 41.8008 152.6689 123.4102 45.0607 103.3676 178.3667 60.8508 114.1190 90.5735 137.7011 110.5546 84.0183 120.6876 94.4003 24.4218 4.2837 156.3341 202.4679 129.6726 120.0172 130.0796 83.1096 104.1766 201.2775 141.9384 75.3879 81.5660 89.1488 119.0149 79.2138 39.1129 144.3702 189.9647 83.5419 11.2036 46.1278 71.5819 139.2722 82.8691 152.9648 124.3992 60.7137 85.7321 85.1902 136.0214 61.0350 30.8300 130.2129 113.2107 90.0495 21.1501 99.1042 43.8341 66.9940 165.7467 199.6237 0.7960 118.3550 173.8483 45.6612 109.8118 96.4897 71.0468 121.5782 222.5038 78.4088 55.3029 113.9534 122.0547 141.2675 3.7218 21.7765 140.0102 135.4744 34.0885 84.9681 59.0747 111.6672 103.7354 129.2855 91.7960 9.8751 87.2138 68.5215 136.4537 51.3881 84.6638 117.8523 82.6165 12.0642 181.4676 116.1446 191.5235 164.8479 120.0727 117.5042 122.3261 41.5216 26.0205 130.4984 33.0197 78.0126 118.2086 136.7135 123.6492 2.9833 114.2629 180.8671 158.5589 160.9042 140.4237 182.4969 206.3686 229.6111 74.8177 46.5494 121.6005 153.8407 39.6161 151.9520 69.5962 49.9796 137.9099 52.6503 21.5092 81.2125
13.0822 102.8306 126.3476 85.7682 54.4488 133.4944 148.6695 0.0000 134.9384 42.4217 134.2615 147.0231 7.9531 182.3089 15.7667 144.3980 106.1306 18.8917 10.9759 168.7634 70.1210 72.2613 156.9439 116.4502 82.6099 181.9973 210.5908 81.2686 33.4984 154.9633 160.1274 103.0994 11.4568 215.1413 94.7932 117.5220 26.7358 230.2509 101.1887 212.1051 106.6785 59.8889 145.8084 166.8596 144.1967 36.1434 128.2516 24.2196 84.2815 149.5305 130.3253 26.7407 35.9011 43.7645 199.9229 115.9190 73.1781 65.8895 50.1121 16.1452 25.2293 221.3479 137.1976 98.9246 136.5633 140.9425 88.1918 89.3787 179.4354 87.8411 115.1624 25.6452 157.0586 99.8250 129.6924 122.6553 142.6585 219.3265 69.3232 154.9193 79.6698 63.0089 133.2432 138.8069 100.0391 122.6010 102.8352 93.3205 10.4897 59.6528 132.1189 73.8870 100.4059 71.2884 115.4749 102.9639 166.0830 117.5490 141.1036 97.6830 113.9530 127.6810 92.8604 62.1867 13.8655 130.3488 66.5171 37.8196 3.2945 44.3341 69.3723 122.4745 110.7186 156.3485 144.4406 5.7864 69.6905 143.0482 31.8315 55.0298 81.3344 152.2751 75.2513 106.7993 253.6816 117.1605 136.3454 112.8346 108.7111 158.6308 130.6445 134.6188 180.4287 19.9770 56.9180 98.8387 25.8590 121.5520 112.5935 71.5136 100.6582 76.4016 46.4109 126.0059 87.1104 127.7998 100.8674 217.2748 10.7037 70.6410 88.3407 92.8512 89.8759 74.9854 108.3425 112.5674 48.2822 142.2389 161.7418 91.9271 73.0057 40.9646 56.0673 79.9202 56.5582 133.6072 42.5255 1.3519 158.2855 88.6077 193.8426 187.5338 33.0935 93.1109 9.5971 136.8327 190.4214 148.0974 110.4973 42.3702 98.3466 81.1362 29.9785 167.2530 112.5532 69.7094 237.2835 87.9315 77.6124 112.3718 71.9916 146.6543 152.6378 45.0239 21.9683 52.2499 87.1122 25.6449 91.2535 96.8582 4.2549 0.1261 174.6154 154.2351 0.8892 112.3061 183.3515 145.1347 84.8227 177.8637 78.5997 173.7291 52.4238 181.8863 119.2211 45.8547 159.6142 7.1053 24.0563 100.8544 101.3266 74.8461 59.0926 90.4632 125.8739 218.7327 67.6294 93.8379 80.9512 148.6146 113.0587 193.5725 19.2241 120.5636 61.8784 59.5129 172.7171 190.6993 134.2948 150.6689 82.2074 90.9012 70.5718 44.1261 70.0375 206.3949 82.9886 101.7282 48.2612 114.9123
85.1161 137.1101 77.8021 212.3083 114.7838 29.1772 43.3152 134.9384 0.0000 40.0685 121.2471 89.2258 63.2515 78.0902 96.0697 68.4835 101.3591 151.3986 25.0990 124.1193 143.1437 62.0868 169.6615 142.1197 54.5019 112.6458 197.4973 75.2206 79.7496 74.8679 49.8949 85.1353 192.0143 59.7818 155.9939 121.7141 102.7076 47.4478 146.9845 77.9813 92.1709 68.7896 35.3259 71.8959 185.5288 100.7394 60.7440 164.4136 133.6655 41.1746 73.3529 84.4338 85.7261 118.0501 109.2178 72.4691 27.2654 66.5263 1.3107 105.0105 238.0968 48.7705 243.0725 60.9860 113.8840 172.8310 158.6636 54.5001 281.0234 40.3768 109.7264 180.9436 148.2661 99.7338 43.4469 142.1244 112.0715 107.4259 11.6393 126.6577 140.5623 139.1831 65.4752 99.7618 140.0017 66.3103 80.1789 36.5769 120.4302 80.8068 129.9366 73.2433 52.6056 115.6824 109.6098 135.7686 96.6408 21.0642 210.1957 40.9394 105.5362 146.6235 79.5490 142.9987 155.7960 120.2994 28.0301 133.9004 44.9664 135.3210 60.3451 78.6524 102.6749 27.2045 84.5869 102.1561 91.3629 147.6127 71.0773 137.4849 161.0596 69.4583 53.1052 101.7013 217.8988 112.0455 127.9021 161.1549 78.0270 128.9825 97.8367 125.4048 52.8609 194.4343 69.0871 97.1694 102.3176 55.6589 248.5656 67.3674 82.2991 44.1058 114.6663 108.6032 113.9757 111.4543 33.8814 185.5722 188.3369 32.8449 145.0904 76.5525 155.2886 123.5142 86.8852 184.0046 132.5968 140.2240 97.3747 179.5303 111.6146 67.9793 73.2185 81.9635 106.9903 42.6610 70.6604 212.4854 51.8370 183.2137 141.7500 38.1610 145.9144 193.2350 90.6900 9.5466 165.9399 132.6470 172.2366 138.9519 98.2516 49.5360 71.0807 34.0999 71.0630 36.2014 123.6477 50.0676 107.4268 90.4456 43.7599 66.6775 56.6499 215.3884 114.0823 145.2560 206.3960 58.4681 123.9861 172.3865 145.6106 22.4864 73.8839 74.1405 171.3952 114.7120 35.5691 135.0588 79.0602 197.5591 80.3183 84.2967 71.2123 73.9391 31.4000 71.4910 96.4981 45.2765 71.4430 155.2894 178.7608 237.1585 81.4417 105.4628 164.5227 89.2141 73.5674 138.6241 61.8159 92.5585 158.1551 18.7988 94.0735 125.4684 44.2317 3.2116 135.3389 50.5480 105.3542 139.8751 85.0719 91.0629 71.1376 171.4225 30.4007 33.9148 53.9207 151.4927 80.6917 161.3283
80.7155 127.5528 134.4686 187.0499 129.7846 37.8542 151.1431 42.4217 40.0685 0.0000 123.1170 20.0861 171.6477 62.7447 104.8804 32.5805 83.1097 69.6241 188.4367 181.5032 105.8547 135.4969 91.9455 106.2222 104.8818 162.3253 144.8667 28.8665 90.7822 103.5334 71.6662 193.7990 9.3846 186.5209 51.6279 143.5669 35.9628 176.7287 30.0568 121.1677 88.1682 180.0157 187.4300 60.1389 136.7848 175.6634 97.5739 47.9337 139.7642 94.4117 148.4035 174.9480 7.7072 212.3508 105.9921 112.1267 181.2945 79.4610 58.6392 25.1483 179.8391 79.9643 96.0072 113.0594 98.1658 153.5680 155.0614 23.9054 182.1098 44.3219 150.6830 35.0058 57.5559 169.0459 87.6904 109.1301 40.8598 122.2219 125.5768 96.5412 90.8871 73.8005 142.4703 172.6281 4.1499 116.4052 57.9566 156.6265 113.1656 83.9185 66.7039 114.5005 63.5000 31.3499 174.0830 152.9765 91.0921 35.1241 145.3893 137.7344 155.7448 138.4103 146.7636 79.3586 139.6452 128.7200 49.3837 75.5829 134.4877 118.5355 56.3425 118.3570 117.8425 87.7024 106.3907 79.9354 88.5193 39.4245 110.2995 130.9812 146.2958 153.3834 104.3957 199.5781 143.0368 143.5242 241.3538 109.5052 118.4256 127.6481 107.0892 127.6016 108.2585 49.6725 168.5768 166.4730 136.2587 49.6175 165.2212 23.8915 74.0772 11.2101 38.2343 102.1496 12.4469 95.0314 150.5413 79.8730 122.1928 87.3578 171.8875 79.3481 105.2625 159.1606 120.2164 183.9974 135.7050 48.8127 57.4716 19.4336 30.5603 117.9586 78.5606 140.7493 93.3480 21.1386 100.1728 146.2056 6.0950 85.6718 96.6111 148.8053 109.2109 128.8686 151.9528 91.9784 208.0023 141.6637 62.3262 91.0521 2.7891 10.0259 123.7508 52.6466 43.5482 148.2399 113.1391 116.6980 50.4707 81.3531 81.8807 169.2911 134.2936 170.6012 54.9361 27.1885 27.0139 126.9775 131.5796 130.4882 121.9566 193.2504 52.5851 101.8502 17.2825 65.0151 192.8926 135.9755 11.4506 58.7407 152.0564 55.7402 123.5966 22.1676 93.8202 173.9695 98.5992 109.2043 63.0125 134.3716 128.9857 65.8013 86.1213 172.3009 77.0310 210.4132 13.4475 169.6190 56.6549 107.1986 31.4726 117.4104 153.1977 175.5275 157.9491 53.7632 73.7933 95.7874 100.7738 36.9668 112.7839 74.2692 45.5579 198.2008 107.1544 77.0132 27.5763 120.3911 69.4917 83.0865
65.1587 77.6264 40.7300 44.3312 188.8658 95.3160 120.1286 134.2615 121.2471 123.1170 0.0000 196.6280 111.5965 125.5109 184.3840 138.5030 86.9254 147.5518 123.4010 143.2053 118.0871 20.9913 218.2599 177.7265 80.4139 168.8805 74.5077 30.0988 92.2384 127.4863 85.5271 111.0506 117.5213 56.7774 145.5968 200.5350 155.3404 116.9034 12.6039 103.5140 2.0071 61.6748 92.0967 95.5791 49.7956 29.6654 77.7455 97.1638 114.5421 178.9449 128.4496 87.5693 177.1982 86.6411 69.7816 155.0994 243.8966 227.7559 106.9116 26.5027 32.4476 48.6000 62.7086 124.8045 189.7639 18.7189 83.6964 84.6396 86.4140 79.8355 75.9900 84.2180 30.7785 145.8622 44.4423 29.8623 148.7254 98.8070 50.8487 131.8477 153.9637 139.4024 85.6950 64.4438 86.8475 150.4442 82.9629 178.0547 69.6304 146.3771 184.6845 93.4574 156.2329 22.4103 3.7262 107.0688 138.0937 74.4573 135.3508 162.9614 105.0398 46.2732 113.6351 100.1311 136.7256 85.9522 16.5307 150.5309 50.9751 131.6154 18.6719 113.1003 92.0166 206.6945 167.5874 110.4973 30.8132 59.0573 112.3480 58.9909 138.2592 53.5314 155.7535 207.9916 85.3543 217.2345 165.8983 227.5012 161.1376 16.9300 138.1048 70.4919 124.0990 79.4942 147.6384 43.5270 97.1737 116.0021 185.6632 166.5955 78.5339 75.8904 104.2801 69.0329 26.8511 175.0552 158.7380 177.5130 114.9342 147.7400 72.9343 22.9070 79.3147 91.9015 105.3772 57.5658 60.3165 81.3535 22.3548 131.0508 48.3583 16.3689 88.0072 142.9452 129.0397 93.4855 189.3181 107.8710 94.9315 150.4204 106.9338 74.2297 89.1684 123.8545 70.4495 38.0956 157.6788 42.2443 103.6308 62.3885 149.1053 138.5474 79.7955 78.0150 104.5970 106.7054 184.7601 170.4163 107.4824 88.3144 10.5097 197.5073 88.7265 127.6741 32.8413 149.8027 137.6889 82.9482 53.3632 73.4467 129.2868 108.4722 103.3369 19.8043 43.6765 162.2428 15.7622 116.4710 141.8946 103.8980 138.1054 18.4728 214.4785 65.0916 167.1910 75.2388 174.2200 130.0435 15.5173 40.6503 77.5631 140.8417 167.0044 91.6779 99.1323 117.6560 168.4281 99.7245 77.6240 155.6449 67.3098 200.5575 33.2450 120.8824 119.3361 191.9056 16.0239 142.2812 65.3891 56.0956 147.1114 62.8031 12.4400 10.7231 156.9045 139.6421 116.8783 113.0481 114.9715 65.9201
137.5881 196.3321 167.0801 98.7467 173.7537 103.1119 183.4432 147.0231 89.2258 20.0861 196.6280 0.0000 62.6184 23.8115 102.1317 215.6795 195.6434 124.2809 103.5902 30.1983 132.4094 163.0591 133.1340 7.5060 33.3002 157.9370 168.2603 99.0000 177.9631 22.6378 27.8062 151.0368 182.6395 103.2607 110.3676 133.1711 34.4357 199.8042 85.7914 53.3371 133.7323 94.7626 253.3673 74.7421 107.1236 218.7242 111.1657 134.3685 113.7978 95.4900 131.2057 95.1672 97.2564 95.3705 198.0208 195.8215 19.5233 169.8552 120.7060 147.6974 124.4724 33.6865 286.6004 154.8482 67.0070 101.9710 74.5041 112.9441 64.0719 65.9416 19.6954 72.2979 122.1154 73.6703 184.3697 135.7794 127.2680 159.7900 89.7935 80.8816 70.0997 52.8853 176.6200 95.5757 82.9568 71.0110 171.3930 151.7089 105.6286 58.3324 108.9376 74.2246 69.0315 147.5272 62.7622 101.7254 105.9623 29.2719 80.3313 131.6770 124.7195 175.1335 164.3390 8.8693 114.4689 69.2294 29.8262 141.2296 44.6028 43.4221 126.7059 32.9638 2.3125 147.9807 67.7608 107.6141 171.7041 150.4424 12.0210 155.1179 72.0652 192.2994 118.8114 96.5288 185.2891 20.1916 18.8012 97.7196 57.9321 115.0315 101.3473 60.2944 240.5648 128.5102 82.7598 89.6328 121.8572 71.6790 124.3744 123.7460 74.5640 184.3581 137.9637 78.4866 133.0104 89.5289 141.5931 135.4236 13.0054 187.1510 11.8150 115.3031 88.7224 180.8597 136.1523 86.0234 207.2116 115.8661 25.2105 119.4211 59.2007 157.3338 6.0664 33.6670 73.1039 71.5522 116.4935 84.1692 134.4721 87.3558 134.8654 4.1865 196.9507 118.1997 116.1722 134.7332 23.4387 74.5505 22.3386 40.4163 48.5266 137.6122 85.7348 128.3079 195.5113 143.9624 61.4203 39.4562 142.3087 79.5246 125.7270 5.6731 173.0269 154.6193 4.2369 152.6437 13.4076 36.6087 108.7638 12.4261 36.7127 148.6346 80.0179 135.7392 127.9520 14.9085 82.3931 183.4015 104.7609 218.6111 87.5933 55.5243 135.2234 179.9145 63.5185 178.5791 93.1404 47.9499 72.4784 147.1334 114.0496 173.0981 107.2543 42.1608 136.8910 184.6041 93.9298 171.6936 60.9223 168.5620 101.2322 129.6648 65.8252 140.6986 168.4589 59.4461 217.1379 168.5339 153.4798 123.6371 71.5374 44.7090 83.2428 138.7656 99.8133 47.1675 123.4063 116.9691 6.0051 92.1423
81.7603 209.0596 112.2634 51.6308 110.2604 91.4427 30.2259 7.9531 63.2515 171.6477 111.5965 62.6184 0.0000 39.5742 125.7756 68.0173 145.1557 125.9745 106.3489 108.5770 51.3590 53.7817 139.5370 266.7226 117.3404 158.3245 181.6556 28.2360 104.0477 66.4825 169.8215 110.5115 53.8530 115.5868 47.4256 51.7002 91.5310 148.1519 112.2746 196.8527 95.2500 39.6539 154.8229 70.2527 170.4398 34.7407 57.5985 126.4393 43.1199 50.0603 19.2191 103.2191 102.7498 167.2438 27.5357 215.8837 95.9692 134.3035 80.3685 34.9483 114.2474 101.7050 36.6917 31.5237 0.9080 15.8031 55.7045 57.8493 106.5954 109.0974 65.8923 114.3271 4.3623 54.7466 32.9441 102.9310 65.1376 49.7164 226.9380 93.7761 73.0322 101.5117 165.3229 64.2430 79.3442 160.2948 18.3925 137.4773 155.3898 84.8718 129.7338 89.9789 0.2270 42.7699 153.2058 78.1084 57.2096 90.3428 104.6397 190.1358 114.4020 68.8582 130.2613 76.6502 52.6503 71.8090 86.2764 227.4797 129.0854 160.7754 32.5131 33.0192 205.1878 34.1489 129.1763 139.5188 37.5723 152.6853 144.1182 148.7012 145.9947 81.0008 78.4985 91.9080 129.7965 202.7436 22.4836 80.8290 91.4181 143.5278 145.9814 152.5258 207.5637 113.6579 26.9459 145.2935 79.2866 147.0171 91.5003 73.8379 71.6070 20.8870 55.3077 58.1436 106.0469 99.2781 129.5211 128.8862 174.2256 91.3042 33.7005 110.0825 185.0180 61.5197 91.1972 101.5909 199.6132 208.4297 154.4878 98.6225 141.8783 147.7338 109.0671 146.8335 88.8656 58.6626 92.5675 39.7867 17.0013 207.6459 209.2958 92.8605 169.8811 55.5196 104.5316 52.8170 5.5897 111.4212 231.0073 98.7842 38.2228 163.3957 155.9210 71.9781 73.2765 60.2134 158.3279 70.9143 166.6333 58.2116 221.3504 37.6134 131.7786 144.5112 59.5880 85.4208 124.3275 80.3830 23.4435 119.6480 70.2272 55.6373 124.0958 125.8265 106.8245 124.2297 133.6311 75.7068 162.1863 91.8862 199.5990 155.0628 242.8750 161.4474 65.7573 178.0308 118.4021 125.7217 122.8777 182.8457 108.3051 201.8400 155.7086 76.3101 139.8673 33.9289 102.0915 187.6784 17.0129 77.5146 81.8524 182.9745 200.8937 88.5914 91.4922 148.7900 165.0572 73.1561 154.9203 125.7153 66.4772 43.3638 8.7084 117.2430 198.0760 109.6190 95.9391 55.4542 122.6834 120.1495
118.5611 172.3798 22.1164 76.8299 71.0431 95.6543 112.5686 182.3089 78.0902 62.7447 125.5109 23.8115 39.5742 0.0000 69.4002 144.9710 165.8144 69.9587 160.2738 49.5937 13.5106 171.4330 111.8670 138.1311 32.4947 68.8446 143.8501 181.7327 172.1877 101.4217 120.3482 122.9198 21.4121 151.8333 86.1759 92.2228 62.0947 104.4683 200.9089 196.8537 164.1356 24.1009 66.4521 54.6642 99.8500 85.3170 126.1707 115.3004 61.6010 111.6666 49.9907 185.3199 59.2887 18.2145 165.7469 89.4458 35.1560 169.2994 98.7991 30.5152 164.7228 124.1361 57.3659 94.2759 78.9572 71.9525 82.8120 108.5369 135.9056 131.5688 91.7294 84.7497 110.9051 82.4102 181.9983 26.4961 22.1725 176.5262 71.0059 97.5967 124.6065 35.9206 83.0472 102.3204 98.5704 128.3324 55.9133 194.4976 186.2919 87.2947 55.1848 89.4034 75.7178 166.0111 145.9979 93.9304 51.7503 64.0814 118.7896 171.0092 256.3951 80.4502 149.4391 80.0407 105.9782 59.4835 116.8496 18.1306 156.7189 33.4714 125.7298 146.5292 53.9958 193.5719 85.3228 186.5712 214.3773 26.6264 193.9085 102.0435 58.7290 62.7199 66.7029 1.5495 96.1055 85.8176 104.9614 78.8433 36.8089 49.0583 59.0664 91.3737 130.2142 87.7552 150.7199 193.7366 136.0758 67.1664 79.2986 116.1738 121.6612 179.7990 155.5835 75.7023 132.0533 153.6224 61.5519 97.7340 143.5308 93.5922 40.1807 20.1045 216.2236 42.7632 57.6821 21.6603 4.2596 68.5939 138.4049 96.0945 25.9532 53.0640 63.3847 131.2475 68.6293 112.4073 135.4001 165.8244 100.6766 206.0305 151.1777 28.9886 104.3414 145.3803 81.2695 15.3982 83.3882 130.8061 123.9333 125.5564 62.4840 184.1135 118.3327 55.5885 166.6269 113.0410 19.0974 53.5074 146.7042 89.7097 151.6897 102.1378 137.6514 83.9103 62.5704 57.6415 52.0458 124.3805 107.5714 117.3549 187.7560 214.6418 110.7322 121.2037 164.7106 194.7407 128.3015 11.0893 4.7649 133.5852 252.8818 92.2068 80.7672 29.9508 64.0727 119.1637 3.2493 110.0507 122.7247 253.8345 61.1324 116.0603 99.2391 19.0000 161.8991 56.1238 102.7609 134.8510 16.6096 16.8212 168.4225 133.6239 68.4405 114.3650 10.4736 155.3385 152.2213 86.2146 139.4203 122.9371 5.8371 161.1686 169.7252 88.0885 190.3217 182.2500 63.6756 222.3870 125.4517 208.6178
151.5237 153.2374 142.2408 36.8942 94.1412 103.8878 119.1483 15.7667 96.0697 104.8804 184.3840 102.1317 125.7756 69.4002 0.0000 126.9212 121.1064 112.6656 88.8028 175.3640 102.2255 164.5089 94.9856 170.4280 150.2019 141.7528 78.5560 79.8182 59.7265 121.2158 65.7200 66.5477 54.1285 66.5738 194.7455 77.5865 96.4027 97.9457 82.4004 36.2644 40.6881 126.0413 100.5701 102.3833 40.7900 76.0550 40.5902 163.3122 138.9259 168.8443 91.2389 107.9115 86.7613 44.2358 194.5398 105.3751 93.4862 207.7452 136.4413 59.0403 31.9162 182.4606 78.7123 222.3281 4.1870 111.4235 88.6367 113.3941 127.2836 174.4350 129.2673 36.9710 204.7019 49.4964 39.7018 58.0287 180.6591 128.2889 131.4573 140.9052 80.1400 146.7509 176.5601 75.2891 112.3993 100.7398 33.9498 140.5508 37.6619 89.2078 72.2215 59.6695 65.7988 149.4140 146.3833 181.4670 67.0922 75.4468 86.4453 102.5993 99.3572 14.5976 99.7592 93.9328 77.5725 183.6291 134.1137 80.6941 117.1669 30.2061 161.3417 101.3619 76.2521 64.5252 152.2933 159.0951 31.2267 69.0616 140.8769 65.0654 183.7624 72.4699 50.5846 84.4140 157.7629 63.3347 1.3169 141.2078 109.4446 131.9943 154.2662 91.7704 47.6658 23.6167 100.1880 130.0747 92.6708 120.5312 99.7673 94.0550 105.4713 126.6968 108.4788 76.9035 203.8825 105.9210 116.4013 198.2947 140.3863 105.8029 83.2935 312.0863 212.5822 118.0082 113.2932 77.4143 144.9173 108.8248 198.9836 88.5914 36.9983 179.4709 117.3944 104.6010 73.9957 200.3479 104.3998 51.5404 47.1597 63.9395 128.2984 62.7042 6.3122 77.2282 2.9282 100.3322 48.5003 80.7646 41.2174 26.3544 18.0642 175.1735 121.6986 148.8963 79.4977 149.7406 99.8848 107.6085 135.1097 87.4170 85.7991 8.2507 62.4069 24.0231 3.1959 101.6710 130.3379 25.2949 56.5470 123.9065 56.0045 94.7354 127.7467 15.5528 22.3247 147.4602 106.2113 108.3148 195.7634 79.9006 102.1625 179.3365 175.4408 53.4188 192.3033 117.4193 162.8688 53.1499 40.9223 34.3001 123.0538 104.8483 48.4835 18.5282 86.7908 198.4100 138.1251 72.3211 119.9410 101.8300 29.8532 84.3677 64.2999 110.3289 128.6667 227.7007 43.2785 230.6436 70.9685 179.0740 129.1537 83.5124 124.4740 39.3585 143.6103 128.4922 118.3219 76.9607 66.6536 29.1319
60.4330 82.2647 168.9115 199.0657 55.8441 51.8996 74.7796 144.3980 68.4835 32.5805 138.5030 215.6795 68.0173 144.9710 126.9212 0.0000 155.0559 182.0410 98.7245 53.7461 39.9033 84.6652 56.4330 2.5043 121.6091 168.1801 47.5808 81.2585 168.3580 116.6094 149.7604 100.0787 50.2314 21.5609 248.3007 144.2294 111.5494 93.2541 51.2685 165.3401 177.5716 129.7529 154.4977 142.8001 76.6204 78.0962 65.4723 153.6373 121.8907 82.0852 93.4623 117.7028 118.7982 20.4796 69.6523 105.3120 42.7807 107.6955 46.0450 86.5067 56.7852 85.3240 144.5196 92.2496 41.3644 45.3687 181.9696 37.1349 136.1258 133.4817 153.5046 75.4563 64.9120 92.9682 7.3198 152.0356 97.5369 121.7156 7.6056 158.6800 67.0914 50.3090 51.8396 31.9885 136.1994 95.1399 165.4588 251.5496 10.6938 2.4600 86.8688 145.0239 179.4862 25.4334 75.3820 228.9439 176.4002 56.8227 197.1969 137.2510 98.2098 111.4380 25.2288 116.0056 141.2041 48.1861 136.7591 110.0836 61.2320 190.8316 67.8632 143.1934 101.9101 32.8316 37.7650 97.8823 142.6520 19.2512 12.9575 170.6134 101.4778 153.8896 136.9374 62.9454 134.2066 14.2446 125.4595 140.1148 79.8852 178.5235 114.5042 162.2663 180.0081 146.1277 151.5852 15.5908 150.1460 148.8614 46.8550 10.3268 23.5925 228.7956 227.9718 62.4556 47.1552 84.4297 41.1878 63.8792 98.9884 94.3803 138.7405 185.9422 1.6038 82.2974 42.0687 19.6665 79.1417 157.5850 86.6793 170.7466 81.0003 88.5030 143.1818 67.1530 100.4859 130.6000 31.7200 109.2389 72.7817 199.6059 163.2084 224.2618 45.9699 132.8468 187.3401 95.1590 163.5355 34.5667 115.5527 104.9535 149.5116 87.1786 90.8246 68.0711 85.7206 87.4265 28.7400 140.8874 125.4667 109.3288 105.6136 151.4566 20.4847 90.0877 26.7124 160.7832 56.8267 0.0546 141.8036 70.0770 113.8029 159.9997 132.2535 1.9607 91.1009 211.9671 135.6226 95.7704 183.7638 9.8006 10.8208 148.3751 108.8779 68.7916 129.6558 143.6749 47.2051 51.9211 168.6801 102.8645 110.9682 98.4106 139.1442 91.6436 84.7547 125.5547 160.0590 72.4062 15.7539 48.1317 96.4451 93.5382 93.3623 80.4955 81.7393 23.6594 97.3487 117.8825 131.2664 112.2755 6.8889 71.6337 99.3470 159.5468 48.7691 51.6754 10.1588 102.9257 10.9805 113.4793
110.2508 181.3704 111.9668 30.4967 162.7429 125.7126 208.6323 106.1306 101.3591 83.1097 86.9254 195.6434 145.1557 165.8144 121.1064 155.0559 0.0000 141.7775 136.1371 43.9574 118.6873 112.9015 84.6747 67.2855 43.0623 99.9356 88.0360 125.3955 49.8904 132.4412 121.4555 103.9677 129.8731 168.2970 118.1994 47.9408 86.7726 44.3959 178.6211 2.0380 147.9130 15.4948 82.4269 57.8986 114.5242 30.5945 53.5572 15.3751 107.6071 94.6717 133.5720 148.0226 201.7413 107.8634 67.2763 81.3031 155.9832 189.0797 58.3422 89.9589 88.1527 41.1330 84.1480 170.1673 31.0543 51.9416 145.6435 33.4709 197.6638 141.0930 13.4974 151.9167 212.9678 207.9032 131.4551 130.6115 60.1864 99.8785 222.1535 153.0197 136.0137 26.4228 125.9169 224.0006 41.9423 120.4561 43.8779 67.5890 115.7349 121.5202 109.6145 42.8350 109.8423 129.5575 88.8142 53.0580 76.1627 128.2595 76.6298 74.3663 61.2747 15.3698 154.6839 28.6957 8.0828 43.1926 83.8328 59.6153 162.1168 140.1059 222.3529 37.7985 171.1486 30.9396 188.3424 70.4481 134.5431 26.6941 167.0444 162.6189 148.9625 168.0129 27.2271 104.7291 125.4125 111.5447 72.8337 39.4254 6.8289 16.7675 79.0279 92.8263 91.7432 94.0242 180.1782 102.0884 95.1384 72.8369 112.9834 20.7345 111.0665 91.0392 23.4593 69.6308 85.0113 72.6660 190.1031 153.8291 109.4560 58.6584 84.0378 62.0736 29.5091 97.7454 157.4155 32.2837 78.7914 4.9930 86.8629 127.7928 170.6426 55.5487 75.9622 172.9789 36.8661 136.0751 89.3747 98.7151 130.7109 66.6340 6.0531 72.7964 115.0830 124.3568 15.8344 178.5622 71.5975 109.1376 208.2357 113.4913 5.3926 50.8237 191.1976 91.4570 163.1483 120.6013 107.3397 32.2912 122.1629 25.1372 202.8004 11.4565 116.6545 156.1188 82.4009 158.4215 52.7723 81.1977 108.5686 120.6316 152.9993 145.4582 48.0705 94.8878 110.5433 87.8312 66.1023 89.2646 48.6175 113.0199 72.1581 142.5284 103.7321 166.6841 134.0889 82.8819 24.1056 141.8809 161.9177 183.1166 62.9579 88.7673 71.3537 140.0048 107.5356 102.9277 93.2004 209.7965 77.0612 117.2853 99.5069 147.3678 82.4478 112.8539 9.8454 70.4407 106.1318 158.4117 134.4462 174.8234 6.4031 70.8556 15.7073 43.2198 155.6479 102.3249 49.2492 84.2307 141.8891 58.3348
35.8117 55.4402 38.0645 77.4238 60.9288 90.3033 70.6175 18.8917 151.3986 69.6241 147.5518 124.2809 125.9745 69.9587 112.6656 182.0410 141.7775 0.0000 201.0404 18.7666 126.6067 53.2790 104.2324 40.0980 123.1631 52.6824 204.9592 72.6461 106.6508 156.1763 120.1732 118.3445 182.8776 78.5963 168.5315 62.1998 128.6236 178.7905 142.5764 105.3902 133.2616 143.1395 186.4867 131.2409 119.8900 9.5517 163.2753 18.4709 226.9493 107.7007 113.0360 48.0323 120.9639 59.3786 76.6924 125.0238 173.4581 146.7616 137.1817 147.4000 51.6917 116.2727 101.0309 171.2912 89.9626 120.5118 155.9097 142.3316 80.3004 125.7055 76.0262 4.8688 55.4858 198.5649 41.0173 114.7074 115.7367 232.7783 111.5408 121.8263 14.7972 53.3322 175.6595 39.0044 125.5737 116.6526 22.4825 171.8197 120.6152 267.5336 130.4791 130.4455 233.3153 107.0693 102.9040 111.1283 139.9101 21.0147 38.1022 197.2855 51.3130 21.6773 82.4359 27.2347 134.1062 127.1801 137.1387 158.8599 12.0465 54.3892 108.8267 95.5347 25.3166 87.4597 43.1320 39.9322 130.3317 114.6064 217.8810 133.3751 213.8728 149.1130 70.7205 25.4628 100.2781 97.1703 159.4513 186.1773 163.1797 43.1693 137.0651 57.7442 210.8059 121.0205 173.1322 128.1669 171.2977 65.1672 105.8586 142.3873 95.3054 92.0492 78.5021 132.6351 56.1661 103.9789 170.0400 169.2888 183.6388 150.1252 82.7916 102.8812 94.4308 61.9946 127.9288 18.7145 74.4237 94.9377 185.8219 82.9248 172.6241 98.6883 75.4794 263.2919 102.7381 70.7632 168.5570 163.0486 89.7064 177.9397 27.5050 154.7121 65.9980 127.8403 163.6996 53.4752 108.6176 46.9299 133.8022 218.6829 181.3761 35.5986 67.9183 158.7437 98.3704 187.3932 137.3265 115.2165 39.1013 110.3826 115.5195 39.8840 106.7917 7.0406 138.7104 10.0901 3.4305 74.1682 92.5101 112.7584 101.2892 113.6418 74.9561 132.6122 55.8152 108.6214 83.8672 32.5563 91.8829 82.2670 129.7227 30.5040 45.1453 156.7147 89.1935 23.7766 125.5291 48.1457 123.8667 195.0960 80.7252 168.8459 192.3640 100.2461 122.2120 31.6184 101.2270 164.3687 82.0258 130.5492 31.0337 75.7107 41.5335 18.6190 116.3026 123.4713 120.0500 94.3505 65.4312 119.8526 178.5926 182.3463 132.8010 44.3160 113.1561 104.4027 69.3317 179.6788 115.7241 175.7911
