250
0.0000 48.8375 44.3264 29.8033 77.4801 46.0634 196.9364 43.4133 33.9477 67.7127 61.8075 138.7086 21.2156 123.6077 258.6620 155.0719 118.2879 106.1477 83.0758 147.3027 241.4432 52.1407 128.8521 107.1136 52.0884 46.6224 126.3555 64.5436 77.6854 152.4260 51.8637 67.1673 67.5819 80.5850 72.7007 101.1259 151.5987 171.3149 77.4057 88.3872 140.4544 148.9262 62.9600 128.5553 43.1616 44.6383 94.2849 118.8993 51.4862 61.7984 210.7109 140.1690 161.3011 132.2353 188.9728 95.8590 99.3877 51.2261 222.4235 135.1630 25.7515 120.7354 43.1052 83.0916 130.5079 70.1121 126.5652 254.5450 80.0268 134.2286 267.7807 178.8466 147.0789 81.0533 121.3796 172.6910 122.3260 217.9569 185.7549 190.9811 84.0726 87.2669 26.2431 132.8082 5.9752 98.8279 75.3340 214.0422 52.1423 190.3153 4.8615 58.7228 112.9872 104.2291 158.8093 132.8819 156.1066 83.7956 93.6654 186.0166 61.2790 156.3339 15.0140 27.0065 61.0406 106.7398 81.3613 13.0094 135.6856 108.5639 46.8585 67.0792 71.8556 168.9116 172.8052 37.3509 118.8245 80.4253 234.4415 79.9967 124.5253 69.8750 67.7062 105.7846 57.0128 99.5907 64.2697 58.8617 62.8029 179.8700 84.7022 143.6917 184.2163 31.3610 269.7374 132.0226 144.2727 141.8980 123.7418 152.9836 124.1827 95.9009 87.3343 131.8429 82.5898 140.8228 61.2577 158.9035 84.9222 112.6296 131.9455 168.5979 121.5451 145.3025 59.3900 138.6800 65.9058 104.5403 61.5487 179.0560 67.6971 65.3458 140.2742 57.9353 86.2108 73.7631 38.7766 114.0504 131.7284 97.9158 120.2190 99.5444 80.1745 45.8717 146.2788 133.1422 76.7585 114.1698 0.6791 161.5809 131.8511 138.0000 89.5688 81.3233 156.9033 132.2371 81.1563 80.3910 154.7986 20.8101 161.4505 161.1225 107.6284 160.2754 7.4881 140.9344 141.3965 52.8388 131.7874 121.4549 49.4715 87.5822 89.4681 61.0351 101.4382 113.2538 190.5415 74.8551 144.7301 81.1884 86.1324 16.7355 169.6999 9.0144 38.3778 115.3470 117.4862 66.9596 268.5509 110.5714 13.0715 148.4869 103.1183 204.0946 75.6776 44.8223 124.4524 129.3522 26.6370 140.8500 221.9490 135.5565 4.8594 109.2615 189.1747 41.0466 88.9570 118.1748 104.9354 56.7261 98.3120 145.6521 75.3102 59.3163 75.1052 79.8742 72.4997 130.3789 48.3008 76.6494
48.8375 0.0000 35.0707 160.7028 27.4641 15.8711 68.6736 79.9414 92.8536 104.4415 137.9283 119.7807 42.8957 188.1380 70.2087 194.0473 238.8145 134.8634 71.1285 200.8835 123.1688 54.8481 137.4894 49.4756 52.0589 64.8982 6.6473 131.9080 94.1755 47.5469 145.8837 109.2182 28.0976 46.1945 193.1779 171.6954 21.7008 63.1316 73.9374 49.6749 101.0687 61.4048 52.1661 92.3751 157.4130 254.4663 164.6620 153.0676 65.8276 121.1576 120.3930 115.1587 74.6574 78.3552 158.5229 133.0385 82.5895 116.0621 95.5456 116.5762 80.0757 147.8111 65.8474 90.6966 144.5917 183.5454 78.7873 113.0614 172.7916 83.1363 18.3910 82.5470 106.6096 36.3244 94.2011 7.4626 94.2267 144.1991 138.7650 94.0605 95.4645 140.4507 66.3375 70.5086 38.6691 61.6813 134.6294 142.8962 48.2346 100.4020 53.3820 68.8268 158.1893 48.7539 99.7225 97.0903 161.3899 179.3052 164.8826 109.4192 79.7072 184.1898 91.4419 126.4025 76.1559 160.5330 108.8089 143.3296 48.6364 28.5532 151.1975 89.3023 81.6632 141.9485 10.5827 124.3427 175.2561 43.4671 138.6194 134.4651 140.8205 87.5198 120.2055 124.3610 28.3626 75.3120 139.5126 165.8496 141.5364 15.7922 85.3066 79.8839 170.6585 22.4086 85.6713 22.1583 211.1323 141.2127 123.0500 32.9163 73.7283 127.7896 87.7673 65.2674 132.3139 124.7439 92.1716 56.5927 100.2261 68.5109 83.0576 39.6240 171.9298 177.1959 121.8049 163.1309 199.1387 130.4141 68.1408 94.9611 132.3323 120.1226 211.8457 58.1040 48.1355 83.0898 112.2532 198.4704 147.0151 134.7527 44.4119 173.7155 78.3552 93.3434 166.4576 104.0642 87.8769 61.2649 121.4634 133.4620 156.8356 213.1580 53.3359 115.8615 93.8646 171.9174 141.9165 179.9098 35.4278 44.9484 92.6967 116.1815 110.8040 77.0704 163.8560 112.3304 150.4963 204.6469 73.1622 56.6203 108.2699 114.7105 30.5822 248.0053 124.2712 124.9078 187.5701 149.8090 93.1399 65.5923 128.6406 79.5481 176.7837 33.5128 1.2541 115.1239 25.3646 117.7700 44.2648 124.6666 141.6375 139.4134 27.7124 37.3130 117.1845 167.7795 5.8914 142.4020 132.4300 121.1025 103.7539 182.0917 125.6070 32.9591 63.9419 96.5641 131.2644 148.8675 103.5239 107.2341 20.3749 97.6509 103.8760 113.7463 88.0611 141.5194 152.7115 56.0979 75.3926 103.7479
44.3264 35.0707 0.0000 162.3307 186.5907 25.5138 109.0977 145.4035 71.5719 53.7677 59.4394 140.5541 62.2427 144.5095 20.9330 33.6176 223.1081 104.7107 98.2169 65.6827 179.1649 52.7980 135.8096 134.3054 86.2882 171.7053 180.0134 126.3245 170.9454 98.7332 154.5883 45.2061 27.8098 37.9398 81.0391 167.0630 133.6817 67.5579 93.0242 52.6017 15.9341 118.2502 168.9440 112.2251 140.9381 94.3621 249.0148 115.6944 100.7514 229.1225 46.0481 98.2174 160.2115 161.8879 8.7552 30.9669 30.6865 128.3885 85.5908 57.1695 30.8259 166.5262 167.0203 77.4413 126.5779 116.7058 50.2157 100.7175 157.3377 115.3234 120.7468 63.0389 140.4013 208.3555 152.7438 84.3671 74.0755 20.2841 20.9223 158.2678 13.5580 145.4375 217.2174 68.0877 114.9638 115.6329 59.7260 9.2319 146.7983 124.2584 57.5831 37.6537 168.7191 143.1809 158.5030 56.6926 14.5129 133.5072 183.3415 84.1066 73.8087 149.1861 48.3851 110.7410 114.8214 7.2215 138.6316 120.7303 127.0487 22.8593 79.3017 224.1713 134.2730 70.2067 20.1413 95.9572 64.4246 113.5834 147.5044 104.7128 115.4010 89.6077 84.7903 79.3873 122.5106 86.1878 47.1930 109.5583 89.1938 132.3419 132.1148 81.5847 159.7855 135.0087 196.0486 45.7740 104.4746 100.1382 26.6652 46.2905 4.0752 45.0476 161.7758 112.0946 90.5255 141.4603 73.6260 152.0889 193.8653 142.5567 100.3915 66.0355 6.6265 67.8667 181.6965 89.3247 27.0928 121.0947 79.1164 107.9383 115.6598 110.6644 45.8221 83.7762 123.9335 143.9971 107.0282 127.4547 105.6389 121.2259 86.0192 90.5308 167.8835 146.8989 154.0710 107.1852 47.0340 104.8038 172.6439 32.5647 127.2605 72.7078 49.3510 67.5963 118.3072 71.4012 77.4782 136.6853 157.5433 173.0783 73.5831 155.3967 71.6078 86.0336 108.2157 62.8781 54.1768 48.1226 7.1964 47.6892 57.1725 22.6343 44.8941 99.1800 43.5304 95.2013 176.6599 33.1916 27.0992 140.6283 52.8866 112.4175 98.5790 73.2654 94.4464 142.3545 232.3551 27.6273 143.7743 227.6707 209.7918 57.0600 107.5267 55.7039 200.3565 153.1332 32.3074 217.9517 62.7199 47.2974 152.3919 117.5827 104.0294 106.5542 111.2739 197.8818 132.9729 76.2334 78.4942 83.1608 80.3378 125.2251 14.1199 163.0479 39.1205 58.9325 130.9505 22.7509 70.5987 9.8486
29.8033 160.7028 162.3307 0.0000 150.6772 42.0404 121.7837 187.2295 219.9612 11.7561 94.1230 36.0509 23.5209 65.3979 123.7115 27.6250 46.9990 109.4810 86.8913 99.5637 128.4677 0.0951 90.0747 76.3810 75.8096 90.7075 181.2246 174.3976 111.2396 56.8583 90.2925 86.4417 210.9875 29.6235 102.4816 107.2223 103.4069 271.6396 70.9099 188.8507 70.7282 155.4034 56.4915 123.3145 78.2051 92.7210 206.7440 135.7788 128.3167 119.9250 110.3527 167.1147 152.7565 122.5035 170.7884 71.4139 42.7569 71.5955 114.2881 125.8998 111.7948 57.0799 135.8835 126.7368 112.2448 67.4556 193.1084 116.7454 107.9864 71.1578 156.0807 60.6594 198.9171 228.6016 148.7344 48.3846 78.6556 82.0317 116.9334 156.8366 155.9299 111.4244 142.7875 194.7107 159.7298 112.9080 206.6790 60.8362 17.3731 92.6650 82.7616 100.7798 141.1949 160.4685 105.1499 169.7536 16.3269 74.7787 31.6131 221.3200 208.7984 143.0787 127.8125 100.2489 138.4935 132.3131 33.9356 107.0328 67.8962 158.3581 172.7219 143.5518 152.3729 120.5260 79.5855 101.6013 187.2110 225.8448 42.8520 22.1855 152.1667 260.9078 61.3687 76.9319 109.7027 64.6777 65.3274 88.2804 90.9411 113.4600 80.5895 124.3092 82.7655 132.0425 75.0283 119.5742 169.1690 148.0661 74.7672 27.1186 148.2892 142.2144 161.8273 140.8325 5.2986 100.3189 39.5146 74.8065 98.2612 148.3922 70.2445 166.3546 153.1304 198.4990 166.6571 152.8534 139.1734 177.1889 196.3905 69.1925 121.6489 122.3494 182.2224 93.4877 110.9291 87.5833 162.3868 119.8884 117.8989 127.0639 104.8035 87.9605 55.9616 30.0674 176.5928 9.3893 185.9016 101.2579 80.9795 93.3903 40.0145 167.2023 70.5637 124.9489 96.7731 139.3952 43.7132 52.8281 20.4406 119.0153 55.6690 114.4676 108.0152 189.8790 97.3662 89.6822 56.4037 125.8832 119.4139 67.2020 28.3895 63.9849 58.3827 164.3060 136.5444 3.0572 109.2098 53.8664 90.0456 88.7418 116.5097 137.5011 130.3874 103.5102 75.1312 191.7671 149.4260 63.9358 125.2824 76.5396 85.9371 76.0974 73.0765 60.4083 120.9121 206.2668 50.9532 100.7255 13.8875 22.5312 127.6788 20.0369 242.7874 93.8819 102.9185 25.1866 136.8825 50.8332 119.7797 146.2965 155.7543 109.4965 20.6173 66.6281 74.9371 29.7591 224.1249 145.9464 174.7173 92.3133
77.4801 27.4641 186.5907 150.6772 0.0000 123.4054 131.3407 224.0660 203.5735 47.4976 155.0137 116.7512 116.0490 115.2641 161.4632 190.4667 129.1466 98.0406 11.3597 43.7557 136.3564 61.1491 85.1509 198.0343 42.8041 103.1585 55.2660 146.2822 112.2202 82.7419 96.1630 173.6814 150.2467 63.7354 104.9201 90.4918 72.6482 87.0501 80.1002 38.8753 114.8298 111.3055 135.2737 144.8744 126.4314 122.5627 110.0514 48.6929 79.5193 159.7214 82.3077 147.0995 76.9064 143.4221 111.8600 69.1243 32.3975 92.3450 106.7702 91.7958 86.9369 111.3881 84.0594 88.0484 106.4989 22.4003 87.0679 40.6099 67.9236 132.7639 185.9582 159.3080 54.5208 76.7248 83.3529 81.9134 207.6253 120.1615 133.5586 43.1958 77.6854 56.6606 181.0343 13.9635 83.9110 123.4334 74.2692 135.8704 186.8237 62.7189 51.2542 20.5831 208.5625 115.6952 42.3775 20.0097 155.8239 119.5134 74.4677 90.9699 50.5030 134.3484 165.4677 202.1504 147.8828 73.5097 5.5542 197.3026 117.1270 108.8965 56.8262 165.2038 102.5001 101.4363 35.1810 142.1543 94.4414 71.0681 33.0614 107.1477 136.5786 57.1550 165.9869 122.0429 126.0063 142.5807 161.9827 56.8052 223.3654 46.9929 150.4317 74.0285 80.6872 15.3941 68.0791 157.9034 144.9076 136.2908 187.2420 151.6891 29.0785 35.6609 3.0324 136.0243 23.7435 178.7892 10.4490 116.3355 53.0388 189.4394 135.8844 54.6238 192.0174 55.9444 86.9025 83.7223 76.1967 148.0557 39.6929 62.9414 112.2734 86.6749 128.8339 95.8874 143.9198 81.4087 96.4114 84.4992 175.5350 120.4566 57.4498 61.3850 219.6488 154.6667 143.6310 65.0539 119.7996 125.5741 173.0491 53.9481 29.6579 149.9528 190.9154 27.8978 93.5210 147.0541 248.5351 172.0731 75.7739 74.2667 68.2112 62.6983 198.2625 170.4100 146.4621 116.6734 168.8238 116.9936 72.3971 151.0824 223.0213 28.2683 123.6328 38.3684 206.6431 17.9708 109.9224 95.2296 108.0452 71.2066 155.7651 95.0498 90.6646 139.2647 51.9248 70.5354 123.8297 95.3077 42.1216 83.8165 130.2618 7.8805 77.0798 34.6325 106.0711 178.7835 104.5809 57.4456 34.1901 115.4178 90.8004 104.7436 145.6941 119.1353 123.1648 153.5715 83.1204 180.3487 51.5725 92.0559 137.8771 14.7664 64.9254 144.8201 82.1472 172.1998 61.5717 6.7328 151.3145 127.1910
46.0634 15.8711 25.5138 42.0404 123.4054 0.0000 115.4789 104.2015 165.1269 56.7850 124.2443 210.2715 129.1875 119.9346 23.0788 148.6868 136.7934 49.3559 49.2227 87.2750 68.1930 96.5723 171.8454 67.2055 113.7312 29.9105 51.3985 94.6242 111.4545 41.0112 87.8561 32.1405 132.2574 60.5282 86.5666 76.1614 97.4315 46.8695 121.3468 153.3847 62.8257 124.7495 92.3085 65.5268 111.1939 18.5003 115.4598 148.5276 110.7783 43.7304 43.5675 128.6345 96.2870 90.1758 128.6861 98.9363 25.0862 122.5450 107.8495 62.4900 93.6429 34.5577 74.0911 111.1682 89.6321 67.0768 2.9679 11.3350 136.1375 208.0559 110.6157 107.5133 154.8448 57.2685 189.3738 178.3192 135.6639 81.6083 143.0971 99.2252 147.9237 118.6046 187.9396 18.2749 87.7861 165.7660 185.0119 218.7815 99.9057 150.8995 86.5427 61.7095 54.9352 129.7243 154.9555 196.9414 94.7704 53.7808 114.6161 162.2006 66.8981 168.4007 149.4354 55.2536 109.6608 169.5991 2.8233 105.7336 146.4501 45.0294 135.4424 115.9083 168.4729 100.5395 162.6457 67.3561 103.1547 149.2213 120.5670 170.9989 186.6145 138.4949 79.2216 51.3817 60.7975 139.0482 202.3723 32.7371 162.2387 203.8982 136.2796 54.9309 223.6972 85.3699 47.2468 74.6645 192.1906 142.4789 56.8540 41.4751 168.5749 6.8390 135.8186 158.3029 121.8135 138.0636 70.6785 59.9604 120.3007 52.0173 77.4367 59.4198 96.1953 142.1050 132.8652 89.0057 234.2684 102.4133 248.7222 67.7627 128.4139 102.9889 88.1995 236.4368 189.2633 3.9783 41.0339 58.3613 7.0797 108.2747 200.4611 151.6656 94.7305 260.5499 69.5311 194.0139 68.7767 63.5379 89.7218 40.6335 64.8767 44.8979 98.6436 157.2473 115.1790 17.9768 110.5809 197.5040 47.9401 198.7768 5.8138 167.5643 79.7383 70.7515 49.4684 76.9751 198.5870 151.6783 41.3246 95.7042 59.9578 39.5204 169.8783 138.5753 131.9137 66.9371 33.5459 88.8490 107.2756 131.1369 125.0022 244.5080 149.2271 16.5721 84.4474 52.7173 186.5236 74.8161 167.7001 140.9312 42.4424 75.9581 25.2802 101.1296 109.3560 74.9940 144.4636 79.4770 117.1468 159.8266 24.8672 124.3144 152.1551 36.3146 174.2394 62.7365 13.8899 68.0021 33.1687 172.8133 62.2314 220.1377 64.2159 205.8224 32.7618 64.8125 140.9506 155.7024 145.9924 211.4687
196.9364 68.6736 109.0977 121.7837 131.3407 115.4789 0.0000 54.8706 19.0568 59.1163 111.4771 137.3548 92.5085 146.4034 62.3152 104.1669 117.3517 116.6473 211.1176 100.4927 176.1291 104.1473 43.5476 80.2389 158.7030 98.1383 63.0740 66.9591 3.0580 159.6323 48.0766 33.8009 124.8543 15.5606 60.0079 136.9275 35.6824 82.2359 164.2911 166.8710 89.0244 25.3772 122.2137 94.5376 66.4696 118.0659 83.5752 28.2302 108.4312 195.9267 224.1929 108.2661 81.3313 64.3795 63.1194 140.5631 224.5645 71.9207 185.0633 13.8008 65.9081 156.7540 184.3248 99.2260 230.7928 10.2091 47.9758 174.2901 70.4047 170.4163 179.9545 85.9767 63.5168 139.7214 142.9385 278.8129 103.1044 113.3247 22.9273 162.1146 151.2242 114.0269 11.5629 57.4623 110.7979 29.9212 148.8203 147.4205 53.7466 131.8228 77.5709 71.5529 88.5833 143.5830 94.6660 127.9755 147.4053 196.5945 26.8876 92.5204 98.0993 147.3895 87.9491 104.3635 45.0908 166.9252 109.7226 156.9848 89.7425 64.5335 16.2773 156.4161 49.1848 42.3286 181.1972 168.2280 217.4547 73.3009 42.3142 84.3167 113.6469 138.8928 102.1650 21.6082 128.8681 151.4199 130.6608 98.4025 171.9991 178.8170 114.1986 68.6413 150.1898 132.3944 201.6024 107.1181 200.0355 147.2061 135.9280 110.4939 125.9751 53.3781 5.6399 47.4747 45.0031 207.4270 131.3094 0.6029 96.3651 84.3488 167.5365 1.4860 211.9886 187.3239 120.9978 55.2376 161.2963 64.7714 169.3570 179.5999 41.5109 132.8350 146.0238 167.5980 54.2054 133.6686 60.5057 66.3682 63.1950 57.1222 204.7318 42.2601 95.0299 158.8718 78.1701 88.5405 150.9387 46.7787 26.3906 45.0069 124.5028 142.9536 117.5811 171.3772 25.8081 198.3473 45.1414 138.4105 241.8220 181.7466 107.0835 177.7289 57.5268 74.4110 129.8200 110.9421 84.1305 67.7887 125.4450 105.5719 134.5451 73.0032 152.9798 94.1169 90.1664 133.3234 118.1294 122.3589 96.7719 135.2145 133.7807 136.3059 74.4371 107.9425 24.6845 102.5541 56.4679 126.6789 65.2894 153.7019 80.2765 236.9039 59.9483 72.5072 100.3444 86.3387 67.9084 36.7316 33.4312 288.4176 97.6583 47.9594 71.9450 85.9581 146.7930 121.1938 19.7057 122.3586 144.8737 40.9199 31.2829 234.7209 103.4519 296.1577 58.4968 98.6320 125.8609 115.0265 14.0141 33.1969
43.4133 79.9414 145.4035 187.2295 224.0660 104.2015 54.8706 0.0000 98.8942 52.9989 24.0394 107.8160 139.6803 76.5009 16.7075 138.6162 38.1830 92.3043 122.2148 82.5648 73.0610 155.6329 156.2355 188.4995 249.0148 62.6180 11.0344 43.9894 62.5867 77.1637 246.1189 162.0747 77.9987 217.7290 20.3838 175.5062 90.7479 66.5497 93.3979 227.3682 110.9214 188.7510 28.0298 83.8736 189.9496 73.4716 76.2072 80.9804 18.9994 117.7130 156.0576 67.1867 157.1113 67.8925 109.8490 275.4358 62.9603 89.5841 59.7604 6.5559 148.1205 63.1366 54.7705 21.1804 10.4211 104.1048 25.1451 165.9488 132.7662 163.3141 111.2862 157.2886 167.3192 82.3315 38.0724 14.9921 113.6848 51.9521 93.9608 95.9914 100.9395 113.0113 83.4077 161.6139 182.2480 27.7418 15.3025 138.4988 51.9148 122.4787 91.0386 83.5538 121.0996 24.7489 114.9065 165.0092 205.6304 220.9444 200.5718 68.7171 118.0816 83.7814 39.3164 31.7098 183.0994 22.2657 184.0199 14.1492 101.5690 60.6479 98.4363 96.3338 31.4601 176.7539 125.3556 80.4772 116.5405 128.6675 32.4687 37.1845 100.1650 107.2064 91.6621 89.9974 97.6575 81.6937 42.7663 103.0507 71.9272 149.9506 102.4074 105.1760 122.0733 70.8832 41.0486 27.1898 153.9320 101.6572 29.1613 127.7011 114.7487 162.6523 126.6686 58.2936 59.2425 140.1294 73.1434 87.2665 108.0929 81.1370 44.4229 61.5542 119.9682 170.9746 222.9990 127.0259 85.1719 103.7233 156.2656 59.2055 182.4818 126.9286 25.6631 70.8111 86.5738 285.6771 89.4340 90.7253 93.1244 162.5168 116.9168 122.2683 159.9589 83.1425 46.9706 258.0128 201.2118 56.2501 100.8606 144.9598 91.2628 77.6957 146.1352 65.8884 174.3270 145.2272 79.4481 211.2842 124.8543 109.8092 144.7065 143.7688 135.3837 177.8704 173.3556 97.8756 76.7368 175.3866 37.5065 47.6534 211.6174 117.8786 40.0742 133.5652 41.8142 172.5408 111.1442 95.9648 45.6161 81.0997 82.3768 61.7072 109.5594 162.5227 66.1844 94.0696 155.6480 65.8326 108.5443 50.0990 110.3120 16.1004 40.0241 156.5453 47.6800 26.1936 103.2548 82.5967 161.9528 159.0843 71.8576 117.8712 96.6089 94.2165 135.2313 121.4425 100.5815 63.6785 26.4992 118.2610 192.3479 159.9057 36.5922 116.8354 192.8612 93.0467 125.0952 17.7451 91.9421 177.8415
33.9477 92.8536 71.5719 219.9612 203.5735 165.1269 19.0568 98.8942 0.0000 173.0943 109.2689 71.5316 108.8344 77.8022 150.1880 286.4517 128.2301 111.3816 99.6042 143.0368 68.9038 103.1154 148.1514 282.8943 125.8344 161.2487 62.6259 64.6352 211.9804 179.2584 69.4853 74.4056 55.6064 116.9464 163.3697 54.1237 179.3848 194.1321 30.4497 70.3095 94.2000 181.2420 129.2365 43.1545 73.8783 35.9305 61.2050 175.2701 132.3192 102.4159 133.3489 138.0400 107.8365 167.2752 126.1785 131.6046 90.2660 44.6136 106.4263 155.0419 47.1298 181.5205 161.0571 59.1874 152.4147 17.5809 101.7434 125.6928 169.9170 85.4978 128.0873 103.8881 160.7145 137.3485 90.4315 75.9184 185.1784 94.4235 24.2301 96.4448 26.1519 93.2770 158.8707 142.2298 137.0225 74.3507 30.7761 88.6085 109.5114 170.9139 108.7899 64.5398 27.5786 107.3445 253.4922 80.5029 134.4346 31.2616 211.1672 136.9207 116.9708 47.5395 147.8171 56.4876 164.5437 194.7366 267.7737 97.4066 74.6885 95.0730 117.8183 37.2542 116.0651 56.2191 1.1793 85.6156 128.1576 86.8052 115.4906 30.7362 89.6870 137.0468 252.0682 195.0674 48.2241 132.0966 58.6054 35.5752 213.9105 95.8013 136.3876 115.2927 92.4505 54.5881 60.6885 38.8635 120.6387 48.3706 82.8842 67.0104 3.3726 66.5182 54.6480 112.4766 12.6832 54.1243 88.2334 91.9936 88.3411 12.9078 122.4537 61.1716 126.2225 155.5033 123.6764 159.6515 86.9516 171.7302 54.3688 49.7465 8.5178 109.4070 9.0475 74.5642 4.1596 40.4127 136.8496 168.0000 83.1404 99.8313 97.9227 152.6315 83.5654 198.4272 61.4444 197.3056 32.4711 138.5214 190.4030 93.3861 132.3609 147.3739 197.8755 101.4047 108.5029 115.7412 30.0874 72.2994 103.6807 275.3652 128.2657 93.5873 69.2859 94.6350 183.0067 197.6191 134.3974 137.4244 104.8174 166.9493 140.1615 168.0891 54.1440 11.0007 110.9101 164.2195 62.2660 32.8975 145.7627 37.4751 120.8750 112.6981 7.1863 124.6533 34.5539 51.9811 48.1539 78.5026 186.5147 124.1039 61.9371 97.9165 236.6613 27.5918 36.5163 167.8359 178.1662 127.9896 178.7178 168.7912 80.2146 140.0426 73.2906 99.5559 31.8607 199.9196 207.5654 21.3998 156.6322 125.1552 73.3351 163.1081 124.3916 68.1984 32.1024 138.8486 89.0744 106.2351 181.4049 25.6434
67.7127 104.4415 53.7677 11.7561 47.4976 56.7850 59.1163 52.9989 173.0943 0.0000 153.0273 133.7424 133.9127 80.0515 110.8006 176.2710 101.2987 311.9564 1.2508 74.8152 48.7955 160.9342 75.6853 119.0643 144.7732 156.0335 142.7789 33.4727 13.1176 27.3360 129.6021 1.3689 115.4146 170.0927 75.9231 43.8092 198.5402 81.5632 116.8405 109.9186 109.7887 141.5785 142.3469 48.8700 35.1819 317.3850 172.5676 62.0312 168.6788 86.9641 30.9037 131.6491 163.5389 161.0603 228.8154 121.5394 99.8287 91.9852 66.3839 112.9344 94.7066 61.5024 116.8344 234.1049 210.3411 73.4990 120.3858 109.8334 72.7999 113.2037 114.8422 129.2211 198.8919 106.2886 63.1657 79.6989 107.6035 81.7513 158.0831 178.4935 104.6253 78.0137 117.7394 141.0594 178.9511 68.3682 140.3731 73.5848 114.3146 210.0407 66.8206 159.0363 101.3408 69.5364 116.8539 163.0168 116.1297 96.4835 179.9494 99.7852 212.9708 166.6143 33.5825 110.3487 115.2540 92.3803 112.5891 203.7934 132.9326 175.8282 145.0473 232.2944 104.8789 71.5712 102.3120 148.5310 113.8606 38.1286 46.2453 27.1195 75.4605 174.9756 201.6129 10.6927 88.2711 26.1325 154.3393 84.7435 121.6159 52.5303 210.0634 179.0981 34.1643 73.1387 131.8496 90.5025 118.2872 213.3913 182.5178 127.4125 19.7052 35.4676 85.7122 150.5819 61.5484 129.6006 96.8966 106.1782 82.4913 101.8652 125.8134 0.1469 31.9753 83.3936 139.9883 70.3970 147.0238 162.0662 121.3745 68.4555 50.6108 86.2899 127.1105 37.6529 95.2083 37.9879 76.2760 155.3417 106.0127 115.2691 103.9530 52.4280 144.8706 59.5256 78.3129 130.6154 52.2326 76.1771 164.8730 245.9442 95.4362 131.2000 143.5925 80.3821 87.4755 134.9045 114.0726 15.7149 30.5136 54.1901 54.6095 159.6800 115.3218 60.2491 46.4877 48.9336 107.6536 147.3778 110.4682 149.0691 116.1943 63.8516 173.3752 93.5880 0.5949 63.1476 99.6043 30.5893 93.3947 77.8873 224.5598 26.7576 25.1854 66.2840 99.8921 112.7483 175.8065 56.6612 119.1129 108.2162 91.6558 169.4760 11.3653 162.9477 130.9151 77.9987 165.2836 130.2906 93.7292 74.4253 127.4036 63.8727 143.3776 23.1050 143.1972 175.4005 88.2890 135.2504 88.6657 43.1391 50.4432 56.0049 95.8334 70.8109 18.7648 68.0917 114.5644 138.7806 71.6855 138.0279
61.8075 137.9283 59.4394 94.1230 155.0137 124.2443 111.4771 24.0394 109.2689 153.0273 0.0000 138.0557 149.0532 48.8793 81.4672 106.0740 98.5918 176.1236 130.9063 110.1604 36.9186 194.7833 54.5658 155.3004 108.4947 98.5761 32.5560 203.7102 122.0469 173.8988 37.5039 134.9129 88.8131 130.9062 87.3025 49.4757 156.8524 168.1291 74.1828 151.0170 92.2309 9.2538 176.3074 246.1914 14.3312 150.8507 142.3379 50.5198 175.5666 55.0160 14.1467 178.5311 108.8802 171.6705 58.1472 136.2285 29.5739 149.4218 83.2866 53.3218 83.0623 148.9682 148.3141 141.4213 145.9219 112.7584 189.9686 88.5349 107.1036 106.9221 137.2973 111.7893 132.7410 152.2124 131.2918 51.5075 71.8532 186.0793 135.7079 88.3111 72.4040 160.7688 104.6895 9.9884 126.8014 98.2625 62.3550 160.5155 202.5785 58.5148 44.9492 220.6587 106.7354 103.2489 103.2757 118.4369 89.6262 68.1058 157.1605 148.8588 92.9073 43.4501 94.7212 82.0221 183.0253 156.3221 150.8297 90.3768 135.5304 150.2020 42.9851 61.8881 70.5697 6.8933 111.1531 156.3438 47.6379 72.9850 34.4114 183.7621 40.9707 22.9479 64.4782 107.4562 165.8757 44.0026 71.3507 96.7053 136.4120 61.8451 84.2419 111.0401 123.9481 224.4425 90.4330 95.1065 100.2504 63.3929 90.0120 40.7278 173.1976 69.2505 148.2789 55.0574 51.3505 197.4810 143.0415 144.8038 208.0446 80.4738 44.0387 200.3016 49.0858 101.3002 227.3373 147.9571 38.0067 89.8470 142.1954 188.7037 76.5285 26.7088 110.1386 161.3065 54.4976 103.9426 148.5017 193.5486 43.0657 120.1633 102.2779 55.3205 180.3053 117.6775 119.3291 190.0055 116.2356 132.5892 142.3596 112.8436 54.8229 141.6717 84.5131 54.9060 94.2770 113.0791 124.8220 190.1160 132.0909 173.1904 91.9769 160.6423 62.4843 89.9745 131.9602 91.8757 131.5889 171.9374 99.3302 52.8517 88.9637 112.0764 77.4081 96.7404 104.7789 21.2565 65.8631 31.0874 155.2779 127.6094 146.6682 61.3169 50.7010 93.6608 78.1437 108.8913 101.3566 148.3806 142.8625 58.7096 73.0077 43.7887 204.8931 78.8759 39.9321 218.1358 73.0205 30.1001 66.1787 154.6500 129.4686 33.2437 89.5143 13.2437 92.5960 91.9165 137.5158 86.5069 96.0029 138.8424 116.2074 113.5305 13.1026 21.6196 33.1284 185.0527 206.7350 35.5297 136.7572 167.8380
138.7086 119.7807 140.5541 36.0509 116.7512 210.2715 137.3548 107.8160 71.5316 133.7424 138.0557 0.0000 128.1500 38.9316 11.2508 163.7949 106.3689 135.5372 10.8991 198.1519 156.2511 79.2541 172.3557 153.7591 121.3459 198.1460 78.2489 60.8567 72.9664 90.3891 56.6881 195.7062 45.4260 104.4930 26.1808 66.2607 184.7277 162.4697 169.0790 45.1688 167.8757 95.5731 73.9156 172.5094 152.7130 90.7007 50.5207 100.5170 112.4290 85.0810 139.8726 82.4860 86.3181 143.4268 131.7594 73.5903 57.4039 95.4035 132.1927 210.9795 67.1730 200.2116 292.6659 77.9262 110.2163 157.2834 113.1591 158.5969 147.1265 52.5164 176.2925 115.9732 81.2127 55.0377 118.0184 42.4897 101.4684 88.4467 54.4946 66.7762 211.1594 103.1672 114.4212 155.8285 97.2389 50.6655 48.9656 177.0803 126.3802 65.3142 143.2673 93.2250 79.2227 94.0007 31.5368 179.9986 81.8661 48.1023 77.3348 47.1718 40.7579 96.1518 69.7508 82.4419 126.1140 79.0294 93.6211 112.1593 130.2631 131.7325 10.6891 70.9755 177.1349 6.9388 135.8336 195.0734 139.7926 119.6763 126.5771 82.3948 84.0868 169.3081 142.6845 129.0830 165.0001 138.1728 77.3543 51.1199 174.1296 137.2165 140.2397 136.6921 42.8600 110.5822 73.8198 129.5201 148.2423 142.9801 65.0149 126.4689 125.3364 103.9472 41.1836 136.5516 158.5673 71.5110 137.8678 109.7558 78.9246 53.7922 70.6079 246.6855 27.0878 104.9660 159.1732 78.1683 173.3743 95.4241 65.1353 41.5671 123.4102 83.5663 43.7714 107.0968 114.7262 53.3832 7.9251 165.1426 55.4879 196.9629 104.2725 96.8655 159.9863 111.3231 54.6522 56.5924 48.3447 90.4695 70.4061 73.3207 197.1581 242.6460 53.7485 32.1355 63.4015 79.0736 121.0766 98.0763 32.1876 29.2601 109.5113 66.8195 178.1702 91.8698 59.7889 113.0952 50.3088 23.8419 210.9879 118.4400 169.6994 201.9027 119.0417 162.8368 169.1132 200.1416 77.8121 81.8585 186.4319 134.2161 119.3228 39.4527 138.4882 85.2075 132.0277 65.7787 61.2639 32.3576 43.5071 0.4479 183.9728 89.4710 25.3120 114.7470 177.6333 114.9348 139.0235 84.8692 97.7085 71.7589 44.0791 146.5739 149.8378 109.3368 102.6497 0.6001 44.6827 101.2736 85.0975 135.5005 76.8216 93.2875 85.7832 114.1848 140.1707 180.3538 34.2308 120.3418 56.3783 57.3733
21.2156 42.8957 62.2427 23.5209 116.0490 129.1875 92.5085 139.6803 108.8344 133.9127 149.0532 128.1500 0.0000 125.0470 30.2501 65.5732 128.5516 29.7816 216.9847 184.2101 152.1048 210.8101 154.5819 119.5884 136.1700 58.6323 113.6248 133.2107 140.1845 149.6179 85.3591 143.6825 130.5565 38.0990 109.7339 111.0628 105.6276 66.6857 92.6753 104.3119 28.4824 131.3671 154.7760 157.1585 41.8273 124.9670 177.1347 125.9383 24.1454 181.0190 73.2141 207.3753 49.9419 9.3266 49.7315 71.1509 130.1505 43.2859 77.0787 158.1651 144.4044 164.6820 94.8931 173.5865 116.8611 101.7187 176.5684 7.1413 152.4135 221.4867 57.5403 84.7067 90.0857 21.7029 186.7316 185.5487 60.2228 86.0738 104.0596 102.9567 111.9783 100.6115 72.4528 81.3148 52.6803 221.3068 90.5837 190.5165 70.2952 42.7892 207.1294 129.9291 81.2466 119.4625 97.4319 140.9465 64.3334 195.1902 87.4900 197.2631 164.0292 112.4102 96.0925 73.9131 76.4862 49.0944 122.4463 107.9350 117.2258 84.3355 61.9636 12.5018 188.2839 84.7149 82.3247 132.2383 63.0211 108.7999 131.1392 101.1608 98.7592 240.4842 42.2995 107.9756 102.9376 82.0728 117.8072 142.4493 131.9751 53.4580 57.8621 113.4960 46.9627 43.7763 82.7228 108.3980 135.0498 60.8042 213.2490 59.7314 83.9095 38.6833 116.4280 20.5851 181.6119 131.2516 95.2415 174.6964 108.0176 197.4530 161.6298 120.8927 180.9187 91.8356 147.0465 110.6785 150.8665 65.5108 161.9770 61.0089 114.9463 146.3176 44.4265 59.7686 110.1951 102.9624 32.9986 211.6049 219.8288 115.6603 138.8451 60.5059 122.8080 183.6069 70.9806 68.6422 77.8115 198.3980 16.2367 165.5423 59.3694 219.6862 127.5826 231.7044 80.4143 79.2902 105.2035 140.1923 223.1045 48.4387 100.6884 44.1857 121.4817 153.3582 31.5862 177.0869 127.5199 147.7114 171.7390 150.2545 123.2615 132.4518 199.2610 165.0588 52.8469 151.2865 109.6248 113.6037 77.0383 111.4900 53.9750 31.9318 26.0589 174.7016 102.1514 104.3297 145.7653 70.5654 87.7270 50.5245 88.5164 122.9583 112.5319 166.5042 97.3149 165.4496 87.8358 0.7467 0.2868 169.1670 150.0887 44.2498 110.5176 127.9996 244.3534 94.4876 128.9479 115.7346 119.5618 73.0006 76.6290 96.7485 62.2612 30.6131 159.5726 131.4480 75.2369 132.2822 30.6606 50.8955
123.6077 188.1380 144.5095 65.3979 115.2641 119.9346 146.4034 76.5009 77.8022 80.0515 48.8793 38.9316 125.0470 0.0000 133.9704 68.4054 135.8333 99.7477 162.1074 39.0971 191.1117 63.9891 118.1455 117.6875 66.7933 102.8434 161.3117 59.1102 145.4837 130.9939 36.4377 58.9273 37.4543 30.1385 90.4584 116.5468 117.8287 98.7753 142.5018 134.5711 91.5303 117.1672 70.9908 138.2636 123.5269 167.7509 204.0528 161.4702 46.9664 83.4362 146.1993 68.3731 69.4090 148.6095 65.7168 220.9158 96.0033 261.2708 175.8282 186.0842 60.9959 180.0562 108.8444 106.8440 86.0979 121.5227 69.0452 184.9429 28.5307 166.4618 107.8798 135.9614 162.5812 129.9578 174.8140 86.6060 70.3779 75.8557 46.2590 49.6689 99.6181 85.3416 145.1426 133.2247 55.3201 47.7415 83.1383 53.9848 48.6325 132.3552 274.0691 82.8311 143.2463 220.2018 120.2894 50.5557 179.3014 110.1251 147.1185 45.9248 54.5540 86.5881 56.6380 192.8975 147.4562 209.2956 150.9183 35.4275 171.8285 63.9801 146.9883 12.0245 115.1872 126.3611 176.5809 107.3544 137.5440 30.2067 144.4079 121.5885 128.6072 125.3446 77.3061 113.2076 53.9607 24.9319 86.2898 94.6458 89.8588 65.2325 118.6956 80.9820 125.3670 133.9243 130.3636 154.8429 118.4838 54.6889 81.3679 193.2276 209.3980 123.7780 224.3133 7.0183 142.7914 71.5303 71.8972 41.5380 121.9766 210.2413 157.8972 170.3096 27.2670 212.6145 151.6803 88.9482 133.1162 105.4185 70.0306 155.4208 130.4103 86.4614 96.3255 75.1002 102.4504 11.8763 88.3724 143.7808 86.6395 49.2268 114.1279 157.2374 168.5060 201.7364 31.2654 167.0974 146.9150 111.5461 59.8846 147.6998 78.3384 40.6154 89.8282 98.1075 233.7718 83.4327 127.0276 129.9753 205.0666 205.8812 106.6417 124.6900 69.0693 86.1906 39.5298 123.1313 56.6678 59.6637 189.2695 189.6811 152.6829 31.1259 32.8445 91.1518 1.2084 99.9660 37.2192 94.9867 60.1315 198.8925 121.0688 137.9867 115.3407 99.7185 196.6788 153.0319 121.9576 145.5555 26.0464 139.6669 189.6101 78.4454 136.2421 30.6902 142.8567 39.2241 89.6085 144.1354 158.4311 73.3124 131.1361 133.8493 109.0661 21.2744 65.4178 121.0015 164.8546 72.3978 136.6328 111.5996 49.7327 164.1511 48.5947 145.2951 193.2205 82.5262 161.2232 86.8365 143.7366 56.2109
258.6620 70.2087 20.9330 123.7115 161.4632 23.0788 62.3152 16.7075 150.1880 110.8006 81.4672 11.2508 30.2501 133.9704 0.0000 78.2914 258.7624 59.1508 131.8216 110.9784 124.1664 101.0911 56.2147 137.1369 80.4146 108.5309 175.3514 146.1825 102.6851 93.0499 38.8910 46.8505 114.4565 89.2757 170.5755 22.0748 165.0782 139.8000 132.9587 90.8991 95.0200 164.7930 95.1159 89.2132 68.7028 89.7950 98.8841 87.4740 110.3241 71.6315 28.3135 145.0156 147.2318 197.2193 220.6811 167.1298 14.7494 159.1140 137.3092 86.6657 84.0506 43.1154 122.5515 68.3752 100.1909 120.5806 4.2498 93.4031 51.8181 45.4213 81.3577 172.5521 28.0997 107.9333 136.2078 185.8408 71.0264 133.8008 85.7033 156.0335 96.7131 130.3627 198.7735 114.4180 11.2697 74.0987 170.9914 209.0723 94.4412 110.1111 96.5281 94.2435 186.3723 150.4402 159.2256 42.4798 78.8737 100.2991 131.3251 67.9968 125.9615 28.7035 203.0342 123.2268 162.6282 108.6122 118.1907 92.2003 87.5854 166.0682 97.3450 67.0803 16.3312 65.0988 121.8571 176.0461 29.3477 96.3085 119.4256 10.3597 104.8602 42.4517 162.6865 126.3755 36.5562 27.3094 37.9458 183.8641 53.0508 105.6015 63.4372 110.6455 64.3960 120.3966 63.6072 192.4042 159.5322 99.0561 134.2212 146.8855 19.7619 208.8193 181.5327 43.3373 231.7520 168.8834 138.0978 166.6221 83.1587 79.6333 157.3240 58.1693 76.0060 11.5709 228.3917 78.3209 3.3972 279.7718 76.2064 34.2173 99.9747 100.9301 29.1025 10.6573 91.8500 108.7297 88.2715 158.4325 156.1056 80.0312 82.4306 82.5533 118.6603 134.3717 16.7949 133.6097 117.4407 18.0302 153.2732 75.4291 96.7973 89.7603 93.5720 114.6174 56.9238 27.9824 142.8312 167.6697 24.0994 149.7627 65.5074 51.3478 20.9342 177.2903 99.1035 219.0719 116.2504 8.1599 154.3065 21.7977 73.0050 95.9370 105.0345 116.1491 240.7749 128.5473 224.9074 111.8258 54.1267 148.8239 128.9346 273.3538 95.6245 72.4926 187.6194 99.5603 167.8856 55.0650 94.1870 222.4940 54.2431 82.3934 100.4666 36.7006 113.9149 203.2895 115.6751 162.2919 44.9356 150.9483 182.7546 83.2396 121.0917 100.4151 80.1481 85.4828 177.8630 121.4164 35.8217 132.2831 81.7469 90.6322 129.2663 88.0222 145.8063 98.2015 71.7013 53.3098 40.9521 203.1705
155.0719 194.0473 33.6176 27.6250 190.4667 148.6868 104.1669 138.6162 286.4517 176.2710 106.0740 163.7949 65.5732 68.4054 78.2914 0.0000 81.3524 103.8082 113.9595 111.8913 101.4510 31.7120 77.7822 24.4499 48.2930 102.2417 47.4338 83.8502 31.0320 184.0357 58.6958 86.6926 137.3769 76.5452 156.1167 125.7929 71.8157 123.4723 164.8539 75.3889 99.0390 84.8564 100.8486 101.0156 123.4082 131.2984 118.0043 99.2370 24.5708 168.7315 19.8398 117.7333 77.0224 163.7742 110.2069 35.8809 61.9858 223.1427 44.1039 84.2968 13.2671 154.3202 123.6746 85.8243 42.5466 67.1351 138.0214 23.1102 93.7848 266.9615 119.4687 199.0728 178.1884 48.6589 122.9259 107.6683 56.0909 127.8898 128.8172 192.8505 187.6167 159.6788 73.9533 73.9484 171.1636 67.6707 34.5504 123.1713 71.2201 167.2296 165.8100 78.4489 8.7732 90.4576 0.1643 64.2407 198.2749 40.8352 103.4001 150.6213 6.0450 173.8162 131.2409 155.6141 44.8123 200.1968 196.2759 4.5427 66.9220 24.8799 79.3817 61.3362 87.1598 49.1999 124.9991 140.4923 180.6150 168.4415 159.4636 105.7981 80.3023 140.5719 92.9407 38.4509 61.0946 37.0656 59.6652 160.1774 79.1935 25.3618 148.0957 136.9830 90.5733 118.2464 159.3079 134.9533 87.3252 12.4899 148.6911 149.7274 235.7617 67.2182 121.6760 144.7518 47.3260 173.5106 129.7259 131.6966 163.7124 86.2785 36.5086 66.8379 52.5923 81.2887 73.9390 172.2559 156.0307 170.1893 83.3891 80.3748 87.4660 136.5033 187.3053 47.5007 69.9641 86.2103 191.4547 90.9530 80.9672 68.2498 178.1484 117.6693 80.6913 62.2894 94.0101 193.3570 163.1639 137.8634 65.7559 12.4771 121.9073 41.7267 146.6074 76.4617 124.1991 111.9491 27.8122 115.6202 69.7895 76.6905 82.8965 108.8170 147.5892 251.3485 77.2061 66.1237 111.8076 36.7016 173.9145 29.6357 114.8322 70.6607 163.1521 163.2047 98.5802 33.6114 144.4232 61.7456 16.0746 53.3206 116.9168 92.1817 99.3347 184.0604 224.2458 77.1766 64.7186 211.0822 151.3785 80.3710 173.9185 6.4306 46.7964 13.3177 63.3840 99.0937 52.1091 59.2439 45.2968 143.1556 64.9141 68.4799 78.9755 104.2473 106.5018 203.6992 158.9491 25.1916 166.0486 167.6891 31.1257 63.7515 60.3673 159.6418 82.7034 75.1641 41.3281 92.2177 47.3618 69.5636
118.2879 238.8145 223.1081 46.9990 129.1466 136.7934 117.3517 38.1830 128.2301 101.2987 98.5918 106.3689 128.5516 135.8333 258.7624 81.3524 0.0000 91.6828 137.1172 87.7214 19.7775 107.7061 41.6020 161.5847 163.1602 152.5013 116.9167 119.3878 37.0268 36.8587 163.2137 149.9467 159.5527 105.4060 117.5923 155.3833 128.1657 185.3597 133.2923 26.4996 92.2234 220.4199 193.3814 168.5255 136.9678 142.7685 152.5871 13.9413 117.2529 74.4385 109.6560 112.7543 66.9986 68.0610 130.4381 126.3166 195.9241 128.5280 76.3168 79.5099 153.9779 76.8597 152.0169 50.6533 123.9669 8.6315 139.7380 118.4527 179.5208 204.7382 174.5432 245.4672 122.8300 50.3789 80.0045 169.4200 103.2377 151.2940 109.9713 200.5121 119.8707 91.1526 3.3586 80.1487 196.2764 214.6030 79.5579 100.4763 110.2825 124.4021 50.3990 125.6578 181.8773 126.3156 162.3410 75.6963 96.0913 70.7340 56.3551 107.2257 49.0871 99.0913 24.9256 182.8848 142.5034 146.4377 179.8742 158.5807 127.0172 26.0472 127.5461 24.6379 40.4959 22.6380 190.2079 88.1538 92.5934 56.4312 146.7392 62.0189 91.1520 197.5037 161.7135 10.9904 225.7685 122.0716 71.2197 53.5640 218.9043 69.1670 75.1093 105.7472 183.4274 128.8955 73.3630 193.3265 200.8559 9.6683 66.1881 64.3456 8.2530 81.6709 93.7840 39.3353 98.0689 17.3695 193.2142 60.0185 35.4075 146.3233 110.1231 76.9959 11.3469 80.9789 198.5144 75.6549 177.9878 162.7285 113.2811 60.5666 204.9482 110.5293 80.1754 40.9999 158.9003 93.6726 126.1109 79.3872 157.6904 106.2213 30.4515 4.9672 115.0342 81.1718 109.8055 155.4471 41.1694 154.0708 144.6095 86.3971 93.4935 108.8011 106.1895 117.2762 100.9617 145.1539 62.8032 142.7698 136.2801 109.9422 102.7020 1.7310 105.7904 11.7482 109.7133 80.3984 105.2648 199.2756 70.9787 94.8202 103.8471 194.3224 141.5204 134.0604 141.8245 190.8264 68.1004 130.8334 145.6487 81.3162 83.6417 150.6938 131.8235 76.5288 85.6450 103.5399 55.9881 67.2405 71.8761 39.4866 70.5258 125.2689 93.4483 151.9277 1.0420 51.5162 176.7669 135.0894 73.5925 70.3266 123.8121 51.9534 176.6762 55.9085 78.6187 167.6996 81.8879 187.5803 149.7037 177.2636 100.9674 114.9188 44.9038 97.3071 172.6985 120.1624 73.0427 220.3422 133.9312 104.0136
106.1477 134.8634 104.7107 109.4810 98.0406 49.3559 116.6473 92.3043 111.3816 311.9564 176.1236 135.5372 29.7816 99.7477 59.1508 103.8082 91.6828 0.0000 45.7956 27.1607 134.8795 53.0760 83.0054 39.1595 209.4117 47.3240 87.7791 218.3353 128.5799 67.1588 137.4976 109.3606 46.2389 187.1111 83.0479 3.0074 36.9592 47.8303 104.0126 105.7502 7.0384 130.8926 160.4884 160.2451 131.7875 112.1101 27.3805 69.3941 152.3475 87.4597 62.3526 20.6205 111.4982 61.4904 96.4449 110.5616 140.2472 29.0958 142.4108 109.0379 119.6442 64.6185 68.9817 234.7949 8.6839 102.9499 156.3487 91.0147 188.3744 143.2390 92.3616 76.5503 189.0372 197.3613 102.6988 43.0844 84.1863 75.0799 0.5489 216.4930 98.6432 93.3325 116.0226 60.3284 102.8530 115.6694 115.2210 101.5189 130.9737 34.9712 167.5853 34.6776 142.0078 59.7413 59.9418 73.2661 76.9383 10.0703 18.6520 150.4347 169.3856 86.4534 52.8683 45.7039 21.7155 78.1399 78.3985 124.2992 152.2855 143.8654 116.2147 52.3359 70.3081 114.5127 175.8572 79.6750 81.3392 104.8299 98.1688 143.4351 83.0421 100.3005 84.0869 91.8911 220.9999 133.3005 74.6784 36.0360 113.6304 63.8227 168.7029 199.1841 65.5981 117.4313 138.4999 3.9038 180.6171 232.8648 26.3894 121.6576 135.2135 53.4407 146.9337 94.2610 72.7909 192.3391 131.5205 119.2073 133.5699 102.2068 108.6440 36.4493 62.1662 177.8934 208.9823 27.7729 118.4148 230.9460 76.2465 96.2311 160.0738 183.7189 32.9475 149.2926 83.4374 46.4528 103.3075 26.3589 125.3844 125.3724 138.2305 160.1328 8.8801 68.2414 98.0075 64.4280 146.7011 103.3914 149.6642 50.0381 122.0948 79.7938 100.1212 151.7201 128.0011 95.8426 2.9949 60.7827 135.0027 89.3325 67.7661 123.8895 141.3458 58.3247 9.7020 111.9982 54.1573 111.8490 186.7504 118.7350 40.7343 110.3109 27.1993 138.3991 38.2935 54.5543 53.8248 140.8632 139.4430 34.7837 134.2977 92.2950 158.4612 100.3870 213.9283 199.9611 161.0735 69.4880 49.6063 93.4703 119.8749 158.5664 144.3887 123.7853 84.4828 82.4064 105.9450 104.6510 32.4305 93.0045 19.6887 143.2796 88.6590 4.7644 185.7000 247.2611 122.3709 151.1600 169.9678 218.0527 81.5652 111.5645 70.6674 122.4076 14.6760 112.3114 84.9955 192.5542 13.6940 29.0056
