250
0.0000 209.3778 72.8656 158.6384 68.6962 178.5068 77.0031 129.1175 15.6683 105.3146 84.8843 109.7145 98.4061 32.6307 86.8807 222.3257 29.5327 45.9535 6.4346 178.2142 206.8576 137.5102 166.7181 180.5826 157.3445 86.7167 246.4186 19.3612 42.5971 98.8551 155.2649 116.9482 20.1002 77.8435 93.6561 9.6147 57.7690 15.4745 113.5655 67.8551 88.2992 124.3690 78.9037 82.1586 60.8777 147.0164 110.3835 55.0994 115.8695 40.7842 32.9786 112.9016 112.3095 105.1476 163.2457 119.8078 160.4935 110.9062 218.4858 59.2520 89.7110 150.2632 132.4025 157.2902 19.4577 186.2016 165.4809 57.8561 67.4932 140.5891 71.5333 132.5367 63.1694 120.5916 80.5951 231.6523 28.2776 64.8707 121.5253 145.4677 91.8089 15.8664 99.2374 151.0993 143.3991 123.4848 140.2146 146.3553 133.1636 151.9148 103.3268 98.9600 92.8702 265.0998 318.6305 96.3351 50.3354 177.7001 111.2825 92.1988 124.8954 183.0134 86.3376 119.1575 88.8776 105.2755 126.9078 64.6464 125.7350 55.8731 73.6391 192.7148 54.9412 62.8342 136.7169 166.2252 109.7686 105.9949 151.2503 172.9405 56.0965 135.1762 200.7110 76.4404 123.3033 96.9469 201.7431 155.2883 59.7690 0.9856 172.2308 102.5838 265.1233 39.4943 141.2726 73.2524 180.5928 156.6786 102.9346 96.9589 2.9978 11.1905 133.9344 102.2001 299.3710 142.9445 158.8534 104.4006 10.0905 174.1528 96.1779 181.9534 153.1396 92.8576 111.8233 129.9731 139.9142 159.1509 14.8349 102.0626 154.9124 109.2631 150.3303 104.7958 41.8719 153.9837 44.0465 174.0064 86.5253 135.7964 150.9020 64.0739 61.9207 102.5701 56.9533 91.5174 102.2858 128.8290 49.2279 125.7794 131.9987 117.8589 58.6086 102.1272 12.2423 126.5746 65.7510 81.8903 61.9187 179.8405 66.9484 174.9938 40.4629 11.0454 12.2174 122.7108 161.1266 176.4475 95.2597 167.8968 122.2244 123.9793 66.4241 109.5954 32.5810 7.8814 88.9934 193.9550 208.2880 101.0972 156.2182 120.1812 148.1259 15.2988 48.1222 71.1695 118.3253 40.6106 137.2110 18.1939 158.8366 141.1858 143.3298 160.4022 88.8135 107.4774 156.1401 111.3347 75.8544 92.6775 130.5738 139.8019 170.6073 137.0202 176.9408 170.0714 38.7663 147.8080 135.7932 147.8863 140.2193 122.5340 33.2743 122.3227 24.5511 121.1579 169.1827 170.3281 132.3876 39.8613
209.3778 0.0000 53.6425 187.7918 184.0869 108.1778 23.2160 168.0750 126.8164 175.7065 17.6589 166.4272 181.4886 165.5800 91.5245 88.6377 157.0161 138.6533 123.2803 83.2555 51.4262 111.5101 25.2998 40.5889 58.3532 27.0237 20.4135 66.0061 102.8155 72.5996 64.9558 58.1623 72.5300 88.9659 50.7055 171.3002 173.5043 87.8170 147.0557 46.7712 92.2250 129.9480 19.3331 152.5785 24.2961 163.8644 112.2517 48.4366 115.8565 199.0134 115.3835 43.0120 204.7238 153.6815 156.3179 139.9880 204.9517 169.3461 182.8697 54.1185 130.9217 180.9553 61.3283 79.6083 117.4073 239.5562 31.8700 67.5243 78.5925 58.5710 120.8015 70.1660 1.2714 118.2267 133.7347 164.9182 127.5107 139.6016 171.3577 169.0913 106.6479 33.3554 94.3285 39.9896 151.2255 118.7581 175.2086 80.8382 86.1295 126.4142 105.7912 140.2044 107.0685 19.5949 22.0281 50.0389 104.1977 47.9056 114.4110 81.5005 67.5383 2.8926 189.2774 73.6960 6.2894 139.7446 77.5318 61.2747 204.9299 47.2633 129.5078 41.0137 167.8614 36.4795 90.8786 84.0319 75.5592 198.4612 156.8581 101.0502 117.2350 85.8336 67.6072 137.6401 129.3671 109.4430 14.9667 192.8400 37.0255 142.6984 158.9674 78.1501 178.3652 41.7318 118.9437 115.9912 80.1610 100.5312 125.6793 133.0103 69.2505 129.7007 133.7474 132.2700 21.7364 121.4979 71.0626 93.7050 193.1745 145.9989 106.0929 122.9459 62.8172 114.8997 128.8955 48.1627 112.1724 88.5842 54.6773 10.8044 14.0508 115.6331 76.7322 92.1390 176.9011 157.9249 122.0524 57.8791 126.1976 72.4192 139.8198 112.7551 154.5176 193.8083 69.7534 180.5171 168.0425 109.4552 94.7934 1.4042 58.1775 4.5384 36.9430 129.5700 100.6690 42.4300 32.3818 103.3454 93.5026 144.2267 88.6404 43.7131 185.4242 217.2823 99.0574 124.1232 149.9295 257.1123 102.5662 149.5054 208.3825 186.6468 115.4985 55.9978 221.8342 69.3312 149.5714 46.5197 81.6630 123.4758 61.2567 194.7587 32.8460 200.9481 82.1382 31.1683 21.0434 133.3487 10.1604 86.2396 149.1308 185.1298 176.6803 96.6068 46.3748 147.9475 61.7245 104.8590 96.5159 73.6357 143.7315 126.3130 52.6479 68.8769 33.6151 183.1138 108.0897 48.4422 148.1455 107.9611 135.8956 156.7936 122.6892 100.2647 136.1039 129.1106 51.9189 143.1248 141.2758 144.9292
72.8656 53.6425 0.0000 97.5839 9.4507 131.1940 203.6871 147.2381 57.0600 73.6353 62.3087 32.1363 150.7718 23.4097 141.0512 181.2191 90.9156 70.3733 128.9569 45.5998 25.9251 129.6142 62.0572 126.5568 104.1135 58.4893 70.7637 63.3681 170.5929 104.4404 140.8579 35.2649 98.4748 133.0550 71.2276 129.7389 25.2866 105.7041 172.2548 83.6262 135.3208 161.6052 187.3349 184.3044 93.9012 104.9411 206.6108 100.9092 159.8243 45.8981 22.6991 102.5662 20.7202 3.5306 86.6792 126.3019 141.1321 118.0998 48.8880 84.0705 52.5706 126.5766 80.5860 106.2870 182.3810 68.5303 78.4885 187.5104 143.0265 41.3992 34.2609 102.6620 53.2847 115.9329 71.6090 57.0133 110.8908 88.3777 68.7267 115.4268 149.7606 7.9243 99.7826 280.6805 152.6434 107.0045 129.1002 111.3471 99.0866 64.9921 160.2704 52.7797 26.5102 105.7731 51.9089 99.8134 44.2512 79.5499 109.5033 99.3038 165.1504 179.4862 127.3661 122.5665 45.3224 103.4070 103.4584 174.9898 178.2825 23.8906 39.1059 145.6790 158.0190 145.9053 67.9136 75.5052 64.7551 111.4830 80.6849 68.5530 105.9464 42.2120 1.0921 99.8477 78.0059 165.9518 158.7264 64.9736 126.9702 153.3089 122.8441 110.6565 205.5612 125.0105 16.2894 107.7685 61.1023 76.9570 177.0873 123.7942 200.7802 127.9603 1.2148 66.0764 99.6818 103.5517 117.5685 142.7815 75.1445 126.4660 111.3116 72.3778 178.3963 89.3441 86.9485 152.4336 159.1851 232.5698 17.6907 169.1104 195.7305 65.1451 89.4600 13.9762 132.7863 103.5606 38.3728 43.3507 54.1850 28.4390 78.2819 88.4394 48.2925 120.9697 93.2188 123.3873 88.2744 299.4677 192.7883 96.2639 118.7504 129.0436 103.7863 128.3820 148.2041 137.5507 53.6153 112.3909 166.9378 80.3562 39.2924 57.8976 107.9985 124.3344 99.3366 104.4279 174.0220 32.0813 113.6472 93.8656 113.5055 113.5135 64.5212 60.5565 89.3288 188.9449 26.0687 188.2401 190.2232 144.9290 117.0073 63.8114 102.8483 116.2074 147.0099 79.6145 115.9725 119.1409 186.8398 44.8395 186.3513 33.4950 137.9078 131.8548 148.9296 267.5791 205.6901 37.8719 53.9814 105.8997 6.5871 87.2875 139.0239 177.0154 19.0349 192.9172 80.3707 141.9323 162.3237 57.1070 43.3768 160.2856 236.4663 10.3833 150.7229 116.9774 93.0997 81.0977 91.7275 131.9399
158.6384 187.7918 97.5839 0.0000 147.0616 37.8682 86.5918 56.9691 5.0541 100.8404 73.2954 80.3579 87.1969 23.4648 137.7325 32.8795 166.7296 126.4696 24.0740 108.7451 19.8312 72.7864 109.7602 128.5772 106.2060 94.1071 6.1190 40.6665 76.7964 137.7084 74.9911 139.9941 46.4390 83.8264 110.4487 32.4453 97.4247 47.3816 11.3251 1.8801 18.7626 235.4985 174.5224 75.5853 59.1770 13.1196 178.9009 60.9283 114.2363 38.4889 43.0119 58.3934 58.5733 184.8497 87.0312 38.4210 27.0301 158.5541 42.6483 82.9702 129.9337 126.2361 109.1456 112.0773 40.0144 143.1174 145.5907 122.6056 98.6989 103.2150 165.7768 116.1927 139.1754 129.8721 51.9752 115.2679 85.2556 160.7346 115.8410 117.5450 137.3963 33.2865 71.0492 140.0615 38.2596 91.4783 222.1751 202.7794 106.7310 21.1313 65.2984 90.5847 20.1078 98.4095 115.7364 157.7379 83.1470 71.5980 127.7833 216.3273 153.1807 157.4255 75.9374 115.3102 67.7906 35.5500 97.3789 103.2491 113.7053 73.1362 82.5385 136.6253 114.0439 195.8900 59.7014 107.4086 63.5798 41.9594 152.4896 61.8876 111.6029 92.1711 154.9840 118.7888 105.1057 181.7792 243.6816 165.5130 78.8762 126.2584 94.0193 208.1492 11.0699 18.7525 97.9570 80.5925 51.7851 75.4867 103.7573 107.3811 81.1063 68.9603 34.1927 71.1202 75.4649 120.3414 135.6233 116.1506 129.1611 65.1168 99.8031 150.1229 57.0095 120.3698 45.8202 152.6305 108.0925 49.3083 117.5259 70.0929 188.2517 145.1520 147.3952 148.8951 62.1718 16.1839 125.6611 131.5336 82.0149 55.4653 220.5875 132.8087 113.1320 96.2025 130.4109 109.0175 159.4587 109.5622 149.6077 200.6448 123.1474 54.5172 165.2939 196.8384 271.4965 60.3642 163.1736 99.6664 104.8763 183.4148 75.2051 49.8199 179.4223 5.8936 100.1536 16.2542 165.4941 171.7169 109.9381 103.1613 105.7870 76.3553 114.4485 61.7710 87.7901 45.8797 203.1145 161.3431 201.3607 182.1420 128.9953 39.7253 146.8057 94.8221 63.2028 54.4791 24.6676 99.2591 167.6001 129.8536 12.1556 187.1956 142.6138 111.6671 126.2580 173.6309 247.7857 87.1079 94.9948 113.5315 29.7451 67.1428 31.5500 89.3788 64.1035 38.6240 94.6006 82.4524 140.0960 155.7982 121.4436 203.3838 162.3016 68.2098 132.0946 49.8767 186.4728 32.3327 109.8654 138.8573
68.6962 184.0869 9.4507 147.0616 0.0000 52.2893 196.0394 220.4430 53.0871 26.8152 136.9381 218.6840 117.0156 80.7497 91.8817 205.2456 123.9373 162.5302 105.4022 6.2282 59.9757 125.8885 73.8521 157.8576 120.8617 59.0445 102.8103 94.4475 94.1861 137.5646 87.0188 110.7096 15.1924 46.5451 54.0903 144.3191 33.5197 94.5691 173.2724 173.2546 190.5382 90.2912 63.5258 57.8598 78.8500 14.7939 31.0909 248.8783 191.3297 171.8107 117.9639 71.9201 55.7974 122.5300 169.7288 111.1637 79.3942 117.2450 225.9315 74.4475 86.1124 146.6182 65.8556 54.1983 46.5540 202.9229 86.2178 103.6514 130.5046 95.4037 137.9826 117.9624 0.9881 88.0989 36.4516 35.3501 96.4748 102.1200 130.0537 203.0533 101.0709 61.1305 37.2034 6.4237 103.0109 181.3848 14.0968 24.6247 210.7974 87.2126 136.1570 52.3785 44.4874 195.2796 163.0521 61.8404 199.3882 115.9716 215.7531 236.9301 210.2389 86.0265 152.3275 16.6978 69.3335 142.8862 106.1314 18.8491 106.7393 164.1931 188.4907 187.6084 152.3589 86.5334 106.1831 1.1652 149.9934 134.2164 53.9720 113.1124 165.9714 163.4958 56.9537 172.9467 158.0307 85.4628 39.0751 93.6275 131.8901 130.3461 115.8928 61.6372 171.7695 117.9800 10.6285 114.7532 66.2336 30.1708 163.3834 55.7779 140.8488 161.0227 189.2564 273.1709 66.6721 177.0918 49.4533 77.7190 90.2439 106.2279 39.6511 122.2396 108.6106 33.8077 126.5635 81.4527 31.9347 86.7551 100.0763 107.7613 54.5407 142.1418 117.2097 26.9015 26.9223 105.3948 53.0518 163.5102 111.7864 105.6243 119.4205 125.2992 144.3638 86.8770 105.8616 92.6634 101.3526 94.7437 110.2506 130.2266 106.0206 58.3774 35.3076 156.4165 102.9605 128.1679 59.6180 102.1287 124.2698 170.6032 119.6246 79.2258 80.8774 82.4772 48.1140 196.2073 117.7899 100.3682 101.1118 22.7112 138.6543 90.7394 145.0748 55.6058 109.9717 2.7322 154.7734 238.2359 115.1269 181.5201 93.7011 29.1476 177.6682 6.4673 102.3352 63.7439 182.3923 133.6382 114.1800 39.8894 83.2082 90.0377 125.2366 142.7877 140.5033 44.0446 104.3486 77.5996 146.6962 128.9586 121.2211 89.0033 115.4752 125.4499 203.8655 85.6388 15.1366 184.8929 108.2756 133.4192 192.0449 121.3067 60.6737 98.4535 109.3761 28.6631 34.3899 226.8837 113.7329 48.9042
178.5068 108.1778 131.1940 37.8682 52.2893 0.0000 237.3913 1.9550 109.0608 12.1489 155.8850 133.9846 164.9773 141.3384 220.1134 101.2135 177.0105 108.6998 45.0916 128.0550 51.1998 147.9054 139.7725 31.0704 184.2454 166.5555 92.7766 159.6541 150.1997 150.3430 159.7760 164.8460 161.1037 3.3745 49.1824 104.4655 103.9293 146.7838 177.5210 65.8964 38.1037 2.1490 85.3944 102.1816 44.6646 163.9827 37.9890 120.4657 161.0062 154.7024 94.6597 92.9494 78.0834 18.3219 8.2779 167.4790 16.3665 29.6550 153.8588 143.7027 95.5057 185.5184 53.0591 119.1380 78.1444 105.3127 176.9456 69.2978 151.7288 63.6146 41.4856 23.4519 258.5412 105.3430 139.7173 253.8841 132.2423 100.6321 83.6815 13.3959 87.0760 135.0218 152.7329 122.5997 134.1351 164.8999 107.8645 158.2188 86.6314 108.4355 70.2379 105.8696 71.4447 216.7651 61.7922 66.4854 53.6963 189.0626 101.7219 93.1247 142.1152 141.2598 78.7288 107.0355 164.6237 146.4394 29.0158 172.7180 160.2614 62.3199 79.9914 49.1697 112.4680 140.4498 71.1611 151.8589 164.1923 188.7019 59.5927 59.2202 126.7744 74.4400 126.7746 14.2225 121.9157 205.5495 158.7561 49.8059 52.6868 104.2003 7.6823 106.2136 75.8497 189.1686 134.2726 172.9835 83.6819 108.3259 65.0153 37.5413 105.2507 177.6574 1.2648 124.8781 162.0212 53.2189 75.7959 177.8140 31.8296 37.1098 51.5026 26.6950 196.9453 121.3410 106.2107 57.4035 207.1648 220.1225 223.2046 240.9633 203.7278 33.7123 28.8971 73.5947 116.0397 119.7194 121.4060 130.1265 110.3473 96.0360 180.8021 122.6993 141.9635 59.2631 113.0788 88.9681 133.6256 161.2713 65.8920 84.5399 150.5504 58.8096 77.5799 165.8471 57.5771 30.7294 214.4053 75.5403 42.4224 89.6093 120.1756 41.8605 104.3692 27.4492 58.8758 52.7985 155.6590 57.4082 183.5667 1.3982 67.1565 144.4592 106.6820 188.3542 153.1038 255.4778 80.9299 64.0766 69.0778 61.6820 199.7604 120.2491 129.0782 119.9277 160.7877 11.9444 80.4582 69.8747 61.5524 23.0347 222.0637 150.3295 57.8373 92.7711 69.0687 151.5060 62.5052 88.9489 40.3749 169.1223 22.8426 115.1378 173.8450 141.2974 45.5324 160.2833 186.2149 188.6951 44.8389 136.4070 138.5387 64.6405 168.6447 150.5788 153.6274 164.6641 37.2719 27.9628 67.6712 76.0873
77.0031 23.2160 203.6871 86.5918 196.0394 237.3913 0.0000 84.3416 128.8650 49.0419 28.0017 131.9715 260.0832 189.6209 38.4859 61.6573 69.9202 190.9018 141.1697 78.9250 51.4689 14.4150 183.7723 167.9514 188.9312 66.6827 130.2142 6.9337 61.2669 43.3884 156.4252 74.6788 10.8843 7.9596 208.0582 188.7479 56.9169 45.0918 131.8628 132.5045 35.8354 27.9812 7.3237 181.2406 103.7637 114.5004 81.4480 78.5568 52.6533 57.1471 114.3298 146.1313 39.5032 21.0258 87.5207 117.6209 82.8883 57.6320 121.0518 78.5897 86.2266 55.2146 148.1178 153.4032 194.7702 8.8604 73.4730 96.8721 6.1267 91.0537 84.6996 53.7653 35.1218 130.1516 131.3329 138.0320 98.4362 49.8703 102.1481 64.6306 192.3198 67.5787 124.1186 115.5663 67.3433 81.5765 93.8437 116.7912 210.5502 95.6924 173.0147 67.1075 129.7770 114.6059 81.1893 141.7606 108.6805 45.0148 174.9885 70.3694 8.9165 154.3478 102.3126 95.4904 145.5680 58.8227 133.3623 15.4074 76.0010 47.4092 170.0525 128.0714 89.5590 138.3530 154.7173 212.7729 107.2580 94.5829 56.5589 111.5897 144.9559 105.0264 134.0877 177.6645 4.5163 177.2168 177.3978 185.3175 101.9019 133.0689 63.7278 15.9472 86.2009 139.2756 48.6172 80.3736 57.0779 49.9973 111.4761 118.9410 11.6379 9.9948 228.7155 103.4717 85.7463 58.8708 160.0544 150.4627 138.2569 111.9710 101.2975 74.5671 181.0478 23.3222 159.8529 154.4148 89.1973 101.2518 105.4174 75.3960 118.2774 116.0179 166.8368 131.6002 94.5332 153.4466 49.6215 20.5021 184.5635 53.9073 134.4421 125.5609 132.7728 158.9548 127.9781 125.4443 1.3331 143.7341 153.8757 185.0093 104.2469 84.7921 87.3190 54.8441 117.4555 127.4874 81.4943 103.7587 156.3464 123.6804 132.2285 87.5582 180.4793 63.8121 10.7440 129.7213 78.6689 162.2706 194.3537 62.0812 24.5755 0.3808 91.4977 148.8297 63.5174 123.5717 99.8330 36.5106 45.2217 69.6495 71.8900 152.7404 65.4914 6.3824 65.9538 25.2533 154.3020 104.9755 254.5460 33.7825 148.0839 177.0069 172.3597 31.8622 71.4337 87.6271 68.6157 9.0498 50.0404 74.1864 138.0407 159.0981 139.5220 112.9079 66.8519 29.9539 69.3604 140.8882 136.0588 83.2787 98.9160 63.3193 51.9153 13.6697 13.6745 140.5304 192.0317 163.6368 17.6700 171.5116
129.1175 168.0750 147.2381 56.9691 220.4430 1.9550 84.3416 0.0000 67.2649 174.8243 164.9112 19.3208 32.8596 112.4272 118.9810 82.9388 90.4517 172.0402 132.6788 222.6425 146.8810 54.8645 68.5726 84.3559 240.0110 5.4065 48.1496 102.5985 109.6046 160.0332 61.8580 105.2746 147.2555 59.4026 240.3578 119.5155 99.2967 86.1130 77.8830 148.4491 126.2513 208.2992 149.0624 151.3403 93.3725 177.8912 57.6769 93.5520 127.2400 73.5552 154.2726 72.4805 74.0328 172.8794 84.5617 132.8611 98.9303 31.3254 50.1612 153.9726 117.3449 165.4461 101.9576 60.8977 119.9742 120.2779 45.5215 34.6384 267.7818 106.3234 34.0183 228.0950 84.8516 69.5216 32.5711 38.3247 82.9864 108.0003 46.2813 66.2438 149.3852 140.1389 43.8113 74.7600 127.7012 124.5821 14.8458 204.8570 56.5557 58.4779 145.7179 113.2447 78.1280 150.5750 162.7496 65.7291 76.8628 33.3597 73.9934 120.6683 234.6340 84.4460 194.6527 207.1511 7.6388 65.2304 162.4957 27.2568 116.0398 178.3708 142.1873 108.5795 50.0843 80.4217 74.4878 88.8968 208.2783 82.5194 125.3899 147.5333 39.4590 96.1348 192.2522 140.8651 131.6125 75.5815 115.6005 145.3695 120.8185 58.0890 65.6128 183.1581 92.2134 106.4883 127.4148 21.9071 53.2007 134.9773 52.8529 150.0581 122.8804 85.7437 44.1711 235.6602 90.9080 87.5019 125.2005 196.8690 79.1661 114.6752 87.9641 115.7414 255.0961 86.1710 79.6995 125.0587 134.8837 81.0093 151.3417 134.6704 1.5912 73.1187 97.1873 11.9442 86.2772 101.3992 22.7591 171.8862 41.9498 65.1529 85.1262 81.6527 14.4059 91.4903 155.3107 37.5832 163.3450 111.0160 192.3928 88.0204 233.9375 61.6598 89.6868 147.0543 141.1272 159.2849 29.6833 31.3279 138.7954 95.2067 56.8877 120.0378 143.7856 81.0630 134.1876 132.1114 182.9200 121.2544 28.8629 176.3035 171.6230 184.3571 111.1356 69.5939 166.8006 43.7087 168.9948 52.5852 21.4670 221.7669 86.9897 97.6864 29.3230 166.0730 111.3382 143.3121 99.2378 124.4955 90.9286 193.3048 78.9895 188.5849 64.3511 166.6557 225.1183 78.4761 125.1811 116.0004 65.0343 23.7335 68.1593 131.7042 134.9835 125.5734 126.0398 23.2489 186.0386 128.7637 154.0773 98.4334 91.7184 40.9318 53.6852 68.8219 125.5459 146.9291 209.9149 112.6810 102.3775 121.3960
15.6683 126.8164 57.0600 5.0541 53.0871 109.0608 128.8650 67.2649 0.0000 141.0577 113.9381 151.8479 89.3155 171.3203 33.5128 76.8757 91.9141 176.4676 101.5961 98.7749 140.2406 29.0039 91.5302 39.4892 82.2946 135.3807 77.5186 128.1822 130.0942 153.9782 213.4685 204.3475 120.6168 152.3156 141.2074 180.1047 172.5855 69.8098 70.4585 162.9791 65.9306 27.9253 57.8743 35.4829 94.1238 89.3426 245.4904 103.6241 143.1665 130.2197 108.1971 135.6085 181.1400 252.3148 61.3778 81.9292 173.3157 160.1522 136.4504 53.8808 108.2885 167.6534 111.4193 22.8583 74.3554 29.3298 256.4575 202.6642 54.7804 104.1758 104.4896 199.0642 165.7617 60.3943 59.1847 114.5113 34.8111 82.8205 39.7207 117.1822 64.0738 7.5022 103.2918 85.3945 121.3832 133.0285 52.6649 137.1529 96.6223 209.6381 180.5173 56.0002 22.8487 91.6503 97.1179 77.5223 178.7710 113.6786 190.1990 40.4652 146.5875 166.1871 83.8184 102.4996 128.0191 126.5981 195.2377 115.9301 29.4002 135.8636 212.2787 73.0113 68.6728 118.4202 174.7390 109.4918 47.7433 148.1052 35.0370 54.7878 68.1867 123.9455 44.0762 74.1918 219.6709 136.5765 159.6881 86.2740 55.0037 169.7904 241.1005 175.9027 114.2322 79.2378 58.5118 35.6692 99.7317 129.4540 110.4691 18.3956 21.8845 43.9346 142.4716 84.2475 149.7045 45.1910 37.1795 44.2868 176.2332 114.7627 77.0293 110.9150 118.3992 77.1794 155.3043 186.8296 178.4808 54.4749 167.7227 76.9043 80.1989 106.0422 76.1264 153.1584 140.9023 102.1269 73.0690 47.9108 187.2316 131.9530 114.5734 56.4824 43.2217 158.0987 133.5235 51.7139 121.4693 102.9892 73.6979 75.5354 65.7181 14.3825 61.9326 85.4995 138.0184 93.6539 172.8231 123.3447 177.4086 99.3313 75.2747 83.9383 193.3517 173.3853 42.6822 14.5647 112.2414 64.0727 146.2795 67.1042 166.3297 171.9894 64.9062 122.4611 98.5315 127.3502 177.1834 102.2149 88.0602 80.2386 49.1884 102.4716 41.6181 110.6527 191.2384 106.8415 123.7623 122.6914 153.2109 116.0149 94.0033 104.5296 85.5280 72.4034 139.0060 111.0841 97.6739 121.1658 59.0950 107.9583 99.4806 118.1722 21.1608 43.6354 135.7856 129.3927 44.4537 138.1287 111.9260 60.8322 77.3376 2.7717 86.6267 142.5416 121.0984 42.8054 110.2859 48.3008 65.8522 64.9812
105.3146 175.7065 73.6353 100.8404 26.8152 12.1489 49.0419 174.8243 141.0577 0.0000 74.3410 165.6101 118.6496 76.6636 50.0167 158.4336 30.1153 68.0332 112.1736 50.8649 135.8395 53.6220 150.1938 131.3726 73.9553 69.5097 184.5175 85.2281 24.8321 100.3783 159.4247 42.5870 215.5523 11.6624 81.7062 88.6833 194.6019 110.0032 64.4509 53.6694 180.3199 152.1376 144.5089 103.0652 28.3551 196.1641 183.5406 133.9894 158.6070 81.5691 78.0795 37.0510 57.0286 92.5597 139.6189 156.4275 91.7058 72.0407 165.5246 160.4390 147.0928 95.6507 144.4219 106.4919 110.9387 125.4574 152.6472 119.9418 37.7570 140.6322 164.8697 114.4693 44.4497 40.4620 36.5236 137.0395 74.9606 20.4110 45.9944 176.7030 67.7674 222.4388 78.7591 135.1569 197.4047 250.1317 185.7137 53.0105 160.3031 93.0771 109.3459 41.7121 38.7933 83.5687 150.5986 135.3265 110.7355 176.5228 48.9662 84.0885 110.0863 151.3607 76.2835 45.2884 219.4649 148.2742 137.3173 141.6678 104.4493 248.7620 35.1638 49.8435 181.1184 29.0866 35.2446 120.1879 126.7828 132.9277 172.2133 77.8736 88.9146 177.7515 46.8181 79.2316 179.1555 61.8119 117.5919 34.9590 83.3952 55.7608 87.2462 119.2143 164.9306 212.9820 117.6864 210.5573 37.9082 26.7519 167.3257 97.7390 113.1197 159.9983 153.9858 123.0623 264.2546 175.4536 12.8927 44.6793 67.0923 126.7545 37.5743 89.9116 164.4457 63.8834 34.3644 37.5719 55.2994 102.5722 100.7897 187.6380 51.7197 74.2524 112.5327 69.8630 104.5329 100.5603 125.4064 149.0470 113.5858 137.4857 127.6438 137.2417 86.6354 131.4381 112.8317 128.7228 122.3777 184.9461 167.8775 64.0575 106.2759 105.8367 82.6289 151.9293 120.1830 38.2044 68.9332 196.1877 122.2088 130.0646 82.6113 123.5109 90.6617 133.8262 117.5535 55.1708 113.1165 163.8499 95.6246 6.0763 172.7610 93.5430 85.9569 94.5026 128.7698 60.9990 119.8267 78.7156 42.5408 203.6973 86.3098 33.3208 28.1246 179.1317 56.7934 93.7075 173.2371 137.7364 98.4777 85.5552 44.4130 139.3745 76.1436 39.7948 174.6548 39.9229 186.4262 126.5916 49.0314 80.6671 70.4405 129.6067 39.1003 72.4320 99.9244 92.1471 76.3619 5.4428 53.4583 71.4246 98.8970 61.3232 116.3717 11.2817 112.5423 93.8768 171.0453 75.1515 217.1852 2.1137
84.8843 17.6589 62.3087 73.2954 136.9381 155.8850 28.0017 164.9112 113.9381 74.3410 0.0000 50.9484 175.7469 139.2923 179.8971 150.0082 205.0035 210.3861 69.3323 122.2361 26.9795 90.7143 154.2154 253.0244 73.1238 131.0908 155.4560 42.8399 2.4762 146.7531 117.7894 102.4877 122.6299 94.9719 226.1229 194.5256 89.0899 161.2204 101.2928 129.1236 135.6703 95.3032 24.9697 158.2857 201.2036 28.9923 33.8803 139.8394 120.9612 48.2952 110.1973 148.8991 86.6207 141.3584 86.0587 133.8538 94.0654 112.5874 36.9287 4.1362 100.2748 251.2345 174.2354 141.9251 96.0152 184.0844 105.9066 50.0837 76.3364 14.2552 131.3437 82.1071 164.7843 62.6302 102.2934 113.4179 35.0841 99.5152 66.1529 130.2522 119.6958 114.6726 120.9827 102.6213 95.4622 74.7059 48.3710 17.8858 113.1914 33.3197 165.5779 21.4335 151.3715 116.5447 116.8010 73.6280 169.5651 48.2249 45.2450 52.6092 185.1034 131.7118 83.6453 138.4313 142.0407 141.5109 172.0314 23.3869 176.8670 73.8904 79.4165 191.0721 158.8388 118.7203 71.2070 164.0762 78.1708 140.4878 122.7734 135.6792 155.7476 140.6347 66.6100 210.5529 82.2409 156.1824 131.0490 114.7577 55.6771 97.8299 68.7592 65.6076 196.9937 47.3225 140.4609 99.5687 66.0676 120.0029 111.2247 80.8410 88.0945 161.6597 152.8150 63.1588 168.2628 161.5837 130.5821 27.4989 128.7608 90.0157 93.4055 83.9329 184.1905 1.9901 60.3878 192.2035 119.9878 130.6053 114.7330 136.0834 136.3626 122.6071 12.9940 41.8619 44.0084 205.7086 54.3999 37.4768 157.9096 227.0772 43.6508 56.9752 51.0163 8.1010 223.7039 150.7806 77.4098 35.0047 48.2452 57.5281 180.5368 56.3432 158.5780 141.5393 128.3492 113.7031 82.2607 128.4142 257.4921 185.5287 16.1658 86.2121 116.1888 134.9538 14.8783 23.9867 20.9829 198.8199 72.3422 125.0897 67.1864 6.0790 148.4187 7.8674 138.4788 78.9450 53.9869 189.7765 131.7984 159.5844 51.7844 51.6119 138.5525 23.9618 170.3710 27.4452 40.3278 225.8318 94.5325 145.7379 43.0104 49.2140 130.0684 129.5582 36.4929 159.2938 203.6162 28.6072 49.0138 103.0933 124.5355 141.4471 169.9809 7.2892 91.0259 118.2119 155.7902 65.6658 121.1318 104.8216 253.0645 39.7464 36.4588 151.6367 113.7843 99.4949 137.4376 91.3660 84.6995 24.4689
109.7145 166.4272 32.1363 80.3579 218.6840 133.9846 131.9715 19.3208 151.8479 165.6101 50.9484 0.0000 158.3086 104.3928 108.6661 113.8062 75.2533 98.9822 105.4412 32.9174 15.6561 160.6822 125.8128 39.9899 72.5198 165.0681 112.5602 28.5030 100.6414 163.8436 90.2150 66.0083 64.6934 21.5606 240.4630 139.8865 137.0032 59.1342 110.6855 78.8929 57.2969 179.6430 64.9092 170.8532 255.6707 115.1582 90.5387 101.1583 149.0780 76.3122 0.5257 167.2097 108.5337 39.3129 202.8988 49.3920 136.4353 82.2016 14.6724 76.4441 62.7289 113.7296 172.2101 250.4796 187.3529 71.3172 123.4237 137.6136 104.6344 106.2083 84.2081 136.3966 164.5534 65.3782 146.5785 142.3540 78.7149 194.4412 154.7035 54.4211 41.2757 49.2145 164.5683 107.5419 19.3840 158.2414 42.6329 109.3200 173.4976 187.7950 73.7662 129.9369 218.5312 151.2735 138.0967 183.4641 77.6315 96.2297 82.1602 65.8960 87.3174 125.0790 31.6120 93.6998 159.1778 148.5356 6.5559 90.2852 159.5031 126.1142 139.7963 97.2596 84.3638 90.0738 97.2935 45.5887 98.6523 117.0270 90.7140 19.6135 204.3798 75.8641 70.9367 127.6523 147.4490 102.7108 88.0178 28.8719 231.4957 143.5472 53.4704 141.7934 55.0108 136.9553 198.8294 39.8523 127.4473 145.2650 54.0590 33.2940 93.6259 157.7938 14.8602 194.1693 126.7860 106.2344 126.6845 39.8692 27.0450 216.9093 162.3089 65.8525 40.1183 90.1904 32.1027 107.1833 77.3736 190.0589 61.7927 190.3742 95.2849 7.6987 139.4171 25.9224 92.3447 23.0127 147.5146 112.8521 182.7329 31.4799 107.3265 111.3573 145.1943 92.4316 65.1473 106.4976 121.5988 123.4739 71.6903 109.9320 161.0821 165.6640 151.1239 142.4472 94.1837 204.0109 106.3439 47.0040 153.9832 36.1483 85.8278 92.0751 143.1458 132.0684 76.3707 125.1509 152.9346 130.2022 101.8443 114.3884 84.0133 76.6024 28.4492 48.3420 144.1852 53.2733 174.7545 196.6668 4.6474 124.1427 189.9656 98.0907 159.1776 94.5466 112.4145 151.7211 86.5787 48.0716 107.3077 146.1749 121.9524 110.1005 7.3241 120.2329 62.3115 89.4223 190.5729 126.1105 85.8650 139.9762 18.2882 165.1467 50.3469 109.9603 58.4668 144.8057 78.8317 102.3076 125.0054 80.2412 61.0439 73.1207 78.3866 98.5789 156.5352 47.6606 167.3891 73.4760 33.8054 131.9042
98.4061 181.4886 150.7718 87.1969 117.0156 164.9773 260.0832 32.8596 89.3155 118.6496 175.7469 158.3086 0.0000 83.3968 51.7168 74.1585 154.5727 222.0561 175.9661 82.2077 100.3442 77.8243 117.1038 1.7474 75.8421 28.6774 186.3091 37.8673 103.8391 89.1478 26.6774 37.4035 130.3435 137.3502 105.2813 60.2375 80.0445 114.9244 66.0718 51.8244 186.5883 337.0326 186.1714 59.9539 109.1646 182.8190 108.0989 108.3982 68.7429 166.6797 88.7665 129.1702 173.7518 51.8676 98.9949 175.1880 54.4680 165.3651 202.5992 54.8086 19.3051 156.1530 124.1932 24.2915 143.0992 120.5023 74.3320 190.3314 12.6035 160.6515 84.6416 1.6065 50.0129 60.7359 87.4837 22.7680 148.4946 144.1437 57.4969 76.8500 138.0642 169.4791 21.0072 113.1705 208.7557 134.2003 117.7153 81.4347 72.5380 121.2792 144.7738 82.0565 1.6858 221.6588 107.1960 192.0116 71.2258 106.5669 63.5933 80.6573 33.3081 135.7092 80.2291 224.3641 126.7266 55.7853 136.3281 277.1972 167.6663 209.5373 64.0805 71.0003 153.5872 46.5088 55.5035 153.4597 12.0010 27.4440 82.1735 122.8659 165.6962 59.9699 109.8455 73.3663 130.0393 168.4839 136.7183 198.8839 111.4764 260.8524 108.4131 140.8697 156.2879 86.4808 98.9202 46.1988 66.7654 110.0541 170.8200 188.1136 78.5138 178.3224 141.1073 82.8051 12.3216 88.2093 68.4265 55.9555 99.8153 125.9484 135.9254 151.5822 106.4044 8.9439 136.8561 86.7105 160.7480 4.4639 5.5672 36.7346 137.8402 177.7313 94.7741 26.2807 143.4920 65.8609 3.0851 125.2766 142.0758 70.9092 116.3948 48.0522 41.6252 111.4774 21.0622 42.0160 92.8843 55.6609 182.6276 201.9535 111.8219 112.8177 59.9394 90.5330 136.8841 45.9446 4.2592 129.2028 111.1321 62.7209 60.5363 57.6056 33.9590 59.6397 182.4178 81.6154 179.5953 166.6782 69.4589 122.8103 208.6085 129.8449 89.0204 123.2675 90.6439 150.3295 152.5832 131.2810 70.3643 87.9192 181.3946 101.4915 63.1428 78.6518 136.0976 209.8247 65.5650 116.3329 25.4170 2.9645 90.6305 155.9760 173.0945 8.3256 248.7033 115.2989 85.0912 95.6169 79.4128 121.8926 125.5786 214.3681 159.8145 120.3038 118.1976 20.7731 50.8059 124.2429 127.4890 25.5868 212.3647 119.4022 138.8724 86.8167 87.5501 95.9703 205.5607 126.3744 36.6860 180.4858
32.6307 165.5800 23.4097 23.4648 80.7497 141.3384 189.6209 112.4272 171.3203 76.6636 139.2923 104.3928 83.3968 0.0000 46.9932 105.1214 164.8110 139.5191 184.4572 115.5437 130.4787 30.8961 69.7426 134.3375 102.4500 86.7649 171.6722 85.5553 191.2868 118.9519 20.5964 57.5123 55.6818 90.5159 101.0530 158.8502 114.7984 32.5139 3.9815 79.4729 196.1095 127.4217 28.7892 168.7252 92.8321 107.3599 50.2380 60.0752 82.4443 262.7648 3.6429 87.2214 130.3351 133.5991 172.5676 154.9780 61.6575 25.0112 127.4493 106.3480 139.6906 88.1040 16.4206 99.9448 143.1919 69.9445 82.4108 19.4981 109.6981 139.2912 106.7107 181.3857 118.1186 106.1382 56.8405 169.6486 81.4846 36.2253 128.4168 55.7205 94.5763 126.6304 80.1186 104.6291 190.6838 57.8223 111.4547 125.2265 64.8506 89.0897 0.8822 64.4596 69.4315 191.0849 29.8487 35.3174 107.2106 159.5003 155.0366 210.9058 90.9772 208.5681 71.6578 138.4820 98.9806 24.7897 182.2536 164.9147 194.8459 21.5209 107.1196 128.3493 66.9607 179.7106 51.0983 143.6560 129.5435 27.5534 92.4378 44.9756 108.0493 131.6223 15.7098 210.5873 24.7441 137.6417 85.6093 139.9151 166.6371 61.5367 57.1215 19.4647 164.3838 61.5547 143.0651 163.0963 64.7826 55.4827 221.3684 121.8720 95.2978 105.1615 64.2511 218.7184 71.1705 54.3921 115.9802 126.1441 114.2358 21.5739 164.0085 130.2537 167.6174 122.8856 111.5690 100.2976 135.2094 86.4829 31.6530 6.6752 130.3598 55.7876 96.9139 223.7715 179.3821 2.5685 116.8188 3.4508 132.8635 64.5044 130.8538 114.8547 144.7464 31.7330 96.6053 171.5449 98.0020 63.8493 132.7721 0.7158 101.1293 201.2118 1.4678 149.8898 231.1142 40.8086 125.4289 66.7531 72.0074 163.4652 115.0687 19.2395 120.1107 127.8988 19.5360 27.3350 141.1371 36.2519 163.5218 94.5705 13.8952 88.4262 165.9160 47.3196 92.7508 35.0485 209.9808 111.5407 98.0436 98.7469 98.9863 101.5168 121.6492 141.6943 51.2230 193.6521 83.6611 182.2459 10.4583 115.3935 51.2666 146.2134 168.0101 167.0771 91.5419 132.1275 77.6240 26.2736 88.2312 85.8046 25.5097 128.8546 124.9836 167.8208 35.3879 149.6484 90.4463 68.2951 123.1272 48.3362 152.4111 138.0778 160.7186 164.6658 107.6142 266.3797 116.6041 76.7163 260.8280 75.1733
86.8807 91.5245 141.0512 137.7325 91.8817 220.1134 38.4859 118.9810 33.5128 50.0167 179.8971 108.6661 51.7168 46.9932 0.0000 110.1155 62.1656 77.5900 99.4882 148.0017 135.6474 81.6382 99.5657 124.2767 106.5317 110.2651 144.1978 144.3841 97.3246 112.4340 143.5513 192.8319 52.8674 30.4104 77.5684 145.3552 107.4630 83.2272 76.4490 159.2971 90.2026 159.6907 87.7893 113.3511 110.8400 208.9859 135.6534 21.7030 89.6067 60.8541 12.7877 146.0790 69.4588 71.5744 119.6813 84.7276 2.7935 160.3833 63.2301 72.5109 94.3596 110.7389 111.1736 119.2865 37.6590 84.9444 187.6842 171.5657 77.4851 120.3035 131.9033 107.3215 85.0235 21.9096 162.2058 97.8065 33.7484 156.6443 79.7594 53.3547 127.1637 18.4821 98.2808 123.6358 64.9306 152.1630 224.5382 89.9209 27.6208 192.5428 18.5560 74.7366 20.2566 74.5390 20.2785 122.9460 208.3605 109.0683 41.6137 54.0461 25.8412 176.6427 130.3786 7.1458 56.6124 119.7268 138.6437 20.4388 36.3093 126.0265 81.3695 116.8298 62.0342 183.0132 233.0090 76.9047 83.0437 45.4658 115.9276 124.6687 32.4806 127.5576 182.9530 36.9626 28.9774 55.4733 16.2264 153.5626 140.1036 60.3025 172.1285 71.0261 142.8736 178.0220 15.5035 181.2830 246.9952 206.9009 65.7898 151.5763 88.3546 153.7031 40.2635 189.1552 95.6119 147.1162 54.1855 88.1979 69.9658 215.8418 55.6434 1.2352 98.6402 180.0979 85.3866 175.0273 134.0675 140.2059 42.3256 102.2440 35.8292 168.8458 188.0181 56.0053 33.4912 147.2419 242.7614 101.5989 49.3599 220.4297 119.4828 59.5238 34.7261 151.4719 201.4780 6.1999 86.0851 91.9561 51.6225 35.0221 47.0138 93.8331 70.8504 167.5532 14.9788 135.6304 134.2040 38.0293 190.2261 115.5452 40.7489 130.7486 70.8511 81.5452 203.8382 169.3120 117.4199 168.9879 49.3964 26.8404 218.6328 104.5224 83.6866 230.9979 116.3270 22.3620 41.5900 250.7671 56.1497 152.9615 97.0812 79.8939 89.2369 137.0524 132.3628 248.7281 112.9087 143.7122 169.5385 49.5476 71.9728 154.8660 49.8946 117.1942 30.9567 103.4645 152.4821 59.1596 188.2273 12.6002 153.8701 232.4866 101.9379 41.0118 121.5808 55.6961 117.8751 66.7823 57.0204 21.5250 61.9412 187.1132 177.5449 96.5245 89.2033 93.1614 61.9427 128.1683 86.2026 36.7805
222.3257 88.6377 181.2191 32.8795 205.2456 101.2135 61.6573 82.9388 76.8757 158.4336 150.0082 113.8062 74.1585 105.1214 110.1155 0.0000 79.9233 0.3482 72.7052 52.2521 168.3297 144.7629 141.6692 106.8728 82.0276 134.9249 161.7747 209.5377 82.7977 125.6008 59.7807 193.7294 114.1754 93.0209 77.4376 28.5489 184.2486 168.5169 133.1356 158.8951 94.5107 72.0824 31.6107 86.2910 82.8820 56.3119 134.3552 78.1725 30.7934 81.1020 89.5958 86.6481 42.3087 39.0441 111.1821 86.0801 55.3099 134.9056 189.2751 89.2232 15.2576 54.1220 26.4563 99.1768 305.0878 96.3728 129.2543 75.8411 43.9722 40.6361 125.7210 145.1290 82.9778 156.2422 20.7481 237.7397 184.2484 101.3703 22.6950 156.0983 46.7035 54.5773 140.8516 245.6982 56.9541 85.0631 99.1736 258.4752 84.0868 71.2895 151.6074 45.8552 134.6120 152.1599 36.7614 41.7258 30.1606 65.5669 110.1010 26.5615 84.4876 143.4185 83.8210 89.5638 115.6951 87.9911 5.0029 47.4558 18.3521 129.3258 126.5035 53.4110 95.7734 68.7821 149.9640 36.8740 134.0126 70.8010 43.7281 63.5146 152.4143 176.0746 125.6033 217.0384 115.7393 214.8843 78.6987 51.7563 92.0634 35.2345 28.8142 74.4664 53.7828 53.6510 114.3867 113.4608 139.0226 110.0338 28.7984 144.7241 104.7009 78.2913 72.9020 85.1786 23.2512 160.5997 162.8935 130.4928 123.1108 191.8566 38.8639 153.0922 55.3356 187.3526 52.5577 129.1766 36.6861 219.3698 157.1188 113.8947 42.5112 44.7384 121.4786 30.6534 86.9867 44.4462 199.0031 105.7470 56.2914 88.5062 51.0314 10.1908 118.1134 34.6873 183.3119 41.3458 169.0123 110.0688 111.3577 43.0040 3.9947 203.2611 22.5333 117.2572 16.6388 4.6583 35.1898 97.9556 145.1727 103.8297 216.4215 61.3159 116.3308 109.1936 129.5863 9.5280 64.4623 110.1596 34.6420 169.9927 170.0224 98.3627 188.5400 169.5902 109.3457 155.7435 50.2577 148.2775 189.0437 93.9504 65.3301 25.9991 188.9017 154.9835 61.9198 43.9699 71.6821 142.6004 88.1362 46.9741 216.4754 144.9637 70.4175 177.9856 84.7103 20.6013 28.9376 12.1715 112.1950 126.6779 201.5257 136.8075 42.0306 153.4952 113.9811 155.1498 90.2239 163.8167 61.0941 176.9850 127.3332 94.0808 125.6001 199.9147 66.2033 154.2554 167.5622 58.6558 204.7256 54.5517
29.5327 157.0161 90.9156 166.7296 123.9373 177.0105 69.9202 90.4517 91.9141 30.1153 205.0035 75.2533 154.5727 164.8110 62.1656 79.9233 0.0000 116.7788 151.1649 157.5853 112.4156 47.9064 103.4288 31.2726 50.3435 95.1219 44.9159 35.2502 117.2477 17.5222 125.8741 154.4724 21.1426 120.2434 22.1157 167.6558 27.0906 131.4976 10.5411 104.0107 109.0330 48.7575 155.0014 114.5095 155.4910 14.9569 98.7829 47.9671 40.1698 8.1734 107.5881 88.7895 1.6729 179.7067 88.3203 122.3752 90.6734 33.6070 140.9030 147.6487 43.7362 60.2080 95.4849 43.4941 27.7237 129.7754 114.0160 12.5838 77.6680 20.4715 63.6502 207.7952 98.1769 118.4641 176.1834 125.6854 18.1739 142.2779 154.7570 128.5617 110.1502 115.1675 125.8734 153.8146 26.5771 185.8026 37.2810 158.8410 117.2194 159.3198 139.7192 97.5477 153.1895 48.4306 95.4282 164.8743 171.7102 169.3781 25.6472 89.2866 65.6727 49.4089 65.9596 126.3375 149.9084 118.6376 116.4156 64.6633 13.9355 161.9283 99.8688 110.5538 73.0770 74.8534 209.5832 96.3871 51.9648 163.9451 90.5422 31.3204 153.3417 91.8002 56.9675 140.6728 162.9614 68.6431 116.9049 69.7781 193.4455 65.4273 69.9046 1.1740 158.3133 18.7501 80.6925 99.2077 180.2727 17.6919 186.8914 105.0593 69.3430 45.9103 148.0400 39.9859 92.3258 82.9933 122.6666 119.7504 37.9184 95.9475 135.8256 147.4599 114.8326 115.7645 91.6970 69.9505 160.7506 119.4503 8.0525 121.2451 96.2348 133.7240 158.3597 18.3125 113.7850 142.1195 4.8328 110.2302 30.5906 116.5593 49.9024 163.8856 25.5626 120.0924 40.8967 57.0774 74.3771 108.9098 102.3383 67.6757 196.8384 44.9374 180.7675 17.9917 120.4696 37.7471 24.6790 28.5983 109.6544 116.6914 69.0303 205.9673 111.6355 238.0335 56.0033 4.4914 98.4255 99.5282 90.0134 130.9781 113.0616 93.4228 81.8235 75.7763 79.5678 120.4316 223.3708 160.8822 110.8033 85.2396 147.7002 173.0187 114.1373 8.8145 123.2543 30.2480 133.9362 65.0654 131.8933 136.4772 132.9696 53.1055 102.0043 147.4727 92.9565 152.2312 57.9771 23.5165 203.9367 42.0567 132.7977 130.1042 164.8367 203.1521 94.9580 49.7910 14.8977 137.7797 58.1741 127.8040 91.3702 227.3508 120.5041 131.3985 157.8311 107.4731 49.2001 159.6069 228.0405 3.9639
45.9535 138.6533 70.3733 126.4696 162.5302 108.6998 190.9018 172.0402 176.4676 68.0332 210.3861 98.9822 222.0561 139.5191 77.5900 0.3482 116.7788 0.0000 95.2182 1.2615 129.8816 51.8959 56.6630 53.2089 129.4091 50.4383 109.4384 56.6300 86.9059 170.9758 206.7080 99.3870 160.6453 149.4565 23.5065 59.0077 145.9525 171.0790 52.5275 117.5577 159.8812 13.8442 88.9791 68.3899 100.0154 90.5433 134.8232 75.8453 153.5536 87.9299 88.6251 125.5350 57.2495 56.6399 59.7799 34.7731 126.6010 154.6384 206.3792 106.9040 87.4436 87.3478 93.4253 25.0719 117.9515 60.5533 203.8533 73.0407 121.0360 76.0614 125.9176 8.8769 16.3799 129.0941 87.9525 119.9977 111.3844 115.5023 110.4937 34.3208 234.5023 28.0844 79.9542 74.4757 148.6186 127.7211 222.4678 132.4226 207.0568 60.6874 160.5323 176.0298 11.3063 69.4624 152.7614 180.8520 44.5820 117.0041 165.1812 79.5419 26.2435 194.2264 124.8615 47.5090 152.3294 137.8117 90.1480 46.7511 41.6234 48.6390 72.3275 78.7082 171.8820 86.2238 164.9345 218.4933 29.4741 101.5510 114.8985 138.3920 137.5116 130.5851 200.2881 100.7012 121.9465 131.5386 81.4707 100.3461 185.7914 44.1511 64.5717 164.2693 82.6818 126.8988 81.7262 165.0148 94.3980 226.9673 121.8216 67.4121 188.9929 49.0188 29.3428 47.1124 121.5479 21.0625 121.4880 130.6389 150.2632 235.2831 10.4539 159.4459 122.7926 23.6794 184.1125 180.1586 70.1083 82.8491 125.4729 85.3362 66.1892 48.8082 163.6605 116.6914 103.2180 64.5538 129.1162 102.2700 30.9653 45.4261 150.1479 165.3823 139.9382 80.1799 265.5564 56.4251 99.1708 182.5974 220.1558 140.5461 133.1745 116.3389 173.5464 191.5872 72.3245 7.5392 55.7136 83.5660 133.5717 201.1350 138.0976 119.9258 185.0196 69.5490 222.0902 17.1023 61.2152 79.3908 126.9396 62.3397 121.2633 199.5387 41.5100 49.5829 66.3140 142.4737 146.6225 123.8846 1.5617 98.7303 196.7733 86.0094 231.9848 175.5341 122.0637 93.2695 84.3402 70.0812 179.3675 69.9582 88.8799 155.9730 193.8845 204.1581 53.7542 164.5213 181.2576 159.1912 47.7355 148.0416 12.3641 182.2597 103.0714 73.6509 137.0610 146.0265 81.5132 167.7599 29.0048 78.2623 195.3773 201.2586 174.0820 61.8089 91.0661 90.9383 78.7198 99.4478 80.7830 64.2162
