250
0.0000 148.9273 132.1162 61.4417 134.4412 90.8725 60.1818 155.9768 114.3387 15.7621 250.6014 140.4192 179.6686 95.4050 36.7170 119.2798 27.9797 17.3568 123.0555 40.7300 0.7468 102.6350 108.4314 93.0723 196.0884 171.0823 145.5393 96.7030 96.0265 107.2126 262.2111 190.3594 174.9482 117.7951 74.6091 35.9252 103.8774 139.2945 67.7737 157.2793 81.2808 137.2881 128.8889 81.2962 170.9310 70.2757 18.6277 85.9948 129.5010 49.0531 51.8646 114.2721 187.2069 100.6047 142.2733 81.8674 106.9182 126.5205 2.5963 98.2760 173.4105 46.5281 216.3149 71.2434 38.7296 160.1308 165.2006 170.1327 84.8056 145.7436 127.0646 156.1833 190.6182 154.4897 59.6200 82.8030 192.7421 79.6886 56.2054 66.3565 63.5511 31.2816 131.0909 45.6063 71.5311 125.2933 102.7904 65.4905 115.5207 166.4606 80.8368 124.2122 86.4366 236.0865 151.7906 115.5008 170.1928 118.5135 67.0113 115.8153 66.6047 24.6080 1.2230 71.8129 96.0503 175.2136 93.1148 85.2628 85.0238 137.5595 95.6809 95.3409 195.3915 50.0895 79.2118 179.3463 66.9071 89.8228 127.4377 182.0068 176.2775 144.2078 29.3446 205.1681 20.9635 79.0923 48.3835 60.9705 79.9714 168.4515 107.8859 131.4382 66.3033 81.2166 79.7135 70.4879 171.0500 198.2983 52.4855 94.6034 85.0637 165.3596 112.6246 101.9594 64.2516 105.8957 110.3514 49.0025 85.3550 138.4751 40.1080 109.6617 156.9506 153.5566 22.3309 190.5070 56.2365 122.5041 107.4183 189.9875 171.2976 27.4609 127.0776 91.1783 71.2912 57.7026 15.1624 185.9099 22.9094 29.9260 134.2723 135.0891 107.0649 81.2475 12.2355 106.2414 29.9307 39.5212 108.4445 193.8713 52.1875 38.3185 44.7513 57.1454 139.3165 135.8727 101.4895 124.1240 222.1141 93.2023 106.2755 26.6505 114.3913 166.5723 127.0828 60.6226 14.2396 216.5843 35.1980 78.9013 81.9653 6.2847 165.3309 145.1615 164.3986 148.6508 95.1242 141.8156 27.7580 102.0550 52.4029 181.7661 144.5868 48.2695 118.6874 17.7070 221.9073 94.2548 43.5996 112.4988 183.2281 43.6716 34.9654 190.4194 54.4845 37.8115 1.2939 156.1774 113.2535 128.9245 75.6327 205.3894 119.0537 16.1293 35.1795 169.8258 170.0799 164.1902 137.1944 113.6671 87.0739 51.1301 45.6266 66.5235 95.2142 103.7811 138.2068 147.8232 29.9364 6.6892
148.9273 0.0000 22.3684 165.5101 128.7174 28.2246 149.6912 181.7343 67.9427 149.3355 75.8227 132.6239 0.4935 69.3695 50.1975 15.4371 62.2713 61.6305 19.8911 61.5937 15.8426 150.9841 99.1730 84.8341 36.8359 142.4026 31.3266 164.6619 58.9420 21.3307 166.7414 77.4468 45.1184 220.7358 90.6418 25.8842 185.3880 83.4290 57.2250 120.8776 144.6134 0.9722 127.1492 20.6395 56.7391 27.0972 106.2352 51.5336 46.5886 84.7531 137.7187 197.1791 157.1995 148.7277 198.6277 155.5404 158.5819 28.8508 120.6049 182.2691 113.9856 147.2561 57.5786 169.0623 24.4995 177.2062 194.7810 145.5452 185.9501 124.7757 168.1367 64.3908 66.4915 81.8753 24.6223 65.5417 65.8054 120.9511 59.5863 117.6230 66.9728 114.0259 155.3463 75.1746 128.2132 83.3706 126.5477 136.6177 20.2620 53.6137 27.7028 22.1754 50.4511 97.8338 166.7671 65.8142 16.9787 43.9472 4.5801 169.1575 82.6674 128.1975 91.1276 12.4566 87.3342 98.8500 197.4844 185.1125 101.0262 172.1659 1.2501 32.8308 60.1471 177.8267 26.2649 10.7507 136.7855 97.4823 78.3840 102.9321 202.2176 134.6540 34.6185 248.1159 83.4440 146.5132 119.0181 81.1290 147.4879 68.0336 126.7964 57.8513 145.7240 43.6666 209.7782 99.7427 61.6169 93.6479 229.5271 138.2706 229.6152 150.5516 17.2843 105.6202 115.0377 180.3112 122.4991 155.1858 54.2519 115.9720 68.8663 179.2719 50.3804 67.6347 87.9675 59.5350 151.6126 26.0662 76.9455 76.1287 92.6897 149.3916 87.4809 101.8847 37.7771 142.2022 112.4520 146.9767 119.4563 115.5460 84.5945 48.0112 161.1359 91.6373 233.6359 96.6623 109.6913 20.3926 81.2814 78.1855 125.1424 99.8961 113.6722 153.1995 76.7167 131.9118 134.9083 70.7187 143.8713 200.8113 107.1758 80.9517 47.7368 94.4083 203.8915 199.8821 62.2776 154.3402 287.5057 85.7279 23.6135 96.9652 65.8996 61.3538 93.3371 143.3671 199.5449 142.8680 154.0684 66.6199 40.2671 114.0741 123.7185 104.6109 111.2839 42.9518 123.5473 237.7174 143.2361 68.3161 137.8240 109.2656 149.7717 11.2877 39.5798 161.8358 206.4506 110.7497 43.5044 112.3347 124.1998 81.3736 21.4048 42.8307 46.3247 199.0965 25.3959 123.5851 83.4266 49.3315 123.3686 5.7592 115.6446 83.3053 81.8533 95.1967 84.1016 66.4744 76.9926 107.2964
132.1162 22.3684 0.0000 33.8061 166.2161 100.8234 66.5910 283.1422 78.8724 85.8615 44.5766 180.9367 167.6574 57.2851 46.5493 174.7503 96.4746 48.9093 199.8213 197.0680 97.2580 120.8151 50.4110 62.2479 112.2750 98.0034 169.0018 30.0051 157.4503 70.8165 141.5663 83.9857 165.9973 56.2722 213.5317 164.4632 128.8609 79.9810 125.9912 113.8922 138.2260 145.5860 243.6879 106.0100 188.4942 189.3267 180.6097 36.3117 90.1086 29.9761 136.2476 161.7625 112.0213 95.7582 85.0179 156.5643 17.1889 114.5969 269.5456 160.4357 79.2306 63.3688 101.8320 103.0738 68.3709 107.9909 58.7097 192.9507 138.0720 142.7121 102.0930 124.1115 61.2399 80.2110 88.2929 99.0135 162.5147 151.8554 25.3011 79.5238 120.2441 124.7349 200.8822 76.5321 85.5463 30.6669 132.7378 99.5898 194.7216 193.2219 111.4103 69.7333 63.2471 110.6593 114.3981 95.9109 157.9584 101.2751 68.4381 72.0972 140.2558 1.5954 137.6295 73.1138 113.8670 25.3584 166.3344 19.9900 145.5370 104.9692 116.8808 198.0613 142.9271 208.2358 27.7337 153.0135 80.5190 201.7169 149.0467 13.9961 59.9375 74.4640 99.6413 120.1171 154.2941 78.6655 60.8866 137.1272 41.4999 126.1106 62.6513 131.2332 93.8962 80.8167 102.7098 103.9072 86.1066 106.0035 103.2270 193.5073 104.3419 89.5619 195.2498 48.5962 120.7282 79.2878 142.9474 61.8987 12.5648 194.3720 85.8819 247.6857 94.5263 11.6086 84.9513 95.0748 107.1753 58.6934 68.1881 146.9976 120.1957 90.9908 118.0942 133.6035 102.8360 14.0811 132.8230 127.8265 81.5709 90.0906 21.9367 80.0399 270.2567 128.3611 137.6509 26.2256 59.0302 78.7465 107.3546 67.2575 145.9981 77.4868 17.8708 49.5414 113.0561 58.6921 48.2049 69.0909 195.5239 88.0279 218.7504 100.3779 103.1724 128.4721 82.7312 159.3456 144.9788 177.5886 117.4211 99.9402 111.9942 262.0661 197.5972 14.2948 88.2748 120.3906 128.2473 74.4367 135.4306 183.5421 90.5064 79.5670 175.6234 98.5451 54.6148 79.0293 42.3695 140.0414 139.2946 130.9868 167.9090 136.2511 64.1176 164.7306 36.8919 189.2048 182.9878 117.6461 72.6265 100.6312 107.1785 89.1584 65.1612 94.7518 110.4104 60.9379 200.9939 117.1326 131.8185 211.8354 129.8779 9.3784 74.1518 158.6070 132.5290 235.0646 81.6422 37.1636 180.1660 91.3339
61.4417 165.5101 33.8061 0.0000 177.1296 164.9865 73.6478 132.0249 83.4140 147.9425 57.8798 211.4557 65.4621 136.9794 189.1108 171.8657 254.5113 148.8143 29.9200 79.8346 170.9639 90.5241 22.2365 133.1499 91.3754 129.2239 99.3882 9.2983 38.5888 29.0542 110.6548 188.4636 117.3383 36.4203 62.4618 170.3377 190.1113 41.8549 98.4667 111.8197 25.6852 197.2490 35.7143 120.9931 52.3859 83.9159 36.6151 192.3908 182.0414 103.8556 69.6269 168.2789 30.3669 138.0575 138.8667 131.6025 213.3565 166.7257 88.3712 132.0127 57.6712 91.3051 126.6745 36.5393 88.7963 96.0577 15.9726 112.5343 145.8795 63.5205 79.0581 66.2848 98.1831 178.8352 89.3826 49.7009 98.6916 15.0640 70.4917 122.9478 142.7402 94.7876 8.9097 172.1069 106.0630 160.9559 130.2217 165.6362 80.7003 81.0767 135.9483 127.2572 72.1419 94.9588 194.4454 72.7398 61.3479 40.8198 52.5196 60.9821 170.5128 24.7647 129.4764 36.0654 51.9603 206.3648 126.1196 201.4062 73.3229 93.3867 20.8649 115.5426 171.9259 94.9980 168.9712 47.2850 94.5386 176.2058 108.4392 217.9991 175.7509 163.7724 120.6238 84.5968 138.7604 38.3400 19.0045 34.2493 140.6704 185.5264 219.8467 84.5454 230.8046 146.3269 111.1693 88.2443 122.1014 78.4470 32.8683 64.5087 145.5056 45.5828 104.4382 47.8520 130.4572 167.3961 102.3860 151.0922 106.0189 104.5393 151.5469 78.4917 96.0950 121.8704 168.3121 116.6196 164.3496 45.5160 115.1638 140.9884 120.6554 49.9772 84.3562 189.8816 112.3144 93.7407 101.6496 129.3105 75.6972 121.7092 3.3022 113.0853 108.2900 114.5433 60.6070 106.7606 157.1833 217.8461 131.3285 21.0161 101.9701 102.3963 75.0702 66.2062 70.8227 117.2917 147.9242 42.9579 75.9224 127.4196 87.9085 64.1905 107.8508 112.5340 116.9439 133.7659 150.3140 48.7139 115.4626 195.5941 117.3644 4.2465 176.6936 142.2381 83.4125 117.5605 186.3934 135.5361 119.4601 206.2963 136.0939 16.3012 157.5572 64.1506 50.2366 104.5988 68.7941 71.0704 1.4085 151.5970 127.7978 176.4606 73.3872 92.7743 100.7011 126.2410 96.9475 139.0450 37.7551 147.5940 132.8004 166.0137 128.3155 104.6658 128.5744 123.7855 28.6799 228.6094 183.0124 116.6496 74.1535 106.7043 82.1113 88.3672 108.7594 105.7984 37.0441 182.6139 80.3056 65.7884
134.4412 128.7174 166.2161 177.1296 0.0000 104.6569 215.8958 112.3902 110.2603 148.9025 210.7644 144.6715 56.5551 91.7760 215.1726 153.7853 8.7255 106.5029 57.5000 97.2239 9.5481 41.0481 70.4253 4.9012 6.1509 140.9756 32.7994 189.1471 187.3004 118.3978 86.8940 136.8443 181.4838 158.1285 95.1909 33.2334 133.9977 76.5299 38.0633 67.9408 185.1842 88.6603 196.3753 229.4722 69.7699 135.6257 70.7769 172.4601 79.7272 104.9210 101.8886 128.4200 25.0930 192.1181 13.7841 117.1721 100.7786 25.1134 51.7576 56.6254 36.4842 205.4184 59.8814 79.5686 129.9222 101.9004 93.6671 20.5733 117.0185 117.1035 38.7289 140.8981 28.6402 138.1847 63.8372 54.7561 103.6894 38.5117 27.7348 80.7975 78.4196 141.1038 87.8411 100.3668 83.8357 104.5218 69.9893 58.5497 124.9815 103.7007 103.9195 46.6211 91.9347 96.6325 50.2776 31.9610 228.7027 99.9741 116.7895 112.2564 212.3401 10.4821 57.4231 88.0917 151.5683 138.9346 145.5327 202.1241 76.4166 112.3115 7.3311 26.7495 23.7518 62.2654 179.0468 147.5962 64.2532 173.8130 108.7263 97.5265 86.9797 140.3757 172.0132 123.6750 139.3056 197.1788 119.5919 58.7881 62.5895 236.1499 86.8925 170.4440 140.2192 218.5379 107.5064 66.0140 193.0092 136.5990 190.3604 198.6623 163.9638 96.3114 55.1156 51.5509 134.9212 157.4515 142.4340 53.0156 14.3245 22.9755 156.1467 55.2048 38.9395 77.8893 63.5854 192.2689 101.9762 127.3934 108.8145 69.2358 17.9313 144.3206 42.8240 122.3783 173.7751 216.1164 79.2232 110.6543 34.2981 19.7855 175.9600 124.9820 19.4531 167.5009 41.9763 94.8353 142.1655 140.5640 183.6806 23.1304 89.4173 88.9383 35.3348 138.9174 51.8091 150.3526 91.5570 36.3958 143.7581 67.1412 147.9611 202.2973 88.3598 27.7005 220.1098 126.8816 117.8083 160.7697 102.7618 51.8591 89.5805 47.3667 180.2361 114.0191 71.7021 115.8648 97.3361 124.5582 86.3240 91.6088 38.7798 104.8126 81.7559 59.2878 150.3622 254.6820 163.2776 164.3217 66.3194 72.1971 50.3640 4.3346 86.4329 138.4882 113.9348 119.7320 115.6492 145.2672 70.1444 142.8696 124.7209 73.6023 192.6202 101.1458 136.2068 102.0424 199.1247 137.8254 154.3165 148.7997 38.7060 102.8339 196.8043 73.8077 123.1635 60.8629 103.1922 45.1771 141.1808 108.2189
90.8725 28.2246 100.8234 164.9865 104.6569 0.0000 137.7362 89.6898 180.6182 158.4503 107.7665 57.0975 30.8446 82.6869 162.5911 108.5014 30.1331 35.2155 136.3409 40.9778 228.3596 122.8211 97.8088 130.0654 88.8737 31.8677 218.9866 34.6328 24.6299 198.4913 133.4527 137.4274 79.7885 34.0886 169.5580 144.7205 144.0289 145.1392 136.0569 129.5599 82.9396 189.4905 118.2196 32.8654 24.2937 69.3307 93.2413 92.6687 82.9597 89.2162 130.2846 155.7605 102.4642 57.9264 137.2812 147.0536 119.2762 174.6800 253.7894 154.1740 167.7298 133.4134 154.9202 129.0431 89.4685 65.2559 76.7956 133.7599 121.8595 149.4518 152.0014 166.5900 54.5580 131.5964 79.0412 151.7951 61.1313 80.8497 142.0111 68.8929 107.0665 56.5791 85.2726 88.5203 115.9695 128.7786 50.7133 6.2541 159.8003 78.6365 81.0976 90.8211 159.7624 71.2085 99.2419 125.9828 12.3746 50.5021 125.1707 125.0413 51.2292 80.8617 30.7204 128.3761 29.8038 115.7339 35.0052 102.5560 195.9355 48.7675 28.5262 151.1267 142.5233 177.2154 65.2368 12.3635 91.2169 193.9504 97.1128 24.9101 138.0524 122.7364 76.9543 193.5343 88.7059 121.4052 152.6025 122.4084 99.5442 156.2509 110.5003 126.1836 191.6618 164.3882 41.6186 208.3130 159.2638 97.1300 228.4103 103.0990 55.4909 32.3077 154.8800 120.5499 180.7142 90.2988 126.0175 126.8419 24.7579 75.8284 90.3943 71.2510 165.8635 101.5601 136.5548 26.0042 207.7338 87.9053 122.8023 18.3510 26.8326 118.3749 77.9931 171.8556 197.5288 70.2881 154.3642 165.8094 110.0439 26.0991 94.4305 77.1390 142.5492 158.5379 195.6628 47.3812 128.3116 128.0204 150.1573 21.3683 164.8129 86.7750 69.4891 111.8052 112.8360 141.1185 62.6490 123.9085 79.6326 38.6415 31.0025 2.5723 39.2311 199.1843 114.2514 159.6210 72.0173 115.6938 46.5808 213.0694 34.8556 122.9693 152.2207 135.9944 114.5321 195.2826 122.6400 178.2354 144.2813 39.7716 167.5427 191.8226 173.9821 88.7044 85.5851 70.9627 153.3896 200.5879 93.5979 170.8255 164.3571 151.2469 159.5798 195.8207 114.1380 17.1015 71.1641 90.4859 140.2619 86.8017 134.3812 154.9323 130.9410 143.3837 87.5731 77.4900 168.3141 69.2436 137.0402 119.4846 136.8235 187.4606 117.4633 201.7465 64.6981 76.9405 119.9009 183.5684 183.1648 70.7181
60.1818 149.6912 66.5910 73.6478 215.8958 137.7362 0.0000 182.2008 94.4228 85.2101 26.7042 73.7959 95.3146 201.6965 136.6800 129.4643 180.6646 163.8509 86.5889 180.6409 85.4167 150.9354 140.6350 83.0816 129.5446 145.8203 112.9107 83.4877 147.2083 133.6223 111.0508 133.2590 184.0906 116.6398 174.2869 102.2979 57.4344 147.7909 171.6971 85.9390 63.8507 128.3457 99.2720 97.2254 221.3408 42.5630 193.8473 155.3485 125.4858 77.7477 72.1397 41.7318 155.9685 127.8080 84.4630 206.5950 86.5722 87.6073 5.9434 8.5396 43.3278 253.5248 59.9839 12.6732 46.6988 186.9525 174.2925 61.3858 152.9005 126.3636 51.7541 81.6379 44.1348 154.4178 80.5702 154.0659 195.8258 119.6864 236.9861 79.0375 132.3956 112.9324 112.8724 69.8020 48.3433 37.6278 71.0776 215.4814 91.3596 82.7348 42.4326 18.9116 1.6473 30.5618 53.3815 89.6953 1.1390 118.6074 28.3471 50.1441 117.9776 66.0652 78.1478 154.5184 74.3981 50.1450 51.1388 107.5467 38.7669 185.4452 80.3144 43.0037 110.0274 111.1554 131.3506 8.7668 64.0883 101.1812 173.1172 42.3402 191.5948 101.8452 161.2314 165.4110 154.8316 119.4573 176.6841 47.9114 195.4697 63.0694 71.1534 100.2410 142.0233 77.0270 141.0704 81.8348 182.9898 19.4870 164.5251 22.4795 163.9384 185.6809 235.7647 33.0541 77.7639 13.8964 58.4668 25.3080 140.1138 69.6808 188.7696 195.4243 112.9959 156.7554 78.4451 54.2464 31.0724 76.4041 121.9707 12.5609 141.0973 108.7100 37.3119 63.0185 186.5465 121.5613 83.3649 98.2249 71.1416 152.5153 229.6352 132.5297 129.2717 106.2375 172.5461 127.3870 30.4433 57.6425 134.4510 100.6705 123.8973 76.5583 176.1232 145.8814 44.3989 153.3836 73.6295 62.1701 94.6354 58.5300 235.7996 164.2554 181.1529 151.0019 134.0706 39.1888 96.7238 108.0016 130.0270 56.6511 77.6035 150.7805 47.9178 172.8353 23.1639 105.1851 160.5891 31.1118 146.1560 52.0816 106.2006 120.4346 147.8967 99.4253 152.4119 27.0059 129.7433 80.9256 83.3697 112.6631 113.2293 74.6051 185.4568 56.0064 152.7586 107.5432 180.8318 100.7125 32.8283 7.9035 175.4478 101.4293 29.7402 76.7462 87.1018 141.8313 65.9104 62.1031 103.6640 180.3563 37.2852 124.3513 138.3189 105.9724 25.2362 71.8634 267.5604 163.5630 49.7350 205.6286
155.9768 181.7343 283.1422 132.0249 112.3902 89.6898 182.2008 0.0000 18.3543 47.7406 50.7943 136.1136 199.3201 42.4992 91.4345 182.0232 64.1867 121.3092 13.9420 152.1754 54.3037 99.8471 147.1809 22.5969 107.4354 97.7642 74.0395 13.4179 157.7106 162.3584 159.9440 70.6142 128.7113 171.0627 20.4717 62.2383 145.8466 45.9003 105.9805 83.9787 201.7922 90.0964 68.6631 227.8182 108.7579 68.3505 69.7226 112.9528 65.3020 79.4428 97.5058 27.5655 104.4610 69.7092 86.5833 95.3541 132.0851 67.2936 176.2461 79.6096 129.0036 72.9413 109.9028 155.7874 115.1331 18.4727 106.3734 115.3168 97.2020 86.0470 162.2331 156.1518 25.7886 98.2713 65.0339 68.1656 28.6474 214.0703 84.7163 3.6944 162.5355 146.2078 75.2933 46.8870 21.6980 36.6040 65.7969 119.0684 89.6562 91.9891 138.5379 90.9568 60.9284 152.3971 141.1619 51.3170 38.9734 27.2443 111.3841 115.0449 111.4647 205.2152 199.0301 112.6108 42.5554 84.6046 119.4256 90.9318 187.9041 42.5681 161.9783 237.9160 101.5562 42.4534 29.9575 120.5523 26.5592 39.2584 68.3365 22.1701 127.4467 130.2350 137.6869 116.7679 103.9635 108.0574 124.8715 142.9251 72.2563 35.3680 77.0783 71.1984 117.7852 95.3116 104.4286 165.2634 55.3351 193.7916 205.1042 132.2766 79.0283 132.5269 209.4288 120.3581 199.8086 68.1416 42.2999 145.0156 151.2129 77.7150 32.2053 138.4015 159.6643 101.9400 122.9837 11.5705 170.1862 84.0734 50.7038 191.2659 183.7158 75.7508 62.3528 223.1841 61.4262 111.9704 30.1999 42.4160 108.1364 117.7455 59.1407 223.5129 76.6386 128.4245 50.9497 103.7319 206.7021 97.6309 91.1824 77.4792 43.3386 140.5702 82.8552 143.5289 83.7929 49.4277 77.8596 63.8679 34.7443 52.0339 84.7810 134.3739 180.4401 147.4953 179.7044 62.4399 134.8143 102.3349 105.2886 203.2642 126.9245 140.6762 16.5785 140.0358 141.9325 141.2516 191.1034 54.0776 119.7616 79.9195 10.4067 140.1646 15.1053 122.6660 117.0872 61.7107 71.6810 127.1537 42.6376 244.3582 158.2384 6.8023 171.4218 84.1063 152.1086 155.0605 75.5423 188.9921 126.8565 135.0303 148.7893 60.0111 88.2325 240.9555 28.3124 121.6126 107.1688 126.0530 49.5357 144.4537 97.8098 175.4713 127.2794 151.7231 107.7348 43.6171 125.5952 195.8025 126.6254 49.9763
114.3387 67.9427 78.8724 83.4140 110.2603 180.6182 94.4228 18.3543 0.0000 118.7849 175.0926 70.0816 127.5692 74.7980 137.4032 102.4266 211.2112 214.2386 143.6088 93.9947 10.2045 156.2614 77.6306 72.9399 42.5372 149.7375 105.3678 188.3289 111.4439 86.1259 60.1032 31.1910 181.4769 112.5345 192.2102 156.1801 162.5057 51.4342 185.8048 58.6808 167.3908 44.0804 61.6415 114.9858 57.2782 11.7846 114.2693 84.0815 37.5036 45.1004 201.0590 227.8687 118.1686 174.7884 103.0686 74.2771 179.1656 109.7971 65.6299 91.5399 51.4630 94.7399 2.2473 110.7412 55.7761 147.1056 207.7055 2.0684 209.9702 194.8919 26.5508 146.6487 176.0129 6.8774 162.1595 124.7406 36.9768 120.1690 39.7030 80.7650 168.3154 132.2347 135.2024 39.7450 174.1636 123.5267 86.1633 121.8959 10.2205 115.8366 206.8835 49.5606 151.6051 127.3471 93.9107 41.0317 103.2210 113.9435 120.9503 102.5526 241.9340 121.9224 34.3475 82.2136 91.8864 114.1565 167.4676 74.2871 83.4587 149.2258 97.2606 122.2798 149.9450 142.0503 141.9845 47.2127 133.7693 92.1348 81.2825 177.5619 100.4446 128.0739 116.6912 109.8828 137.9701 72.1669 49.8412 123.4655 125.5787 177.0384 62.0541 172.0214 161.0056 100.8663 9.6878 24.9013 187.7739 43.6285 4.5154 157.4937 29.4609 142.6732 162.2141 116.0719 31.1559 109.2657 110.5793 30.6193 74.7045 127.1645 110.6900 119.2785 97.9953 41.5279 62.3716 71.7653 98.8469 100.6463 76.1585 87.1272 71.6243 80.6084 55.5406 198.8906 166.0127 101.3429 67.6783 145.8226 67.4175 90.6172 177.5596 123.9777 63.9892 35.5537 35.0048 150.4171 132.9926 126.8823 176.2052 162.8649 53.6021 123.3287 92.4478 134.5757 85.1577 107.6776 20.0785 124.6996 91.0786 20.2572 80.5667 124.1366 164.7440 72.7190 95.1546 48.5170 150.9725 140.3924 121.3132 98.2919 99.3325 129.3187 65.0408 74.6519 50.2094 137.1608 59.7464 80.4920 51.6836 155.0536 83.7719 42.7439 71.0202 138.7337 156.7507 124.9649 145.3197 147.6256 175.8510 63.7759 27.3018 45.3886 144.5030 236.6530 82.6884 111.6031 76.1237 68.9203 110.9800 151.1173 95.9474 141.2792 72.7402 166.0308 185.7059 88.0121 59.2928 79.8924 119.7085 89.6115 151.5872 95.8151 110.2594 109.6668 95.6294 92.6147 42.0277 106.6703 214.5963 125.5027
15.7621 149.3355 85.8615 147.9425 148.9025 158.4503 85.2101 47.7406 118.7849 0.0000 108.2327 117.7254 144.3363 82.1662 61.6650 154.6843 61.7132 54.6747 73.0519 103.8551 62.7833 210.7925 98.5788 72.9887 56.1039 169.9100 64.1651 20.9711 57.9482 152.3851 137.0933 101.2448 120.4053 104.4979 118.7753 202.6033 144.1753 126.6782 252.1314 109.6192 5.6327 65.1676 151.0685 108.2894 116.0232 210.7407 84.7405 202.2360 68.0197 126.1398 173.8060 86.6234 51.8144 119.6133 81.8183 12.6424 100.9807 192.7359 153.3812 197.1016 7.5029 132.8271 88.7267 64.2460 136.6774 165.1171 146.2862 104.6600 103.8332 115.8613 118.5016 49.0645 138.2856 128.7548 119.4917 211.5413 189.8442 52.8626 190.0851 141.3870 79.4129 58.7301 107.6888 176.0739 85.1179 99.4158 104.4017 59.6459 168.3357 188.3745 122.5335 128.3454 76.7254 220.9139 5.5889 164.7479 106.8489 179.0224 140.1416 14.4406 184.4552 289.4815 113.5063 18.1541 124.8060 220.2168 132.5919 209.8815 41.5678 134.0241 19.8905 74.6159 35.7617 0.6302 71.6935 42.9095 14.0831 193.4876 80.7621 154.2909 48.3610 113.1606 71.2747 132.5151 75.0014 61.6871 208.4534 170.4210 100.5862 182.2238 90.3221 213.2301 132.5146 119.9302 22.8105 91.5438 127.9178 82.6117 153.2998 102.7614 20.0499 95.0398 64.4285 93.1981 22.0048 218.1959 90.1683 59.6376 85.4059 54.6797 126.8539 169.7504 96.2619 3.0484 122.1160 99.5381 201.8142 234.1102 237.6714 28.8289 228.0642 74.0868 106.8479 145.1006 148.9844 160.2488 122.3848 157.2322 217.7844 55.9041 155.7597 111.7624 151.8115 75.7913 126.6081 35.5536 95.1255 134.4580 75.8491 3.3089 73.1649 46.6852 63.7811 170.1883 97.3301 157.2386 159.3072 13.3167 169.7944 187.3123 112.2611 110.5483 161.6508 79.7497 177.2920 187.9597 104.4231 121.6095 75.7722 203.6883 33.8156 197.8306 112.6770 136.5175 154.0826 24.0405 58.9708 135.5340 159.1669 170.4569 96.0845 148.5724 181.3139 156.9419 127.3084 21.1745 140.1919 42.5039 113.1088 85.3411 195.4987 48.9294 125.9832 154.3015 44.8248 101.9005 66.5522 142.9957 143.7367 147.8748 76.5848 113.8815 132.1376 78.9951 158.9082 28.2665 100.2481 192.5168 144.5839 153.2538 78.7098 174.1099 172.1613 124.6282 74.0006 61.6240 85.0667 57.3233 95.5170 57.0280
250.6014 75.8227 44.5766 57.8798 210.7644 107.7665 26.7042 50.7943 175.0926 108.2327 0.0000 109.8994 156.6968 88.3273 17.7906 61.0628 72.0375 76.3978 132.6819 135.3709 60.0884 102.4678 124.7987 72.7464 160.4068 51.1140 75.5933 187.7346 141.4984 192.4651 89.3962 197.6153 170.3564 110.9723 108.3027 100.3247 105.6114 64.7431 1.3649 115.7107 104.2575 172.0948 65.0009 84.5348 81.4633 188.8412 154.1558 29.8049 131.5470 1.8819 85.2100 74.6345 99.3133 153.9631 29.6963 119.2517 125.8677 123.6639 98.8376 131.7348 185.4156 131.7567 90.1478 28.3265 0.2976 124.4395 124.4406 121.5976 219.6941 69.4466 140.2386 61.7567 99.2071 165.4996 130.4888 245.7186 12.0112 166.1673 179.6800 85.0296 52.4813 131.5472 124.0193 65.4270 122.2593 60.8488 50.5860 80.7810 50.4435 87.8683 82.0137 168.3927 95.5107 108.9874 147.1202 66.5270 165.7963 34.1781 118.6329 206.3522 10.9946 76.1714 107.6562 113.3980 289.4733 119.0881 102.9591 124.8202 277.7133 111.3791 115.7738 113.4758 6.2775 147.7029 70.2613 70.2638 38.8708 75.0645 66.2684 55.8533 108.8625 156.8990 77.7841 31.0877 130.6082 60.6680 96.7426 64.2980 23.4460 101.3344 171.7775 101.5988 90.9314 169.8458 143.5670 70.5262 131.7236 121.1456 158.2556 80.1236 72.0269 125.7122 84.7135 93.6727 102.7523 102.6957 94.4374 191.6773 36.4490 78.1395 224.2870 63.3088 80.7986 175.3457 186.3584 73.3996 144.3199 157.5729 67.1126 103.0322 104.3302 29.6756 114.7016 162.3026 93.5777 90.9845 139.0530 105.4187 176.8649 38.2039 71.4691 84.0120 106.7390 38.8590 115.7768 63.6831 174.2908 27.3677 147.0579 94.7185 183.2986 84.9402 97.7567 188.4786 223.1001 147.4972 38.5478 65.2364 95.3766 136.6459 76.2363 93.4003 105.8355 158.3395 86.7800 140.6924 85.4446 104.7879 96.9270 65.7157 183.3913 147.1596 45.0631 89.1784 124.3299 42.4376 135.3640 100.1358 121.4740 127.0974 79.7016 41.6988 193.6479 13.8691 116.7803 144.5314 77.5643 156.4242 46.3552 46.4642 90.8962 123.6209 69.8859 141.3715 24.8904 185.7958 50.6167 152.1714 139.0703 71.5893 95.9844 26.4806 109.2345 125.7757 137.1244 149.3699 70.4440 113.5007 182.6876 113.3071 0.1605 229.2134 7.9009 26.3345 75.1559 115.1421 53.4831 90.7151 131.2144 103.4666
140.4192 132.6239 180.9367 211.4557 144.6715 57.0975 73.7959 136.1136 70.0816 117.7254 109.8994 0.0000 112.7382 29.9884 59.7864 54.6692 176.5294 65.0546 103.8899 104.6353 111.2104 117.2710 177.1685 173.4492 50.7797 55.3011 68.6152 141.1829 112.1167 191.9289 156.3239 124.0371 127.1626 155.8806 110.3715 130.7074 201.1189 166.0367 137.0527 10.4319 121.6774 78.7020 153.1071 16.5161 39.9366 160.2952 61.6551 195.6784 24.6221 32.9554 54.5215 5.8670 18.0808 23.0407 24.6024 115.1377 240.8547 152.3114 186.0909 165.3731 123.6446 53.6501 85.3190 212.2541 70.2314 54.9614 41.9639 110.8615 159.3241 150.4427 93.7424 107.0023 91.9709 91.1299 178.1885 10.7257 117.8877 67.1945 116.4182 139.8888 122.6302 108.7716 82.2612 41.1265 119.6044 8.1049 96.8739 108.1331 17.6165 137.3936 124.3673 87.6191 111.7654 106.8905 123.9224 47.3475 138.1111 150.9186 163.3488 68.6184 76.5079 46.6823 60.0149 89.1079 118.6047 147.2173 25.6517 66.9392 175.8729 129.6754 132.2342 28.7578 123.7388 73.0239 23.7403 121.0003 92.3555 89.7095 126.5579 116.3249 206.7586 124.6876 45.6719 128.2020 147.0378 58.8826 158.0702 80.0598 114.4177 52.9814 49.0996 122.9190 123.5685 20.9174 139.6120 14.4405 49.0891 159.9397 179.8952 40.0724 63.6313 122.1996 193.4999 226.0811 124.5993 97.8453 46.6385 125.1629 107.0191 138.8012 119.0231 133.1671 89.9068 27.9623 96.9489 171.6497 106.1804 195.2792 149.4718 207.3415 74.9642 83.2016 117.8011 74.1196 44.1370 142.1093 115.0279 12.6258 171.2323 107.4041 54.3479 91.7662 158.2933 164.2389 8.8036 137.8117 145.0408 109.7308 138.1685 181.3722 106.6423 10.3311 122.4682 99.6385 165.8176 65.6522 75.6002 124.7460 97.5603 94.3034 22.4814 57.0071 151.0946 172.0648 27.3990 177.2068 155.4375 201.5085 88.1911 0.4814 181.4358 117.5686 99.8712 191.8607 105.5269 230.4317 36.6056 83.0447 197.8847 94.1682 78.9020 52.4268 82.2981 97.9833 47.4475 241.4717 116.7669 146.2994 151.8559 102.3938 157.2992 50.7537 219.4881 125.8969 61.5596 132.8621 56.3187 152.2888 54.1170 174.2280 36.9068 28.0767 91.1755 77.5127 14.2044 13.2713 168.2303 36.3953 100.2324 190.5858 74.1857 143.6343 78.0598 193.5692 133.3543 206.5080 43.2443 130.2148 111.4883 74.9479
179.6686 0.4935 167.6574 65.4621 56.5551 30.8446 95.3146 199.3201 127.5692 144.3363 156.6968 112.7382 0.0000 195.7528 136.8703 162.2292 89.4753 203.9589 194.9460 124.2500 234.5078 178.0915 91.2389 162.4484 43.1666 237.5517 155.9040 107.9147 64.8331 24.0342 175.3525 25.7246 83.8807 76.5013 163.5600 127.7308 39.9925 137.6783 131.0093 39.0005 166.3501 84.1410 142.6178 5.9743 48.5136 175.0865 134.0092 113.2680 143.2696 61.1451 34.2656 54.1954 38.4443 149.9078 78.4688 77.5769 80.6431 95.0498 206.0693 185.5717 120.0964 138.8688 131.4788 132.8515 25.6752 138.5693 123.4546 139.2509 142.6289 55.7489 15.5783 164.1986 145.4878 97.5327 148.1003 140.3652 26.3108 104.1632 144.2055 176.4088 95.6450 80.1469 96.5880 16.6599 147.2232 109.7326 70.5500 57.8051 19.8611 111.5642 35.8586 79.1770 46.6488 191.9372 124.4120 63.1001 202.5207 154.7756 120.9257 153.7946 124.2889 83.6315 61.7315 96.4938 99.2320 25.7209 69.6736 104.7096 32.5292 73.9462 28.3490 28.9768 109.0436 113.8998 54.3484 3.4014 18.7306 162.9990 179.3077 138.5671 87.5557 114.7184 75.3240 129.1607 120.3390 36.1086 95.8714 167.2222 71.0804 70.6955 58.5741 15.6217 85.2257 138.0428 159.3758 85.2746 114.2211 15.0365 87.8840 121.3633 146.1617 144.3879 311.0297 107.0648 110.7113 19.6846 48.9271 76.9413 145.0087 90.0237 136.8252 106.6417 164.3758 113.2060 173.6853 48.5006 125.3117 106.2283 179.6148 72.8716 186.9094 82.1884 149.3295 5.5609 168.2665 107.1292 126.8767 132.0215 173.4172 30.0730 74.3400 103.5597 72.2686 37.9628 46.6763 138.8262 89.0929 54.1576 62.5157 101.3723 95.2528 111.8410 113.5561 77.8276 149.6812 80.9344 61.2274 161.2542 119.5089 48.5750 88.3806 40.2692 4.6872 114.0917 243.8863 63.9583 136.9515 123.5875 212.6114 112.3662 49.3737 44.6761 106.8381 131.6531 91.4590 122.5560 102.0422 106.9850 38.0363 150.7733 181.1731 135.2213 112.8062 6.0663 99.7878 85.5040 25.4567 123.6294 85.9757 87.2679 81.4049 75.3339 140.6552 71.3306 83.8107 101.3492 21.8984 98.6806 173.2180 85.2587 140.8600 28.9238 197.5886 59.7991 164.1855 122.4864 84.7561 93.1604 97.2267 177.5717 151.3770 112.9566 132.2529 67.4470 21.9088 48.7478 116.5244 111.6304 137.5417 180.6905
95.4050 69.3695 57.2851 136.9794 91.7760 82.6869 201.6965 42.4992 74.7980 82.1662 88.3273 29.9884 195.7528 0.0000 46.0803 112.0671 182.7560 83.1046 218.8386 195.6262 151.7984 112.1712 70.4121 137.0442 152.2043 63.4353 56.5592 128.9251 108.1761 181.5084 18.3332 101.9711 94.3568 144.9519 94.0559 11.1618 35.5270 179.0064 89.2896 133.9321 139.5725 49.3831 186.3940 55.7918 69.5782 92.8161 116.3130 40.8967 125.8249 136.1404 175.4484 118.2492 133.7060 77.5343 139.6588 118.6529 170.8877 147.6158 11.1655 48.2921 57.6852 77.6704 78.7018 121.7707 108.4442 129.4739 27.8897 255.7141 95.5960 114.0673 74.3048 33.6731 13.3689 107.8678 115.1358 105.2947 152.7248 42.5730 107.9925 34.8279 50.5605 115.7617 94.4738 106.5232 44.1655 76.1416 73.3905 133.1679 178.1502 90.5648 171.1443 158.8328 36.1444 88.1895 77.8451 106.4559 190.6833 107.3485 107.9589 95.3863 34.7363 52.2085 129.1383 164.4561 61.9445 192.1693 9.4030 52.8905 109.5153 149.3761 184.1711 2.7387 147.2427 94.8486 170.1818 26.7468 128.6807 4.0314 66.9000 102.5876 193.8730 123.2053 149.3364 53.3713 167.0680 170.9332 93.8357 21.0208 116.1338 164.3504 127.6830 11.4587 64.8765 89.1970 47.6150 165.1511 18.0283 84.7645 19.4618 124.0092 106.4328 67.3263 55.2625 147.9624 174.9514 66.2758 53.4745 170.4725 118.6739 183.4554 173.9283 147.9141 82.4519 231.1551 168.6136 91.2526 79.1869 12.3059 104.3701 161.8891 215.6234 134.2182 148.7337 24.2452 63.6327 74.0967 179.7076 121.5705 136.7155 68.9264 27.8805 114.3855 132.2133 109.4578 27.3287 66.5058 180.8290 110.5170 88.7242 84.1810 98.9854 78.0166 133.1037 220.4902 87.8212 196.8975 86.3172 105.3822 136.0406 6.1439 163.1811 62.8881 124.2664 86.1965 83.2626 112.7939 94.1694 100.1080 9.6917 137.7552 24.3263 135.7902 65.1551 110.4745 96.1225 19.3765 130.7560 142.1554 64.8340 59.7292 56.3212 11.7172 75.2746 112.2929 76.1218 102.3708 66.1535 178.0991 70.7892 122.4866 166.6279 81.6274 43.1783 78.2346 140.4796 54.9410 112.5082 54.4362 77.4605 158.0768 87.2622 176.7500 60.1630 108.1238 81.6000 153.1712 66.7779 89.6881 56.3096 38.3955 104.9723 160.7588 37.3246 145.8672 14.0511 163.7176 82.4199 58.1533 126.5393 100.3593
36.7170 50.1975 46.5493 189.1108 215.1726 162.5911 136.6800 91.4345 137.4032 61.6650 17.7906 59.7864 136.8703 46.0803 0.0000 9.5774 166.4478 33.8264 265.1105 100.0812 96.1632 176.7146 256.5917 104.8328 62.8701 118.1295 132.7268 132.1647 88.0221 119.8047 71.1351 179.0385 14.2137 78.3339 10.4357 92.3259 144.1370 171.8986 115.8233 49.5302 136.0905 55.3404 97.7598 65.9264 127.3191 101.0008 86.4822 148.4244 78.3756 55.2370 9.5546 98.7901 57.5141 58.0043 74.4998 25.9200 129.7928 164.9685 52.8667 122.5935 107.1475 129.1655 119.9963 44.0726 57.4398 11.0519 67.4668 96.8074 48.6033 143.0031 9.1000 124.1473 61.8447 170.5518 146.8059 126.2129 125.0654 9.3773 111.8144 116.8854 122.6986 64.4438 263.0419 133.4653 4.8755 93.7539 102.5526 76.0108 69.2428 80.6406 50.6998 63.0789 10.8109 220.7461 92.9124 159.3443 27.4607 184.7752 37.4690 192.4526 103.8700 129.9979 39.4736 142.4113 145.6258 105.6629 169.5283 100.7152 114.9717 70.7212 172.5070 57.3581 147.1914 64.4160 115.0675 122.3428 108.1670 100.7186 120.5809 128.8295 44.6196 150.5038 16.7488 130.4400 63.7062 102.7661 123.6969 152.0564 237.6811 38.1420 76.2645 56.3791 232.1215 154.1946 90.3035 24.6660 117.3239 194.8353 9.3861 19.6595 7.8240 107.7221 163.1365 75.3992 117.5980 126.2764 180.4581 149.9197 56.0542 73.1923 155.2252 59.8233 60.0999 61.9566 98.8092 139.8924 69.7587 119.4393 43.6939 173.9267 167.1450 70.5183 52.5756 32.0428 56.4147 108.4987 42.0623 18.4299 142.6913 107.6692 79.3937 124.3488 107.2030 110.3152 109.2402 99.4781 101.1846 122.0678 84.0925 81.7301 77.9517 152.9174 22.2478 106.3332 164.5565 136.6033 100.7588 105.4685 116.1823 187.1950 51.4191 151.2682 128.1322 52.3974 137.7899 107.5892 140.4224 82.9200 164.9246 95.0685 109.9154 94.8268 73.0245 63.5105 59.6419 198.6684 128.6389 80.8853 178.8421 95.9090 3.3907 0.2791 5.1683 161.6339 214.1530 175.2960 171.3797 55.0072 127.2865 97.1142 63.2356 154.7246 146.8283 187.7302 149.3265 218.8584 164.8298 100.1846 77.0204 22.7244 171.6331 147.3704 105.8314 63.9253 146.0974 54.3895 55.8306 42.1381 148.1963 90.9674 118.5527 13.4630 115.3384 118.5683 70.4443 112.8897 278.6459 60.6311 61.7618 219.4579
119.2798 15.4371 174.7503 171.8657 153.7853 108.5014 129.4643 182.0232 102.4266 154.6843 61.0628 54.6692 162.2292 112.0671 9.5774 0.0000 102.1551 52.4681 18.3621 134.2396 62.4790 174.6276 179.9381 65.1025 102.7396 24.1366 162.3871 116.8453 121.0759 130.5007 168.1713 21.9626 223.1050 85.8606 125.0949 78.5263 129.8610 188.9763 209.7059 126.1198 31.5062 13.1738 114.4831 103.2222 63.6186 127.4028 188.0265 74.4514 45.0500 205.6385 100.8562 8.6114 130.9522 101.9780 200.8226 91.9039 168.4735 87.2210 128.6021 70.4588 146.9763 183.9932 149.1990 73.4447 73.1816 127.1736 72.3868 232.3165 83.2110 78.2101 199.0486 167.1827 68.6901 65.2571 120.8485 73.8702 3.0223 77.8103 55.5507 40.3501 106.2590 82.7302 68.5323 139.0013 161.4583 120.3806 87.7911 221.2569 196.2495 100.7873 68.6145 86.5303 153.0658 24.4961 93.0802 77.4135 63.9809 85.5625 68.4444 25.7858 242.3000 171.4880 105.7659 235.1829 23.4871 135.2357 13.8605 105.9765 147.2943 107.0249 97.7889 216.2327 107.4638 26.0556 163.8058 16.9689 199.6060 127.6151 109.0365 27.3522 249.6006 114.6035 90.1894 27.8080 142.1136 40.7558 146.9230 177.1976 84.3021 134.3228 135.5785 49.7502 38.0761 157.3071 212.6407 190.6464 48.7248 292.1014 201.3802 78.7270 100.7180 147.6006 133.1739 30.4219 210.1441 154.2647 129.7924 54.0275 56.9643 143.9454 88.9867 99.9654 247.7180 174.5119 131.0448 86.8885 171.0359 59.4229 162.9533 139.6545 67.1442 106.2218 168.4995 85.7883 115.8243 130.5793 99.8743 142.5245 59.8509 169.6745 86.1137 70.6494 118.6344 36.1107 109.8075 136.7690 74.1990 195.1986 127.8951 127.4606 141.4067 146.3534 100.0160 15.7297 115.5632 84.9356 65.8646 105.9235 92.0358 105.3704 124.6641 67.4744 43.1966 76.2539 68.9759 137.3896 83.4158 22.1212 104.2135 100.6092 145.2010 193.4231 56.4780 70.5511 0.0498 43.5255 45.8944 140.5644 94.4424 144.6659 63.2212 146.0371 194.0812 61.9788 128.8343 127.4500 95.2221 85.7446 11.5962 162.7628 199.4791 51.8138 26.5968 46.6347 139.0552 50.9374 76.2862 120.7579 59.9103 131.2090 167.0432 76.2791 46.8891 102.3695 159.2681 142.8222 1.1299 155.0960 20.7303 140.7530 15.3632 130.3001 112.4266 118.2720 48.5945 299.5701 50.9673 91.7623 120.8670 31.4577
27.9797 62.2713 96.4746 254.5113 8.7255 30.1331 180.6646 64.1867 211.2112 61.7132 72.0375 176.5294 89.4753 182.7560 166.4478 102.1551 0.0000 60.4833 124.6135 173.1013 93.7256 12.6698 120.0637 254.8502 117.3220 173.1611 113.5001 110.2334 68.1244 63.2689 70.7706 124.4164 150.8127 20.5859 61.7100 36.6878 49.7524 116.3828 232.8952 75.5821 36.9422 21.4711 52.7475 103.9976 39.5276 54.8761 127.9550 193.6654 128.1976 40.3175 70.3355 187.9636 133.6069 181.3676 11.1978 16.6709 111.1687 73.1271 36.7505 149.5443 101.4374 5.4349 41.4497 101.4746 159.3083 90.7908 128.4176 183.5597 190.6949 94.3271 123.0118 227.0937 186.5353 92.4015 61.8620 34.6160 185.0317 68.4920 63.1205 131.0857 10.9591 60.9734 112.1592 95.4476 151.1530 119.9572 31.2077 71.3250 79.6658 154.9420 10.5309 141.7841 58.3559 60.8485 204.0422 42.4521 74.9124 41.7725 61.9319 135.2756 109.2135 150.3670 155.4205 208.1243 50.0935 141.3339 32.9547 83.2098 67.7587 141.9917 119.8249 74.1540 95.3945 95.5772 63.8582 276.0191 127.6658 36.3580 183.7475 33.2503 120.5897 106.9794 209.7717 65.8248 111.4242 72.0893 110.1382 43.7591 155.8500 135.5079 225.1282 188.4761 81.8528 117.0488 9.3011 14.8287 150.7407 79.4459 104.9158 47.4933 127.6122 165.1502 101.2714 176.4708 23.6409 178.6850 109.5732 196.2547 110.0311 15.8006 49.7946 135.1857 16.4028 110.3652 170.2573 43.1848 25.4728 96.9422 71.3362 79.1379 127.4967 86.0053 191.0756 53.5872 65.1438 52.7296 63.4976 117.3305 145.3812 181.2079 148.7554 85.7998 76.3290 122.7883 122.3915 237.5586 53.8844 145.9650 99.4378 95.1070 133.0879 109.6610 61.6384 63.3800 138.5450 106.6406 52.1007 132.2168 69.9196 117.5992 117.3438 7.0242 193.6830 126.4152 112.6397 93.4024 124.6543 76.5582 25.7699 152.8988 93.9083 137.0229 52.0409 162.0632 173.6667 86.3828 80.5069 0.3965 84.3975 59.6211 139.6045 35.0195 125.0346 102.6995 79.7522 99.5967 117.1805 121.4981 173.5596 67.8511 25.5280 63.8188 106.5467 109.7305 85.1434 29.8568 56.7699 156.7043 95.6595 13.3355 176.8466 52.9070 113.5458 1.9562 88.7833 67.2969 168.7402 183.1966 104.6607 106.2624 177.8698 196.9362 100.7589 132.5721 113.0069 58.0080 32.1846 68.0795 127.4199 31.3824
17.3568 61.6305 48.9093 148.8143 106.5029 35.2155 163.8509 121.3092 214.2386 54.6747 76.3978 65.0546 203.9589 83.1046 33.8264 52.4681 60.4833 0.0000 25.8652 38.8780 75.6539 57.2593 36.9684 91.0242 84.4009 60.5204 62.2125 36.9720 202.1832 20.2170 123.1091 93.4235 72.0581 122.3227 204.3394 126.0828 99.1133 61.8219 90.5280 126.5229 45.1304 146.6842 156.3054 111.8327 26.3318 78.1572 49.2744 96.5165 37.1718 70.2242 182.3709 89.8373 94.2886 90.8417 146.8672 124.4208 131.5159 154.6814 164.0998 76.8228 110.8352 97.1447 111.3516 131.6437 169.9249 215.6886 94.8900 75.8693 138.1270 26.0828 56.1466 67.7400 108.4856 121.1975 45.7557 147.4670 217.2471 116.2154 109.7457 152.1297 14.6426 81.9561 201.8154 4.1525 82.5383 45.7424 119.4582 80.7565 23.7142 134.8921 96.2037 127.8709 150.4180 44.6692 92.6985 180.8457 203.9430 73.6214 223.6849 153.5243 82.7876 11.1288 12.5978 53.9793 151.3212 37.5955 71.5519 118.5108 122.2698 116.8974 89.1853 161.3735 79.1639 87.1177 97.4293 52.9258 154.8188 143.5171 71.8278 62.6800 61.3990 190.6709 145.1184 5.0279 44.8571 166.9762 145.3438 208.1366 152.9458 67.3447 63.9412 204.9095 174.9042 23.5075 96.4331 75.9496 51.6647 68.4455 205.5684 123.4129 164.5486 53.7000 106.7620 96.0347 180.2626 81.7644 101.4097 62.2153 85.6992 29.1146 83.1565 170.1065 112.8414 110.6347 93.4099 98.2027 186.0844 68.2994 8.3824 111.1804 160.5135 81.0390 106.8852 89.0733 31.0925 159.1985 65.5673 184.9092 134.9950 46.5307 31.7041 157.4964 128.2382 162.5852 130.8243 117.8995 93.6767 209.2378 169.3027 123.0041 141.1942 45.5535 61.0368 210.6000 148.2744 107.9701 27.8469 79.2337 155.3614 54.0364 95.3314 102.7799 108.1121 151.0965 33.0121 142.0880 61.6369 110.6631 176.2699 200.1833 126.7139 120.9034 96.6862 10.2286 190.1040 43.9965 123.7573 134.9386 110.4029 172.9653 103.4575 179.9061 103.4846 106.3201 95.8137 185.0489 143.7423 55.5917 41.9321 30.4883 52.7614 29.9024 178.9340 141.7593 109.3955 94.7436 66.0480 116.9711 100.3827 147.2753 33.4165 36.3874 143.0857 132.5558 1.0603 13.9645 117.0196 115.4131 121.3839 117.1355 100.6257 89.7241 66.9336 72.5340 42.7986 136.0399 179.5254 196.2449 64.4640 138.3260
