10
0.0000 175.3966 11.0170 68.1622 102.2215 103.4562 163.9974 92.9031 72.6573 163.2236
175.3966 0.0000 164.0011 196.8208 154.5971 97.9297 160.6769 41.4092 85.1342 34.6789
11.0170 164.0011 0.0000 213.2794 52.7740 113.1822 140.2767 105.6362 72.5522 198.7691
68.1622 196.8208 213.2794 0.0000 115.0055 146.1268 105.3308 34.5935 104.3731 15.1594
102.2215 154.5971 52.7740 115.0055 0.0000 145.6947 56.1029 84.5664 86.9635 150.3851
103.4562 97.9297 113.1822 146.1268 145.6947 0.0000 166.0255 36.8069 82.8461 91.5476
163.9974 160.6769 140.2767 105.3308 56.1029 166.0255 0.0000 86.6592 17.7902 176.0410
92.9031 41.4092 105.6362 34.5935 84.5664 36.8069 86.6592 0.0000 58.8151 124.5111
72.6573 85.1342 72.5522 104.3731 86.9635 82.8461 17.7902 58.8151 0.0000 136.2393
163.2236 34.6789 198.7691 15.1594 150.3851 91.5476 176.0410 124.5111 136.2393 0.0000
