10
0.0000 55.4135 21.8722 55.8780 78.5538 123.3211 26.2761 187.4727 6.3342 166.3641
55.4135 0.0000 140.7142 129.8116 199.1677 139.1543 80.5355 49.0192 24.3333 208.6328
21.8722 140.7142 0.0000 90.3657 129.5638 217.4357 70.6765 9.4231 142.6020 69.2003
55.8780 129.8116 90.3657 0.0000 55.6025 110.8694 115.0083 166.9437 128.6226 62.7976
78.5538 199.1677 129.5638 55.6025 0.0000 97.2945 23.0597 79.6428 76.3522 220.6324
123.3211 139.1543 217.4357 110.8694 97.2945 0.0000 134.9755 160.3068 224.6521 182.0789
26.2761 80.5355 70.6765 115.0083 23.0597 134.9755 0.0000 96.3169 52.0250 191.4385
187.4727 49.0192 9.4231 166.9437 79.6428 160.3068 96.3169 0.0000 22.5522 33.4990
6.3342 24.3333 142.6020 128.6226 76.3522 224.6521 52.0250 22.5522 0.0000 139.9450
166.3641 208.6328 69.2003 62.7976 220.6324 182.0789 191.4385 33.4990 139.9450 0.0000
