10
0.0000 199.2782 172.5358 269.8079 90.4046 89.2930 97.6246 14.0058 162.8501 14.0733
199.2782 0.0000 186.5877 152.3284 98.7000 127.3086 131.3673 287.0621 164.4149 130.2888
172.5358 186.5877 0.0000 87.2120 56.8292 103.5173 89.9685 40.0304 32.4833 137.3456
269.8079 152.3284 87.2120 0.0000 56.4112 49.4070 63.1687 98.3234 48.2596 34.9170
90.4046 98.7000 56.8292 56.4112 0.0000 219.0311 201.5730 70.4180 164.6613 120.4177
89.2930 127.3086 103.5173 49.4070 219.0311 0.0000 197.2519 125.9852 127.2615 65.2479
97.6246 131.3673 89.9685 63.1687 201.5730 197.2519 0.0000 36.9063 206.5954 128.2309
14.0058 287.0621 40.0304 98.3234 70.4180 125.9852 36.9063 0.0000 78.1750 100.6646
162.8501 164.4149 32.4833 48.2596 164.6613 127.2615 206.5954 78.1750 0.0000 116.8701
14.0733 130.2888 137.3456 34.9170 120.4177 65.2479 128.2309 100.6646 116.8701 0.0000
