10
0.0000 153.8237 133.3224 97.5695 166.2855 142.6466 55.4229 80.1000 79.0736 101.2203
153.8237 0.0000 91.0657 221.5973 132.1244 189.6690 70.4866 41.5431 101.3839 71.4106
133.3224 91.0657 0.0000 76.5745 21.7774 89.2392 195.6123 90.9332 55.5791 191.3637
97.5695 221.5973 76.5745 0.0000 91.8552 173.2092 90.8828 96.4609 35.0371 45.3700
166.2855 132.1244 21.7774 91.8552 0.0000 18.7336 99.4744 92.4556 198.8058 109.1789
142.6466 189.6690 89.2392 173.2092 18.7336 0.0000 44.8036 47.0512 32.4588 24.4997
55.4229 70.4866 195.6123 90.8828 99.4744 44.8036 0.0000 134.3639 209.5616 69.9304
80.1000 41.5431 90.9332 96.4609 92.4556 47.0512 134.3639 0.0000 74.4083 128.9870
79.0736 101.3839 55.5791 35.0371 198.8058 32.4588 209.5616 74.4083 0.0000 88.2018
101.2203 71.4106 191.3637 45.3700 109.1789 24.4997 69.9304 128.9870 88.2018 0.0000
