10
0.0000 72.1023 66.0667 89.1981 122.9936 87.5254 108.5444 63.9733 76.9494 86.8952
72.1023 0.0000 68.8149 89.4193 120.0956 159.0774 156.0406 18.4361 67.0737 126.3850
66.0667 68.8149 0.0000 127.9581 94.6016 178.1489 85.5738 78.6589 145.0961 101.2540
89.1981 89.4193 127.9581 0.0000 102.8746 76.8262 113.3111 111.6680 19.0252 184.1724
122.9936 120.0956 94.6016 102.8746 0.0000 24.7579 69.7091 173.7645 162.7435 158.7726
87.5254 159.0774 178.1489 76.8262 24.7579 0.0000 97.1381 34.1622 84.8957 181.4406
108.5444 156.0406 85.5738 113.3111 69.7091 97.1381 0.0000 146.5485 99.7635 107.5566
63.9733 18.4361 78.6589 111.6680 173.7645 34.1622 146.5485 0.0000 136.5372 144.4907
76.9494 67.0737 145.0961 19.0252 162.7435 84.8957 99.7635 136.5372 0.0000 12.2301
86.8952 126.3850 101.2540 184.1724 158.7726 181.4406 107.5566 144.4907 12.2301 0.0000
