10
0.0000 92.9886 115.1228 156.8939 205.6381 28.8173 107.7846 118.0547 76.1552 54.5096
92.9886 0.0000 80.0733 83.6701 181.7081 91.0347 6.8063 173.3357 137.7794 92.5915
115.1228 80.0733 0.0000 131.9291 18.1883 154.0302 38.0701 26.0128 74.3315 152.4492
156.8939 83.6701 131.9291 0.0000 148.3768 107.8556 116.5732 137.0170 57.8467 60.1946
205.6381 181.7081 18.1883 148.3768 0.0000 48.6170 90.7954 115.9592 165.6831 215.1858
28.8173 91.0347 154.0302 107.8556 48.6170 0.0000 85.2214 63.2934 68.4761 87.2433
107.7846 6.8063 38.0701 116.5732 90.7954 85.2214 0.0000 137.3547 26.7301 152.7319
118.0547 173.3357 26.0128 137.0170 115.9592 63.2934 137.3547 0.0000 166.6134 83.0139
76.1552 137.7794 74.3315 57.8467 165.6831 68.4761 26.7301 166.6134 0.0000 142.6204
54.5096 92.5915 152.4492 60.1946 215.1858 87.2433 152.7319 83.0139 142.6204 0.0000
