10
0.0000 19.9852 51.1415 17.2892 16.1904 85.0552 164.1545 93.4508 90.9186 184.9381
19.9852 0.0000 97.4749 70.2748 72.2311 148.1282 208.2220 147.9573 137.2576 89.5292
51.1415 97.4749 0.0000 76.4451 87.8171 78.0044 113.6161 125.5503 25.9792 189.7647
17.2892 70.2748 76.4451 0.0000 94.8514 137.0902 41.8701 79.4022 124.2890 153.5951
16.1904 72.2311 87.8171 94.8514 0.0000 76.5052 164.6294 152.3001 22.8710 18.7574
85.0552 148.1282 78.0044 137.0902 76.5052 0.0000 68.5492 148.0701 65.7815 65.2374
164.1545 208.2220 113.6161 41.8701 164.6294 68.5492 0.0000 4.7201 187.8914 176.1236
93.4508 147.9573 125.5503 79.4022 152.3001 148.0701 4.7201 0.0000 96.3635 239.4835
90.9186 137.2576 25.9792 124.2890 22.8710 65.7815 187.8914 96.3635 0.0000 40.3052
184.9381 89.5292 189.7647 153.5951 18.7574 65.2374 176.1236 239.4835 40.3052 0.0000
