10
0.0000 116.9671 135.0540 126.4722 174.8755 124.2549 74.9391 128.7969 106.7597 15.3749
116.9671 0.0000 121.7182 29.9406 160.2686 55.4199 103.1774 131.0015 250.6192 43.8543
135.0540 121.7182 0.0000 114.7150 227.0656 194.7572 60.5019 210.1002 80.2812 56.9005
126.4722 29.9406 114.7150 0.0000 30.8136 79.9433 187.5251 55.7493 169.1797 249.9063
174.8755 160.2686 227.0656 30.8136 0.0000 132.5748 144.3594 124.2426 138.1972 78.5056
124.2549 55.4199 194.7572 79.9433 132.5748 0.0000 84.8743 98.5337 13.5934 169.3026
74.9391 103.1774 60.5019 187.5251 144.3594 84.8743 0.0000 36.5447 82.5786 127.4338
128.7969 131.0015 210.1002 55.7493 124.2426 98.5337 36.5447 0.0000 83.3555 176.7393
106.7597 250.6192 80.2812 169.1797 138.1972 13.5934 82.5786 83.3555 0.0000 114.1921
15.3749 43.8543 56.9005 249.9063 78.5056 169.3026 127.4338 176.7393 114.1921 0.0000
