10
0.0000 115.7330 138.6495 129.8297 191.6279 155.1297 94.5062 187.4946 175.5212 158.6915
115.7330 0.0000 71.2303 79.8749 138.4619 166.8245 61.4598 117.7325 116.4793 141.2302
138.6495 71.2303 0.0000 52.2031 145.3456 130.2252 52.6238 89.8560 68.3839 102.1058
129.8297 79.8749 52.2031 0.0000 170.9041 86.1781 72.0686 81.3072 231.8842 144.9643
191.6279 138.4619 145.3456 170.9041 0.0000 53.2342 189.6740 95.1609 73.2486 99.3800
155.1297 166.8245 130.2252 86.1781 53.2342 0.0000 83.2900 92.9419 65.2434 162.8014
94.5062 61.4598 52.6238 72.0686 189.6740 83.2900 0.0000 45.4093 93.2827 33.3301
187.4946 117.7325 89.8560 81.3072 95.1609 92.9419 45.4093 0.0000 78.8994 100.6055
175.5212 116.4793 68.3839 231.8842 73.2486 65.2434 93.2827 78.8994 0.0000 73.2103
158.6915 141.2302 102.1058 144.9643 99.3800 162.8014 33.3301 100.6055 73.2103 0.0000
