80
0.0000 180.9646 93.5359 122.4887 112.7452 113.7210 87.9853 171.6221 71.9044 198.1014 18.3165 40.3114 119.6273 153.9482 121.7683 135.3758 12.9597 188.0817 90.3603 83.2809 43.0215 15.4834 56.5182 21.2136 90.5167 60.2383 9.0077 140.0762 145.7922 137.3726 81.4400 41.5280 195.2485 146.1732 159.3439 81.5013 137.6468 77.6003 57.7423 103.7136 165.7081 135.4413 45.2851 157.6690 257.8379 152.1945 123.0219 142.1776 171.4515 76.9526 128.6199 60.1700 118.0745 140.0409 117.9836 154.2074 103.3822 80.5663 76.5688 211.9874 177.1667 72.8126 73.4591 138.2949 89.8481 139.4099 78.8588 90.0465 125.7402 212.4726 179.6543 143.0330 44.6150 131.0679 4.7036 95.1720 55.6402 136.9798 63.7420 78.5329
180.9646 0.0000 64.1122 78.3083 142.9371 72.2731 48.1432 62.5282 37.6115 86.8214 77.0120 95.9761 44.1604 213.2263 82.1477 148.7809 78.6260 150.2158 65.9928 101.5544 101.4707 127.3062 45.8719 63.4133 123.0699 19.4936 71.2672 152.3746 124.1075 96.4032 167.0740 114.5568 58.2858 56.2168 72.6165 103.2390 69.5129 130.8301 156.1802 29.0691 28.2149 169.3146 49.1353 138.8931 20.3726 124.6051 79.6645 69.8646 74.4609 110.4492 67.9001 186.5049 177.9359 56.0979 79.8013 236.6446 95.5985 9.4252 148.5433 39.3506 41.2410 57.2788 23.4383 192.9594 181.1219 174.7431 135.6845 131.7430 82.2701 79.9383 197.6908 85.6253 46.4398 27.8871 204.9504 60.3387 67.4939 81.0772 156.2547 88.2423
93.5359 64.1122 0.0000 137.1643 120.2094 219.8946 50.5245 143.9595 141.2695 152.1350 87.6788 103.0585 23.5325 74.0401 86.8045 77.7267 8.9573 129.7646 169.5863 76.9595 121.4405 68.3809 68.6421 86.7525 131.7765 100.4537 105.0483 145.2622 82.1550 125.2417 143.0851 91.4428 85.4944 47.5861 97.5658 72.7735 123.1713 8.4898 3.7173 75.5063 31.3807 33.9185 62.5266 84.8655 77.1329 83.0938 139.4609 103.3035 156.6219 53.1946 146.4222 74.4519 162.2638 177.0128 143.4741 45.5381 38.6933 163.5029 162.4467 156.8427 41.8213 33.4115 165.5280 188.4504 86.5442 112.8612 73.8577 83.2865 30.3976 147.8907 67.8065 73.0163 179.8383 98.4014 128.1340 3.5567 20.9891 118.5229 119.7254 41.9785
122.4887 78.3083 137.1643 0.0000 28.4907 113.0220 111.1051 78.7174 144.1006 155.4843 189.5320 77.6866 96.8723 114.3477 114.5424 180.9086 26.6640 67.9845 134.3884 87.2265 176.6102 124.1375 82.5196 189.2052 218.6608 58.5260 222.6851 98.8445 76.7324 252.2896 151.4471 109.3498 116.0150 92.0274 65.2581 71.8033 6.6637 37.1327 138.7876 190.2328 158.8198 48.5438 101.9621 41.7945 108.8222 148.1824 149.4111 157.4524 84.1109 120.4628 25.6577 73.7953 105.8272 119.7568 137.4863 146.2683 77.2526 34.9928 136.5639 82.9569 140.0355 119.5989 55.8449 126.7653 151.9927 75.1170 165.9532 112.9229 173.7061 70.1928 65.5514 63.0236 12.5770 152.2845 50.4570 63.9038 48.5941 13.4612 19.5878 97.2908
112.7452 142.9371 120.2094 28.4907 0.0000 79.8180 40.8663 125.1041 93.6025 85.9751 137.4350 168.2205 76.1782 162.1264 159.2020 16.6771 193.3335 135.8026 111.7935 155.1536 94.7798 141.4386 49.8369 13.9947 6.2469 108.0383 142.0884 21.5091 103.6931 135.3136 36.6073 55.3290 188.4688 133.2398 97.8509 163.6775 82.4382 53.2162 111.7302 47.6876 169.4744 28.9429 54.2102 164.0627 79.1663 222.7190 75.3723 128.7817 183.0998 152.6904 95.6397 96.0970 143.0508 77.1247 173.3283 155.8096 181.1197 123.9266 135.6091 165.8426 207.0086 72.3457 67.0359 152.0163 84.3939 166.1066 81.3447 89.4248 60.5536 106.0745 86.9265 23.9516 138.1822 157.1747 56.5331 215.5473 180.1608 101.0064 100.0596 75.0566
113.7210 72.2731 219.8946 113.0220 79.8180 0.0000 39.7126 134.7319 84.1941 96.2812 78.3479 91.6314 127.0022 86.2040 214.0592 170.8114 67.2035 108.7241 159.1046 60.8121 70.9345 189.8578 165.2450 207.3236 113.7033 161.2797 127.3085 177.8432 84.3944 44.4546 56.8165 121.3940 113.1623 17.3669 64.0850 192.0998 42.6031 109.3611 26.3018 100.1745 187.4945 67.2762 105.3020 81.5905 93.0940 2.0811 165.0700 105.6674 186.8670 67.1761 52.5517 87.3033 77.9273 85.9104 158.1699 36.1316 107.2622 50.2904 127.3292 42.3948 113.0947 217.6517 61.6834 72.2891 143.0678 131.5632 55.3324 114.3855 102.9816 134.5559 93.2349 180.1293 125.3860 170.7679 92.1091 57.8963 242.2321 95.4227 8.3714 91.0951
87.9853 48.1432 50.5245 111.1051 40.8663 39.7126 0.0000 80.1566 115.9525 48.9748 150.7804 124.8897 139.1629 92.5509 124.3456 81.4082 131.3597 38.8555 90.6198 84.5119 228.1190 159.0416 82.7539 105.0497 81.2956 49.3902 50.9530 92.9465 144.4613 197.0507 95.0357 112.7159 93.5249 10.2031 59.5391 145.1471 162.1468 104.2864 26.3158 150.9878 59.2435 150.6917 77.6332 117.9497 114.6492 147.3924 84.1458 155.9203 96.3812 67.8737 184.5967 60.9717 36.2514 119.0827 187.0029 146.1821 61.0160 116.4043 106.7558 118.7749 104.9904 32.6806 56.4914 178.3247 115.4076 70.7324 121.7193 49.7092 70.2588 194.2668 218.3712 175.4713 116.2448 85.4689 51.7679 184.4902 27.3496 61.1494 57.6042 76.0326
171.6221 62.5282 143.9595 78.7174 125.1041 134.7319 80.1566 0.0000 49.4135 174.0448 0.9789 155.7512 5.1478 92.2122 159.5713 167.3045 126.1825 86.7621 114.6775 40.4120 116.7784 44.0549 76.0735 99.6075 36.6740 157.1376 146.6746 141.4150 92.7691 79.4018 108.1470 103.1872 198.6781 3.2598 110.3818 103.3031 54.0790 73.9669 30.2160 144.1185 115.7432 69.6507 88.5207 73.0588 105.9411 96.9941 101.0217 40.6083 84.8562 121.2750 94.8358 99.0799 57.0824 228.2854 262.7925 143.6649 159.6914 150.7002 160.9532 45.2744 74.7600 45.8880 162.3482 128.3435 105.7621 225.9169 57.3655 131.3928 82.5040 66.8786 88.4996 143.2405 102.1001 5.3307 6.7812 154.9013 128.8790 81.6589 49.7412 211.8109
71.9044 37.6115 141.2695 144.1006 93.6025 84.1941 115.9525 49.4135 0.0000 13.5786 19.9910 62.5909 80.6336 142.3780 151.9598 55.6200 93.7512 42.8275 58.8098 64.4384 95.9782 149.2931 148.5266 50.2764 190.5653 90.4880 121.0263 103.6590 169.0296 21.0808 140.6767 124.9342 73.9737 127.3122 121.6733 129.9426 84.2099 99.7287 205.6939 98.2858 59.8655 115.5790 80.6337 234.7680 30.2439 1.3353 132.9402 148.7855 63.5661 19.0100 117.3847 124.6643 105.8547 247.6910 149.8765 164.3066 83.0059 134.2130 30.9105 105.8957 54.7753 189.7146 103.0126 107.6231 139.5365 84.7439 138.5882 61.4331 137.5552 40.4901 208.6055 88.4320 128.6301 75.9583 147.9052 55.5506 154.0514 210.0322 94.0372 100.6860
198.1014 86.8214 152.1350 155.4843 85.9751 96.2812 48.9748 174.0448 13.5786 0.0000 161.7336 52.8897 149.9595 219.4994 147.1484 56.9452 105.4284 219.2904 91.6306 119.3710 103.9378 157.2483 82.8282 106.0517 187.8079 58.3418 150.9643 143.3791 90.8251 155.1736 45.0260 297.6155 29.6655 158.1475 69.8884 217.6333 140.0341 119.0415 155.0173 99.0230 40.5341 19.7309 118.7624 86.2723 95.5070 107.9520 119.0997 125.2937 134.1870 210.2936 67.6476 240.9464 57.8768 139.5793 75.9693 73.7798 88.0494 109.3310 158.1474 131.9322 13.2028 145.5974 165.5627 135.8207 91.6303 89.4624 129.0403 109.4001 189.1274 162.2404 87.5887 174.8234 195.5592 69.5326 127.5538 73.8483 91.9738 85.7802 87.4592 23.6377
18.3165 77.0120 87.6788 189.5320 137.4350 78.3479 150.7804 0.9789 19.9910 161.7336 0.0000 106.1668 91.6941 160.0401 206.2747 46.6275 49.8998 188.1180 173.7107 133.8609 156.4035 166.5247 65.7862 33.0143 93.3207 134.9944 105.1428 183.4849 34.1201 45.4030 95.3842 78.6141 121.2172 223.5778 110.7858 187.0386 32.3855 108.9405 127.8563 127.5968 148.5917 156.9059 130.0065 126.1831 154.2736 215.7064 51.6692 19.4840 99.7689 95.6838 54.8302 143.6465 241.1366 108.7772 138.4227 134.3850 114.6265 39.2787 22.2126 153.1726 52.8858 25.7940 16.1120 195.4965 78.3266 202.5793 200.3895 54.7917 48.2709 54.2622 80.8735 98.8354 104.4676 196.5275 163.5723 184.2392 21.6928 164.9864 60.4098 95.8826
40.3114 95.9761 103.0585 77.6866 168.2205 91.6314 124.8897 155.7512 62.5909 52.8897 106.1668 0.0000 47.8033 115.6307 28.1750 137.3594 63.7437 156.7272 69.2294 163.6637 136.7018 104.8912 178.5571 157.7442 105.6476 115.4463 106.1923 106.0020 140.7841 84.0456 88.5872 168.8784 228.7972 89.7992 219.7994 115.0655 87.6463 183.8518 247.6613 80.5320 43.8304 156.9572 80.1343 64.0907 144.8574 47.0800 71.7144 48.5984 105.2672 102.9521 101.4471 126.6083 82.9631 167.4789 131.4774 143.9196 174.0372 64.8111 89.1033 67.8662 63.8996 118.8379 134.6754 93.8506 48.4825 136.9785 171.2610 127.2489 101.1167 41.1659 105.9260 10.5267 105.8059 214.6064 150.8601 115.6001 127.9911 105.4502 134.5337 139.7193
119.6273 44.1604 23.5325 96.8723 76.1782 127.0022 139.1629 5.1478 80.6336 149.9595 91.6941 47.8033 0.0000 67.5135 59.9654 2.1306 33.2433 96.1075 123.1269 95.4148 124.6585 105.7584 89.8326 185.8060 109.1466 124.0841 121.8109 47.7216 69.2613 113.3426 2.9068 78.7246 150.2870 172.5916 111.1159 131.6271 213.5166 47.6108 138.8225 117.6916 124.1330 59.0872 85.3838 103.5480 149.5224 73.0975 187.0161 133.9169 43.0456 239.7998 283.0975 99.7751 155.9152 42.1413 53.9430 229.4487 40.2733 121.6682 49.6897 117.8320 83.8089 129.1816 144.3992 89.5453 28.2327 143.1632 79.5280 121.1512 148.8977 91.4792 106.1327 88.0327 176.8110 75.8569 82.2719 51.4211 105.8611 83.4227 83.9905 170.5366
153.9482 213.2263 74.0401 114.3477 162.1264 86.2040 92.5509 92.2122 142.3780 219.4994 160.0401 115.6307 67.5135 0.0000 183.9941 13.6501 166.0026 142.4589 43.8922 187.7433 96.8016 32.3803 199.9319 119.8757 141.0260 83.5615 81.8338 93.9630 118.4210 158.1105 137.6519 56.5427 50.2344 144.7721 139.2822 50.9771 163.8018 128.8957 69.0284 207.9856 125.6371 136.2607 95.7328 41.2883 53.9284 60.2855 193.1684 137.6869 59.5609 66.9286 54.9041 49.1289 15.3338 127.8608 105.8186 106.6632 135.6161 84.2693 98.3027 147.4362 184.8826 136.9872 77.0355 118.6400 128.0992 145.7832 111.7374 152.6919 53.8059 195.0492 30.2166 79.0745 54.2560 141.7631 36.3802 53.2938 109.2267 116.2535 66.1553 42.0382
121.7683 82.1477 86.8045 114.5424 159.2020 214.0592 124.3456 159.5713 151.9598 147.1484 206.2747 28.1750 59.9654 183.9941 0.0000 65.7173 30.6350 17.9158 74.5180 80.3028 148.3414 108.6927 224.0034 42.3100 113.9870 224.0175 23.2314 113.6831 98.5650 80.7127 110.8182 56.1709 168.3938 96.0353 69.7727 201.0662 233.1920 24.2175 156.8410 31.4253 206.6136 147.7226 132.4293 75.5178 131.9572 63.9656 253.8108 67.2964 191.7150 40.1916 86.0270 197.6602 138.8355 115.0393 198.1610 210.1500 91.3168 137.2797 109.4314 154.3258 62.9098 25.6428 165.7610 157.1741 129.3714 145.9455 134.1350 138.5425 118.8075 152.3528 56.2921 210.3079 67.0866 114.3527 126.7591 183.5013 150.9648 187.6301 141.4050 120.4104
135.3758 148.7809 77.7267 180.9086 16.6771 170.8114 81.4082 167.3045 55.6200 56.9452 46.6275 137.3594 2.1306 13.6501 65.7173 0.0000 57.4605 161.4615 89.4965 45.4274 99.7808 80.3107 97.8288 69.0845 168.7380 67.5068 111.6048 84.3900 66.7119 88.5694 264.2594 44.7130 63.9552 6.2591 149.5582 93.8054 40.5023 178.3305 130.9718 83.9790 110.5111 16.1264 178.0030 178.0231 165.5299 73.6544 71.8015 50.8240 15.4800 60.0607 145.0371 125.4739 120.4097 149.2836 61.1691 79.3615 115.9405 130.8520 7.5195 165.6149 44.6658 55.3222 74.7486 212.0881 203.7947 131.8061 154.2230 131.6763 39.6535 91.8624 70.8729 58.4214 33.9201 138.9691 40.6404 61.7191 122.7609 101.6541 111.8475 22.7461
12.9597 78.6260 8.9573 26.6640 193.3335 67.2035 131.3597 126.1825 93.7512 105.4284 49.8998 63.7437 33.2433 166.0026 30.6350 57.4605 0.0000 143.2520 95.7196 109.1160 119.6156 179.7913 20.0421 140.9838 93.4578 70.6783 32.2399 8.9325 84.6550 193.0819 123.2501 22.1858 178.1773 143.4434 158.5391 176.9324 45.7984 116.6799 231.2209 216.5193 43.1312 97.5711 102.4741 183.5359 181.6223 107.0791 127.4494 212.0365 98.9885 106.5492 96.9272 166.7705 156.9386 57.7732 178.3542 198.8158 217.6796 104.3858 100.3472 0.6162 53.1424 162.6285 39.1980 133.0554 225.5922 95.7000 91.2749 59.7083 111.3362 63.8669 51.1894 75.7500 146.9638 19.9733 153.6342 129.6354 153.2720 58.5319 136.6540 165.8195
188.0817 150.2158 129.7646 67.9845 135.8026 108.7241 38.8555 86.7621 42.8275 219.2904 188.1180 156.7272 96.1075 142.4589 17.9158 161.4615 143.2520 0.0000 107.2286 73.7804 145.5661 46.4332 120.2624 77.6850 66.5618 54.3728 19.5645 117.5589 23.0501 160.0053 48.9909 57.7785 98.3520 122.3487 87.2698 55.9628 226.3575 15.3247 149.8418 124.5490 133.9225 116.5199 110.3890 19.4720 55.6687 138.3453 150.1337 133.0904 18.2129 125.9330 84.7702 159.3991 73.4604 157.9135 105.4714 161.4310 201.1261 58.8584 85.3814 31.1982 162.7026 117.5019 127.9923 115.8098 86.1950 159.8098 31.6250 93.7085 43.2830 50.1852 122.5081 65.1266 74.9980 139.3462 75.2680 71.6220 78.6467 284.5385 101.3705 140.4785
90.3603 65.9928 169.5863 134.3884 111.7935 159.1046 90.6198 114.6775 58.8098 91.6306 173.7107 69.2294 123.1269 43.8922 74.5180 89.4965 95.7196 107.2286 0.0000 178.0172 96.4317 187.0264 180.3910 119.6800 78.2219 109.4474 51.3154 109.4580 65.3670 164.6295 46.6670 171.7328 82.8381 55.0750 55.1544 69.8065 162.6706 10.9991 104.3027 176.9663 166.0144 157.0097 58.6106 115.4132 123.0437 27.7184 61.1220 38.4652 18.7390 67.2599 72.7776 164.4714 1.0498 116.2645 95.3929 141.3626 44.3747 161.5512 105.2671 93.8052 53.7838 50.7208 194.9669 126.9894 82.6661 158.9314 105.2320 142.2225 144.3727 108.1229 77.2626 133.5223 13.9432 101.7300 126.0824 68.3397 20.5542 62.0113 51.6741 131.9161
83.2809 101.5544 76.9595 87.2265 155.1536 60.8121 84.5119 40.4120 64.4384 119.3710 133.8609 163.6637 95.4148 187.7433 80.3028 45.4274 109.1160 73.7804 178.0172 0.0000 105.8237 54.7550 137.1310 52.7155 33.2260 36.7728 75.1824 120.9331 69.5015 236.3920 12.7322 160.7140 66.2253 106.5075 183.8963 184.0821 135.8618 132.6455 37.8155 70.7643 142.7440 12.7405 66.6950 65.9279 217.6510 67.0029 154.5717 132.9824 83.1381 155.4595 58.3225 55.1528 104.7423 130.5001 148.0850 159.4794 133.4573 47.2098 54.5385 89.9995 185.4615 54.2347 162.7928 177.3824 155.9315 119.3492 17.4752 37.2926 57.4855 34.2321 117.7563 122.3458 216.6009 92.5246 93.2631 128.7976 155.4102 126.5387 183.9768 48.0945
43.0215 101.4707 121.4405 176.6102 94.7798 70.9345 228.1190 116.7784 95.9782 103.9378 156.4035 136.7018 124.6585 96.8016 148.3414 99.7808 119.6156 145.5661 96.4317 105.8237 0.0000 177.8724 103.1068 120.7580 121.6077 98.2041 55.9670 109.2582 44.0245 73.9430 48.4429 83.4762 140.9651 45.4303 62.7207 103.7550 87.7316 138.4825 164.7585 170.3232 122.5000 133.1988 70.0917 148.0192 100.0290 115.1669 26.8379 176.4576 193.5182 98.1594 36.3146 79.4760 48.1495 110.3281 119.3912 229.4443 67.0693 199.6968 78.9889 87.9323 153.9616 128.9495 13.5931 92.6860 186.8183 86.7113 158.7171 72.4697 152.6560 104.9973 160.3530 167.8382 150.0641 75.9796 127.7288 84.0902 153.0097 80.9154 56.0608 70.9053
15.4834 127.3062 68.3809 124.1375 141.4386 189.8578 159.0416 44.0549 149.2931 157.2483 166.5247 104.8912 105.7584 32.3803 108.6927 80.3107 179.7913 46.4332 187.0264 54.7550 177.8724 0.0000 48.3975 110.6758 41.9152 133.2705 24.1017 98.7206 129.5990 62.0853 88.1860 143.6715 108.8245 127.6175 93.8274 184.8809 70.3184 132.0347 136.2125 130.9681 165.7423 86.8764 154.5858 34.3608 151.8585 53.9838 133.3964 59.1078 103.6112 105.2742 40.4105 50.3909 95.9878 103.6441 98.9293 19.7850 63.5215 203.8543 155.4209 126.0107 46.1702 15.1224 237.9013 105.1252 195.2930 101.5519 135.8131 72.1163 185.5797 39.3006 39.5824 112.9783 71.7901 101.3264 147.9292 123.4719 47.7938 56.8730 116.7329 36.1580
56.5182 45.8719 68.6421 82.5196 49.8369 165.2450 82.7539 76.0735 148.5266 82.8282 65.7862 178.5571 89.8326 199.9319 224.0034 97.8288 20.0421 120.2624 180.3910 137.1310 103.1068 48.3975 0.0000 92.4969 226.6450 179.0686 112.6653 104.9133 97.8829 86.4918 66.8299 172.1550 59.7489 62.1214 127.7800 19.1043 137.9149 44.3061 7.1399 79.0592 67.5219 33.8511 221.2724 183.6165 137.9091 34.3757 86.5160 144.7387 99.4825 189.7482 88.0237 172.8691 116.7714 87.1727 286.8373 99.6976 88.2537 78.1702 178.4045 111.6349 81.5728 17.6545 1.2749 126.5611 1.9553 23.3427 58.7805 30.5499 9.8706 120.9315 71.0375 59.0038 158.8140 101.1252 171.3844 120.3668 143.3048 192.5750 89.3182 39.0951
21.2136 63.4133 86.7525 189.2052 13.9947 207.3236 105.0497 99.6075 50.2764 106.0517 33.0143 157.7442 185.8060 119.8757 42.3100 69.0845 140.9838 77.6850 119.6800 52.7155 120.7580 110.6758 92.4969 0.0000 108.4224 51.9274 72.7342 98.3476 85.7829 58.5362 58.6613 70.5057 108.7977 51.9067 97.0987 101.8878 110.1959 23.4466 159.0146 180.1027 146.5071 148.5427 40.6419 80.5415 137.2397 100.4585 144.3280 102.1993 97.2822 114.3098 162.6817 70.8576 125.9065 146.2918 144.5362 43.2286 91.4845 142.3604 106.1431 114.3647 154.6121 142.2427 120.7689 119.8031 18.8109 122.6045 210.4976 121.5363 115.1041 114.8337 88.3661 70.7264 111.2697 170.7226 97.9938 92.6541 44.4975 140.0929 132.0336 122.5896
90.5167 123.0699 131.7765 218.6608 6.2469 113.7033 81.2956 36.6740 190.5653 187.8079 93.3207 105.6476 109.1466 141.0260 113.9870 168.7380 93.4578 66.5618 78.2219 33.2260 121.6077 41.9152 226.6450 108.4224 0.0000 127.4195 43.2342 161.9061 87.5561 109.4402 128.5926 195.0678 221.3183 180.6874 7.5951 113.2146 120.6618 10.0476 34.3635 72.7974 109.6579 17.9784 114.0881 44.9365 131.3057 86.1696 55.8025 21.0764 57.3505 6.1573 195.2316 24.2015 196.9616 20.6812 36.6032 13.3187 192.7132 233.5057 29.5959 167.7519 30.4110 128.3788 154.1935 172.7429 123.7556 141.4188 149.9016 228.2288 22.5822 59.0484 167.7263 208.3256 107.9738 140.2972 94.8914 104.6553 97.0991 94.2074 125.1206 69.2243
60.2383 19.4936 100.4537 58.5260 108.0383 161.2797 49.3902 157.1376 90.4880 58.3418 134.9944 115.4463 124.0841 83.5615 224.0175 67.5068 70.6783 54.3728 109.4474 36.7728 98.2041 133.2705 179.0686 51.9274 127.4195 0.0000 227.6453 23.9209 71.0782 83.1892 192.3646 110.6632 91.7067 74.7436 95.6624 148.8871 36.8131 51.6455 25.8684 113.8177 61.1531 120.4898 81.8730 32.8752 254.9008 59.3171 113.4918 63.6054 120.7177 175.0688 90.9470 34.4787 142.4515 161.3714 144.4521 111.5565 57.1463 123.5442 93.0443 27.1411 140.8285 92.5682 112.9274 65.9932 88.1039 176.0918 74.2081 47.4065 159.0449 51.6344 97.4713 57.4294 83.4386 231.8284 100.4445 103.6019 81.6793 197.3197 187.8989 61.5553
9.0077 71.2672 105.0483 222.6851 142.0884 127.3085 50.9530 146.6746 121.0263 150.9643 105.1428 106.1923 121.8109 81.8338 23.2314 111.6048 32.2399 19.5645 51.3154 75.1824 55.9670 24.1017 112.6653 72.7342 43.2342 227.6453 0.0000 86.6277 80.9470 65.0309 74.7455 145.5024 162.6262 179.1418 157.8214 134.6343 136.3215 108.7239 296.7834 198.1464 143.4791 114.1142 67.7453 55.9422 89.6349 204.4059 11.0668 73.8738 98.5625 91.6404 202.4625 106.0791 141.7444 62.1099 174.5535 200.0954 162.3237 133.7605 262.5018 213.4440 133.4782 164.8894 77.3508 55.9796 158.4824 127.8552 113.8690 122.3635 105.3592 95.1412 91.5794 139.1471 146.8961 112.0273 108.9764 42.4494 69.5553 61.7625 180.3516 137.9790
140.0762 152.3746 145.2622 98.8445 21.5091 177.8432 92.9465 141.4150 103.6590 143.3791 183.4849 106.0020 47.7216 93.9630 113.6831 84.3900 8.9325 117.5589 109.4580 120.9331 109.2582 98.7206 104.9133 98.3476 161.9061 23.9209 86.6277 0.0000 5.7292 117.0757 8.3856 92.6547 44.2318 211.8133 39.8635 87.4618 188.5370 107.1630 81.4639 80.4899 98.5436 189.4673 31.7217 117.3530 185.5042 48.8334 188.1996 143.6255 13.3339 124.0099 94.8695 86.6877 79.2191 180.5567 102.9279 182.6244 137.8229 1.0105 72.8930 145.4136 64.9442 74.7932 179.3912 140.2327 189.1744 161.8227 185.0714 183.2529 76.9239 60.6741 190.1554 84.5906 123.4406 25.3183 81.6070 135.7219 164.7258 102.9898 116.9975 105.8413
145.7922 124.1075 82.1550 76.7324 103.6931 84.3944 144.4613 92.7691 169.0296 90.8251 34.1201 140.7841 69.2613 118.4210 98.5650 66.7119 84.6550 23.0501 65.3670 69.5015 44.0245 129.5990 97.8829 85.7829 87.5561 71.0782 80.9470 5.7292 0.0000 70.1422 149.2323 220.0710 185.3422 155.6838 35.7338 43.0401 42.0375 206.0858 97.3554 174.6278 121.7414 206.8322 18.7612 58.9603 49.1971 65.3821 56.6095 121.5996 118.1791 97.3087 118.4807 66.6240 65.5398 150.8177 188.0648 191.0216 199.0928 138.2770 127.9101 142.1192 158.1760 189.5772 167.7801 61.3833 60.0029 60.6591 73.0290 52.7087 7.8372 45.8054 190.3894 102.3599 95.0848 27.6839 21.6622 75.3143 147.1784 99.8544 193.8936 149.2366
137.3726 96.4032 125.2417 252.2896 135.3136 44.4546 197.0507 79.4018 21.0808 155.1736 45.4030 84.0456 113.3426 158.1105 80.7127 88.5694 193.0819 160.0053 164.6295 236.3920 73.9430 62.0853 86.4918 58.5362 109.4402 83.1892 65.0309 117.0757 70.1422 0.0000 125.5942 61.9885 164.4875 105.0169 7.3583 97.3473 94.6347 37.6570 129.7755 141.2294 98.4858 39.7845 143.4392 62.9158 131.6489 149.0352 125.2756 122.7452 123.0061 151.8358 69.5921 76.5575 75.3564 146.4976 151.7312 25.1506 126.8799 42.6371 89.1900 179.4280 6.5528 25.2096 201.6003 65.8691 21.6877 102.0034 22.3262 139.7494 160.6460 92.1099 195.3216 122.3331 21.9312 88.9684 109.3747 110.5816 118.4225 96.6950 181.8037 118.1892
81.4400 167.0740 143.0851 151.4471 36.6073 56.8165 95.0357 108.1470 140.6767 45.0260 95.3842 88.5872 2.9068 137.6519 110.8182 264.2594 123.2501 48.9909 46.6670 12.7322 48.4429 88.1860 66.8299 58.6613 128.5926 192.3646 74.7455 8.3856 149.2323 125.5942 0.0000 16.9264 66.8959 68.2814 89.6232 16.1825 143.5337 134.4493 64.9018 60.9662 76.9335 129.4201 123.5960 67.8119 171.6202 140.9152 13.7646 75.1574 139.9121 93.2107 37.2067 215.7010 95.8648 32.2925 3.4632 110.8934 192.1637 78.9878 4.7230 191.2599 109.4123 152.5140 29.2917 167.8777 133.1723 120.4404 111.1877 130.2417 158.9200 59.1003 58.5808 6.7095 24.6534 18.3043 64.5613 68.5377 115.3522 59.5916 110.0980 89.2156
41.5280 114.5568 91.4428 109.3498 55.3290 121.3940 112.7159 103.1872 124.9342 297.6155 78.6141 168.8784 78.7246 56.5427 56.1709 44.7130 22.1858 57.7785 171.7328 160.7140 83.4762 143.6715 172.1550 70.5057 195.0678 110.6632 145.5024 92.6547 220.0710 61.9885 16.9264 0.0000 45.4385 87.4703 70.3356 27.4525 118.6032 131.5075 104.0515 160.1241 119.5281 39.5665 6.0166 200.4409 24.0928 33.8347 231.4728 116.3280 143.1082 47.1158 71.7288 16.0166 172.4509 161.8752 16.4044 93.4809 88.8374 178.5842 36.7249 49.3854 132.8478 80.0837 184.5055 115.8015 136.1489 128.6548 31.0384 33.4075 123.8284 34.2016 14.7529 56.9638 90.2722 155.6649 76.0831 133.1195 87.5317 188.6919 30.7458 43.7191
195.2485 58.2858 85.4944 116.0150 188.4688 113.1623 93.5249 198.6781 73.9737 29.6655 121.2172 228.7972 150.2870 50.2344 168.3938 63.9552 178.1773 98.3520 82.8381 66.2253 140.9651 108.8245 59.7489 108.7977 221.3183 91.7067 162.6262 44.2318 185.3422 164.4875 66.8959 45.4385 0.0000 216.6133 77.7984 68.0932 110.2403 91.5546 122.5753 82.3067 192.1643 173.6776 175.0405 31.2997 90.6539 148.9326 136.6037 105.9830 6.5963 150.9730 176.1272 161.1455 37.5754 75.7897 162.7777 117.5118 70.7916 69.6862 127.9613 110.7202 136.1321 105.6025 77.9041 170.5768 191.7673 67.4004 131.0682 112.9507 160.2590 136.3914 129.3696 112.8077 104.4313 80.6203 133.0315 101.4682 196.8072 58.5100 76.4574 145.3210
146.1732 56.2168 47.5861 92.0274 133.2398 17.3669 10.2031 3.2598 127.3122 158.1475 223.5778 89.7992 172.5916 144.7721 96.0353 6.2591 143.4434 122.3487 55.0750 106.5075 45.4303 127.6175 62.1214 51.9067 180.6874 74.7436 179.1418 211.8133 155.6838 105.0169 68.2814 87.4703 216.6133 0.0000 201.9597 56.4490 169.5131 1.6154 162.8484 122.2945 115.7983 70.3742 68.3153 121.7682 107.4579 116.9375 35.6994 179.6100 80.9277 151.4839 121.5042 128.2015 73.8987 102.7102 42.7501 96.4289 104.4761 2.6305 137.2811 100.0603 112.0992 4.7991 4.6799 172.6529 26.6803 118.9047 98.0104 46.1462 44.2020 62.5014 129.7892 29.5274 175.6544 7.4491 52.0633 99.3378 119.6050 49.5119 80.6606 22.4053
159.3439 72.6165 97.5658 65.2581 97.8509 64.0850 59.5391 110.3818 121.6733 69.8884 110.7858 219.7994 111.1159 139.2822 69.7727 149.5582 158.5391 87.2698 55.1544 183.8963 62.7207 93.8274 127.7800 97.0987 7.5951 95.6624 157.8214 39.8635 35.7338 7.3583 89.6232 70.3356 77.7984 201.9597 0.0000 16.7862 98.4183 142.0958 22.2047 106.6465 135.7618 89.4146 134.1578 99.6065 136.5451 157.2037 165.7277 97.8628 34.5198 55.1691 103.4295 56.5661 189.5041 165.1795 193.7876 29.7691 68.3371 166.5158 143.9530 59.9389 96.4777 34.2257 66.3756 120.8832 133.1767 64.7672 55.3034 159.7387 108.2484 160.2963 154.3537 150.6799 113.4191 167.6411 128.0194 174.0143 131.0940 170.7192 26.2174 84.6659
81.5013 103.2390 72.7735 71.8033 163.6775 192.0998 145.1471 103.3031 129.9426 217.6333 187.0386 115.0655 131.6271 50.9771 201.0662 93.8054 176.9324 55.9628 69.8065 184.0821 103.7550 184.8809 19.1043 101.8878 113.2146 148.8871 134.6343 87.4618 43.0401 97.3473 16.1825 27.4525 68.0932 56.4490 16.7862 0.0000 84.9748 94.3959 108.6522 83.8450 39.9403 107.6300 96.8795 203.6618 215.7463 176.2714 10.8235 44.7855 177.6862 127.6281 94.1985 60.4605 115.3677 23.7396 146.3198 171.9989 144.8558 49.0029 66.6250 190.9648 49.6177 108.0514 112.4010 148.6950 97.3219 96.4042 132.4716 40.3671 194.7228 130.2878 143.5800 161.3329 52.1466 69.2121 124.5665 36.5495 162.2677 79.8662 106.4240 67.5608
137.6468 69.5129 123.1713 6.6637 82.4382 42.6031 162.1468 54.0790 84.2099 140.0341 32.3855 87.6463 213.5166 163.8018 233.1920 40.5023 45.7984 226.3575 162.6706 135.8618 87.7316 70.3184 137.9149 110.1959 120.6618 36.8131 136.3215 188.5370 42.0375 94.6347 143.5337 118.6032 110.2403 169.5131 98.4183 84.9748 0.0000 29.2464 6.1180 44.8397 64.4700 119.4445 248.3203 95.3179 111.8691 177.1408 111.3903 63.0774 96.3151 42.3049 8.3010 157.9573 141.2478 57.9502 81.4138 81.1592 127.5519 147.5469 142.3727 100.6921 94.9342 148.3933 93.4146 127.9557 75.3266 126.5597 98.9251 145.0958 72.5184 140.3969 75.8422 57.0749 119.3137 75.9836 100.9166 149.8081 57.0310 133.2935 130.1383 94.8116
77.6003 130.8301 8.4898 37.1327 53.2162 109.3611 104.2864 73.9669 99.7287 119.0415 108.9405 183.8518 47.6108 128.8957 24.2175 178.3305 116.6799 15.3247 10.9991 132.6455 138.4825 132.0347 44.3061 23.4466 10.0476 51.6455 108.7239 107.1630 206.0858 37.6570 134.4493 131.5075 91.5546 1.6154 142.0958 94.3959 29.2464 0.0000 110.6827 50.7860 85.7034 38.1411 95.4039 203.8154 42.3493 219.2245 85.4869 158.7713 166.4010 15.8684 83.3397 119.6167 97.6977 129.7152 69.6480 55.8287 20.4348 45.2822 17.9514 117.7306 39.8420 48.1756 165.8186 167.9194 107.0248 109.3863 88.4781 71.4325 170.1518 40.6187 91.9746 93.3772 179.4198 57.0307 222.6933 175.2370 80.2585 49.1169 157.7580 96.6907
57.7423 156.1802 3.7173 138.7876 111.7302 26.3018 26.3158 30.2160 205.6939 155.0173 127.8563 247.6613 138.8225 69.0284 156.8410 130.9718 231.2209 149.8418 104.3027 37.8155 164.7585 136.2125 7.1399 159.0146 34.3635 25.8684 296.7834 81.4639 97.3554 129.7755 64.9018 104.0515 122.5753 162.8484 22.2047 108.6522 6.1180 110.6827 0.0000 199.2285 113.5934 78.6345 120.0872 110.7830 121.5848 181.7872 54.0556 55.0113 171.5732 66.7530 139.2475 182.9921 199.3536 35.6788 58.3639 139.1359 38.1567 192.3769 74.7323 98.8001 22.8196 95.3973 142.3966 57.9110 24.9842 74.6935 81.2619 99.7685 145.1759 59.8304 65.0279 229.9456 47.1297 73.1435 184.5997 159.6200 76.1309 117.9490 82.0503 21.0452
103.7136 29.0691 75.5063 190.2328 47.6876 100.1745 150.9878 144.1185 98.2858 99.0230 127.5968 80.5320 117.6916 207.9856 31.4253 83.9790 216.5193 124.5490 176.9663 70.7643 170.3232 130.9681 79.0592 180.1027 72.7974 113.8177 198.1464 80.4899 174.6278 141.2294 60.9662 160.1241 82.3067 122.2945 106.6465 83.8450 44.8397 50.7860 199.2285 0.0000 110.9712 97.0031 122.9269 40.8952 89.1009 106.2944 68.8655 14.8723 191.6055 118.8915 124.0369 101.7344 45.3093 151.8984 115.4183 64.4750 152.3334 50.3758 75.3309 153.2143 123.0493 179.5058 81.1848 38.9447 201.8577 144.7321 88.6360 38.1174 196.2584 106.3378 70.4280 154.3681 190.5135 103.5345 117.9797 74.3916 54.4960 122.7614 49.1545 128.0094
165.7081 28.2149 31.3807 158.8198 169.4744 187.4945 59.2435 115.7432 59.8655 40.5341 148.5917 43.8304 124.1330 125.6371 206.6136 110.5111 43.1312 133.9225 166.0144 142.7440 122.5000 165.7423 67.5219 146.5071 109.6579 61.1531 143.4791 98.5436 121.7414 98.4858 76.9335 119.5281 192.1643 115.7983 135.7618 39.9403 64.4700 85.7034 113.5934 110.9712 0.0000 35.0199 150.6867 128.1315 93.3650 185.9583 1.8867 97.6920 175.5804 78.4202 29.9307 67.7514 140.4333 40.5139 114.1038 164.9610 19.5412 24.7126 77.8397 21.2091 175.6088 145.7356 0.2590 135.2174 65.3371 126.1651 188.5068 90.8603 111.0981 187.1266 71.2729 30.1137 39.5558 73.2115 175.1382 120.3806 45.2055 136.4810 97.0121 213.5524
135.4413 169.3146 33.9185 48.5438 28.9429 67.2762 150.6917 69.6507 115.5790 19.7309 156.9059 156.9572 59.0872 136.2607 147.7226 16.1264 97.5711 116.5199 157.0097 12.7405 133.1988 86.8764 33.8511 148.5427 17.9784 120.4898 114.1142 189.4673 206.8322 39.7845 129.4201 39.5665 173.6776 70.3742 89.4146 107.6300 119.4445 38.1411 78.6345 97.0031 35.0199 0.0000 103.4184 30.7508 227.6588 113.8122 23.6109 3.5768 149.8226 84.5736 66.3523 163.6796 172.0046 165.7222 106.6923 35.4839 170.7212 100.2912 142.1655 48.5428 100.1206 117.4795 25.5433 52.7977 119.3058 159.3631 136.7159 168.4371 95.6422 93.0097 117.9259 48.1051 154.8337 168.4149 222.9817 48.0360 21.3675 145.8899 25.7699 7.6268
45.2851 49.1353 62.5266 101.9621 54.2102 105.3020 77.6332 88.5207 80.6337 118.7624 130.0065 80.1343 85.3838 95.7328 132.4293 178.0030 102.4741 110.3890 58.6106 66.6950 70.0917 154.5858 221.2724 40.6419 114.0881 81.8730 67.7453 31.7217 18.7612 143.4392 123.5960 6.0166 175.0405 68.3153 134.1578 96.8795 248.3203 95.4039 120.0872 122.9269 150.6867 103.4184 0.0000 79.7259 121.7876 121.7788 125.8422 28.2253 131.0871 76.0191 66.1052 119.9131 91.3916 110.1959 111.4471 68.8898 100.7389 85.7983 84.9684 14.9073 93.3005 97.9363 144.9769 85.1253 85.8305 187.0287 110.3268 49.2086 143.8710 202.1180 140.7243 86.5448 139.1951 27.5691 75.7519 111.4732 146.4593 180.4721 47.7894 55.1789
157.6690 138.8931 84.8655 41.7945 164.0627 81.5905 117.9497 73.0588 234.7680 86.2723 126.1831 64.0907 103.5480 41.2883 75.5178 178.0231 183.5359 19.4720 115.4132 65.9279 148.0192 34.3608 183.6165 80.5415 44.9365 32.8752 55.9422 117.3530 58.9603 62.9158 67.8119 200.4409 31.2997 121.7682 99.6065 203.6618 95.3179 203.8154 110.7830 40.8952 128.1315 30.7508 79.7259 0.0000 23.7699 18.0630 90.8817 9.6882 28.9910 79.4474 121.0677 130.2930 189.7552 142.9974 92.1993 131.4012 130.0889 59.4782 11.3885 229.9703 183.0251 142.4746 165.2888 60.7889 69.8528 74.5172 88.2133 56.6974 33.6718 23.6728 116.9807 82.3103 122.4943 202.7347 69.0220 30.4553 156.4476 43.1221 117.0108 165.9525
257.8379 20.3726 77.1329 108.8222 79.1663 93.0940 114.6492 105.9411 30.2439 95.5070 154.2736 144.8574 149.5224 53.9284 131.9572 165.5299 181.6223 55.6687 123.0437 217.6510 100.0290 151.8585 137.9091 137.2397 131.3057 254.9008 89.6349 185.5042 49.1971 131.6489 171.6202 24.0928 90.6539 107.4579 136.5451 215.7463 111.8691 42.3493 121.5848 89.1009 93.3650 227.6588 121.7876 23.7699 0.0000 146.6016 68.7914 129.0374 134.1235 67.5124 91.2323 86.0206 84.7934 62.2279 161.5889 62.6297 55.6961 113.2420 135.5902 41.1391 34.7638 103.0960 63.0773 134.7415 94.4019 117.7206 81.5841 158.0738 119.3174 144.5846 109.7866 46.4226 138.2305 57.4763 95.7556 123.3271 62.4346 183.7655 127.9296 119.3122
152.1945 124.6051 83.0938 148.1824 222.7190 2.0811 147.3924 96.9941 1.3353 107.9520 215.7064 47.0800 73.0975 60.2855 63.9656 73.6544 107.0791 138.3453 27.7184 67.0029 115.1669 53.9838 34.3757 100.4585 86.1696 59.3171 204.4059 48.8334 65.3821 149.0352 140.9152 33.8347 148.9326 116.9375 157.2037 176.2714 177.1408 219.2245 181.7872 106.2944 185.9583 113.8122 121.7788 18.0630 146.6016 0.0000 2.4586 106.0134 162.8553 65.9496 40.9994 32.5967 117.7232 140.4619 32.2732 78.6441 55.8740 154.6902 156.8223 81.7968 11.9247 151.0526 21.2618 206.3453 104.3644 68.0751 26.2148 13.0729 100.7557 66.7690 13.0866 1.0548 179.4818 119.7101 11.8694 74.6115 155.8718 152.9717 74.4007 73.8738
123.0219 79.6645 139.4609 149.4111 75.3723 165.0700 84.1458 101.0217 132.9402 119.0997 51.6692 71.7144 187.0161 193.1684 253.8108 71.8015 127.4494 150.1337 61.1220 154.5717 26.8379 133.3964 86.5160 144.3280 55.8025 113.4918 11.0668 188.1996 56.6095 125.2756 13.7646 231.4728 136.6037 35.6994 165.7277 10.8235 111.3903 85.4869 54.0556 68.8655 1.8867 23.6109 125.8422 90.8817 68.7914 2.4586 0.0000 22.5019 157.6242 26.3080 1.0079 103.6682 112.5096 125.6158 105.7912 141.4030 226.3440 94.7271 127.8091 21.0693 127.4855 101.1729 296.1759 88.2544 97.4396 110.8947 134.2952 129.2446 101.0909 108.1835 71.5645 152.7174 161.3060 111.4285 139.4381 69.2702 74.0138 123.9517 60.9132 146.1820
142.1776 69.8646 103.3035 157.4524 128.7817 105.6674 155.9203 40.6083 148.7855 125.2937 19.4840 48.5984 133.9169 137.6869 67.2964 50.8240 212.0365 133.0904 38.4652 132.9824 176.4576 59.1078 144.7387 102.1993 21.0764 63.6054 73.8738 143.6255 121.5996 122.7452 75.1574 116.3280 105.9830 179.6100 97.8628 44.7855 63.0774 158.7713 55.0113 14.8723 97.6920 3.5768 28.2253 9.6882 129.0374 106.0134 22.5019 0.0000 40.8402 91.1053 179.3785 63.0077 69.2924 161.9382 71.8457 62.2205 114.5243 116.7613 79.5944 56.3138 109.8437 181.8386 113.7300 65.4696 173.4873 117.0458 108.1038 175.4856 55.9418 39.0224 143.9304 105.6840 111.0845 51.4438 230.2905 139.6758 21.8833 178.8377 92.4597 48.3365
171.4515 74.4609 156.6219 84.1109 183.0998 186.8670 96.3812 84.8562 63.5661 134.1870 99.7689 105.2672 43.0456 59.5609 191.7150 15.4800 98.9885 18.2129 18.7390 83.1381 193.5182 103.6112 99.4825 97.2822 57.3505 120.7177 98.5625 13.3339 118.1791 123.0061 139.9121 143.1082 6.5963 80.9277 34.5198 177.6862 96.3151 166.4010 171.5732 191.6055 175.5804 149.8226 131.0871 28.9910 134.1235 162.8553 157.6242 40.8402 0.0000 89.4249 62.9521 158.9959 149.5628 67.0467 167.0091 27.6262 90.5703 66.1187 119.5803 87.1009 21.7684 91.3850 174.8138 175.6690 120.2237 127.9824 82.4344 108.5461 148.1447 119.3792 151.5743 52.7127 158.0609 140.5397 111.0436 61.0364 121.0281 74.7669 163.2085 83.1408
76.9526 110.4492 53.1946 120.4628 152.6904 67.1761 67.8737 121.2750 19.0100 210.2936 95.6838 102.9521 239.7998 66.9286 40.1916 60.0607 106.5492 125.9330 67.2599 155.4595 98.1594 105.2742 189.7482 114.3098 6.1573 175.0688 91.6404 124.0099 97.3087 151.8358 93.2107 47.1158 150.9730 151.4839 55.1691 127.6281 42.3049 15.8684 66.7530 118.8915 78.4202 84.5736 76.0191 79.4474 67.5124 65.9496 26.3080 91.1053 89.4249 0.0000 111.3497 266.8386 131.4181 19.4563 91.1993 135.6053 97.3240 20.1015 163.9453 155.8021 98.0063 142.9135 68.6911 67.6706 201.1292 111.6404 197.2161 45.6881 58.3553 82.3122 106.7952 41.1175 175.8123 52.5612 180.7464 155.4708 209.1728 195.4158 63.9685 168.4091
128.6199 67.9001 146.4222 25.6577 95.6397 52.5517 184.5967 94.8358 117.3847 67.6476 54.8302 101.4471 283.0975 54.9041 86.0270 145.0371 96.9272 84.7702 72.7776 58.3225 36.3146 40.4105 88.0237 162.6817 195.2316 90.9470 202.4625 94.8695 118.4807 69.5921 37.2067 71.7288 176.1272 121.5042 103.4295 94.1985 8.3010 83.3397 139.2475 124.0369 29.9307 66.3523 66.1052 121.0677 91.2323 40.9994 1.0079 179.3785 62.9521 111.3497 0.0000 180.7749 40.9013 83.1820 179.5764 101.0028 36.1932 131.6697 99.6781 215.0406 146.6559 104.3143 121.1856 106.5885 152.8721 227.7357 152.8321 143.6282 112.0770 53.3383 174.0819 124.7062 47.3675 57.4429 85.5287 105.1686 13.8185 204.5003 98.0338 101.7382
60.1700 186.5049 74.4519 73.7953 96.0970 87.3033 60.9717 99.0799 124.6643 240.9464 143.6465 126.6083 99.7751 49.1289 197.6602 125.4739 166.7705 159.3991 164.4714 55.1528 79.4760 50.3909 172.8691 70.8576 24.2015 34.4787 106.0791 86.6877 66.6240 76.5575 215.7010 16.0166 161.1455 128.2015 56.5661 60.4605 157.9573 119.6167 182.9921 101.7344 67.7514 163.6796 119.9131 130.2930 86.0206 32.5967 103.6682 63.0077 158.9959 266.8386 180.7749 0.0000 43.9487 105.5861 81.9504 87.8100 134.8217 90.1088 153.9058 75.8779 59.3553 48.7099 160.7385 143.4477 102.6959 131.3283 16.7225 105.3981 5.0489 88.5082 162.6814 91.0070 103.8328 215.4209 89.4966 46.7859 106.8667 175.9302 177.4561 97.9331
118.0745 177.9359 162.2638 105.8272 143.0508 77.9273 36.2514 57.0824 105.8547 57.8768 241.1366 82.9631 155.9152 15.3338 138.8355 120.4097 156.9386 73.4604 1.0498 104.7423 48.1495 95.9878 116.7714 125.9065 196.9616 142.4515 141.7444 79.2191 65.5398 75.3564 95.8648 172.4509 37.5754 73.8987 189.5041 115.3677 141.2478 97.6977 199.3536 45.3093 140.4333 172.0046 91.3916 189.7552 84.7934 117.7232 112.5096 69.2924 149.5628 131.4181 40.9013 43.9487 0.0000 104.2896 128.4390 117.2173 142.2222 53.2935 131.5919 160.8511 66.7756 125.2155 33.5170 108.7876 139.6547 53.5215 115.1517 40.2602 94.4496 220.2310 23.1310 135.2363 68.0302 128.7027 89.9534 123.8664 172.7071 158.1581 92.6301 43.2424
140.0409 56.0979 177.0128 119.7568 77.1247 85.9104 119.0827 228.2854 247.6910 139.5793 108.7772 167.4789 42.1413 127.8608 115.0393 149.2836 57.7732 157.9135 116.2645 130.5001 110.3281 103.6441 87.1727 146.2918 20.6812 161.3714 62.1099 180.5567 150.8177 146.4976 32.2925 161.8752 75.7897 102.7102 165.1795 23.7396 57.9502 129.7152 35.6788 151.8984 40.5139 165.7222 110.1959 142.9974 62.2279 140.4619 125.6158 161.9382 67.0467 19.4563 83.1820 105.5861 104.2896 0.0000 69.0806 77.3339 59.0964 33.0628 102.5794 34.9739 197.0394 66.8330 160.2124 128.7757 9.6514 139.7302 193.4881 54.7594 146.8196 113.7147 287.1857 98.9508 159.3588 156.0154 166.9690 52.2705 144.6077 45.6413 207.7662 40.1300
117.9836 79.8013 143.4741 137.4863 173.3283 158.1699 187.0029 262.7925 149.8765 75.9693 138.4227 131.4774 53.9430 105.8186 198.1610 61.1691 178.3542 105.4714 95.3929 148.0850 119.3912 98.9293 286.8373 144.5362 36.6032 144.4521 174.5535 102.9279 188.0648 151.7312 3.4632 16.4044 162.7777 42.7501 193.7876 146.3198 81.4138 69.6480 58.3639 115.4183 114.1038 106.6923 111.4471 92.1993 161.5889 32.2732 105.7912 71.8457 167.0091 91.1993 179.5764 81.9504 128.4390 69.0806 0.0000 79.9869 64.4805 179.0572 120.8518 25.1335 58.9527 148.6218 179.4149 113.3059 108.7007 16.4260 129.5955 135.5323 49.5454 112.3949 43.7593 36.9299 243.8122 29.8144 151.5744 177.5999 97.0537 167.2995 112.5133 129.4368
154.2074 236.6446 45.5381 146.2683 155.8096 36.1316 146.1821 143.6649 164.3066 73.7798 134.3850 143.9196 229.4487 106.6632 210.1500 79.3615 198.8158 161.4310 141.3626 159.4794 229.4443 19.7850 99.6976 43.2286 13.3187 111.5565 200.0954 182.6244 191.0216 25.1506 110.8934 93.4809 117.5118 96.4289 29.7691 171.9989 81.1592 55.8287 139.1359 64.4750 164.9610 35.4839 68.8898 131.4012 62.6297 78.6441 141.4030 62.2205 27.6262 135.6053 101.0028 87.8100 117.2173 77.3339 79.9869 0.0000 151.6122 152.9338 90.2981 185.0861 148.9415 59.5192 107.1569 116.6779 118.5639 136.3685 87.1688 100.9257 14.0228 29.0872 164.6683 62.7015 156.6507 51.7309 37.6448 183.5812 71.3231 109.6815 184.8435 140.9008
103.3822 95.5985 38.6933 77.2526 181.1197 107.2622 61.0160 159.6914 83.0059 88.0494 114.6265 174.0372 40.2733 135.6161 91.3168 115.9405 217.6796 201.1261 44.3747 133.4573 67.0693 63.5215 88.2537 91.4845 192.7132 57.1463 162.3237 137.8229 199.0928 126.8799 192.1637 88.8374 70.7916 104.4761 68.3371 144.8558 127.5519 20.4348 38.1567 152.3334 19.5412 170.7212 100.7389 130.0889 55.6961 55.8740 226.3440 114.5243 90.5703 97.3240 36.1932 134.8217 142.2222 59.0964 64.4805 151.6122 0.0000 180.0423 156.9762 55.2031 56.8824 170.7030 25.3106 6.7885 79.6371 205.8036 148.8459 115.8030 21.7620 105.0695 148.2850 81.8307 129.3481 95.5050 134.4120 118.9909 81.5789 158.0311 115.4122 122.2326
80.5663 9.4252 163.5029 34.9928 123.9266 50.2904 116.4043 150.7002 134.2130 109.3310 39.2787 64.8111 121.6682 84.2693 137.2797 130.8520 104.3858 58.8584 161.5512 47.2098 199.6968 203.8543 78.1702 142.3604 233.5057 123.5442 133.7605 1.0105 138.2770 42.6371 78.9878 178.5842 69.6862 2.6305 166.5158 49.0029 147.5469 45.2822 192.3769 50.3758 24.7126 100.2912 85.7983 59.4782 113.2420 154.6902 94.7271 116.7613 66.1187 20.1015 131.6697 90.1088 53.2935 33.0628 179.0572 152.9338 180.0423 0.0000 53.6992 155.1097 138.6377 128.1799 46.2650 20.5501 182.0333 126.2741 126.2324 8.7879 111.7788 127.5154 24.2478 48.1194 86.4964 50.2511 77.1110 95.0287 155.1449 245.1884 108.7956 95.1561
