80
0.0000 187.7291 123.9842 121.1628 73.6441 113.0785 114.3199 43.9188 54.3903 69.7782 56.1578 86.2673 56.2876 66.1015 58.8667 70.6541 41.1061 168.9300 79.3970 162.7585 57.9892 104.5008 60.3086 180.5374 69.9843 131.1795 52.4039 171.3580 220.6931 124.3366 119.8786 55.9856 139.2978 158.5450 150.1068 168.1175 157.0960 220.8441 281.4180 112.3731 129.8468 79.8664 94.9631 119.9739 80.5033 113.7282 47.7243 137.4934 187.2933 59.2716 81.1529 73.9055 128.9562 70.4031 132.2950 112.1960 109.3298 84.8563 134.5821 127.8856 104.6107 65.6994 247.9518 8.7108 181.5368 115.0788 163.7624 165.9310 155.9216 111.7949 119.6970 116.5232 174.7548 167.6678 40.8223 86.8922 93.1221 90.0109 77.4620 84.6292
187.7291 0.0000 138.9130 179.2796 49.2604 119.6800 147.3727 128.9882 210.0183 139.0541 27.0065 114.0725 88.7157 70.4992 138.6342 127.8263 83.8602 111.4833 124.8884 86.3431 2.3481 149.4929 3.9563 179.8868 193.2946 139.1199 86.1308 181.1572 133.5632 74.0738 112.6480 76.7929 160.1725 180.0219 65.5299 112.1562 111.9539 58.6380 52.5289 66.2775 23.1508 41.4639 178.2240 73.0624 111.9879 169.8676 69.2493 13.3718 87.1607 90.7863 162.3925 80.0720 137.6199 153.2341 121.1213 208.3938 69.6106 161.1701 113.5545 122.6715 73.7019 36.8928 225.6690 112.5720 77.6757 109.5656 70.0233 74.1988 70.9737 200.1323 151.3120 29.7887 40.4581 115.6695 173.5902 85.5581 206.8658 135.2673 19.8714 82.0725
123.9842 138.9130 0.0000 158.7239 206.7102 18.7108 52.3735 87.3521 53.8158 155.7545 26.5649 155.9688 102.0831 174.1264 106.0491 85.7030 82.5513 107.7667 52.9271 166.3674 159.2125 20.6720 83.9901 58.6689 129.0880 187.2999 142.5677 152.2430 88.0248 132.6523 153.7325 99.0345 40.3894 112.6534 154.3739 83.7046 92.0421 66.7059 226.2972 66.5807 21.5513 112.8114 81.1651 66.5598 229.6237 147.2161 123.9734 175.4589 34.4719 97.1418 160.5768 144.6459 78.3733 47.4459 30.0032 42.2165 93.9606 30.8488 64.1842 146.1872 143.4216 62.3636 153.4766 62.4440 220.2593 64.0583 164.0963 63.2077 17.9217 21.4832 67.3097 116.0134 73.9059 119.3108 114.4593 68.2491 38.4607 79.8607 147.6225 167.7439
121.1628 179.2796 158.7239 0.0000 196.7593 43.4637 47.0379 125.3408 86.5502 145.9546 134.1943 133.4235 165.0620 29.2012 82.8721 97.8944 139.9651 30.4422 104.8267 28.1756 131.3178 63.9199 66.2954 226.0604 105.4457 94.0814 98.4889 96.1487 48.5787 190.3913 157.7931 56.4346 158.3578 82.0391 168.0894 129.8817 85.5359 122.6365 68.5775 164.7135 97.8725 192.9421 38.4704 122.4634 130.1342 95.2859 14.1796 139.0399 88.8533 4.7362 127.3446 99.8385 133.8956 77.6909 67.1438 140.9015 59.9566 171.8255 178.6392 74.5453 60.0945 50.2983 47.9988 55.2619 50.8327 173.1923 88.5617 16.0639 67.4621 129.3718 145.6884 167.0100 80.4433 111.0783 80.1252 80.8305 55.1972 90.5074 96.5517 76.7178
73.6441 49.2604 206.7102 196.7593 0.0000 102.0165 110.5919 82.3566 59.8272 164.7881 94.7019 97.8282 175.0705 77.6384 54.2098 128.1839 173.8570 131.6356 34.4379 77.6843 163.2306 94.4723 112.6915 168.4979 129.4120 74.1333 100.5438 39.7569 153.9331 181.0009 90.5271 107.0657 148.5349 20.8799 116.7274 65.7912 60.6070 33.7115 54.2334 187.9642 13.1953 238.3474 113.8966 157.4416 64.3286 62.1794 88.1786 187.1794 58.7685 94.1863 27.9919 107.9036 164.3288 172.3493 54.8323 114.1469 37.9904 226.6771 100.6234 91.3368 119.3222 133.2552 65.9830 128.3762 103.0826 50.7401 162.6037 128.9309 15.4603 129.0581 158.1063 146.8252 153.7626 55.8940 86.6590 94.5234 110.5184 110.3497 197.1879 102.7343
113.0785 119.6800 18.7108 43.4637 102.0165 0.0000 94.5472 56.2405 88.6159 62.6796 62.3653 133.2164 160.1579 110.8148 14.6881 82.9120 214.6836 5.5104 121.0869 113.3418 61.9258 126.8509 16.3225 169.4202 145.7189 27.2205 170.4802 170.3749 7.5146 32.1035 72.4320 55.6534 7.3904 98.7200 56.0289 106.4314 19.1957 81.2447 57.8661 24.8298 89.9458 160.3186 162.4756 19.8926 64.0499 132.0655 80.9629 138.4982 109.6368 115.7852 44.7475 34.9406 227.3115 77.9575 136.9815 32.6873 51.7624 48.6201 26.0177 110.3562 100.7548 233.9614 93.7239 44.2606 179.0201 155.2172 38.9158 70.0035 105.3815 65.3596 77.4798 145.7671 143.9242 83.7029 250.9815 22.5448 187.4916 107.4482 114.9304 59.0655
114.3199 147.3727 52.3735 47.0379 110.5919 94.5472 0.0000 10.8625 149.1952 68.9868 90.4935 173.2493 177.0932 87.8000 79.5468 60.8565 122.9060 93.2134 145.3133 43.0871 54.3571 73.5825 147.7683 142.5233 131.0520 54.9323 41.1447 130.4990 65.9889 178.6990 129.3691 232.2984 151.2224 109.2586 122.2041 75.6049 61.8505 107.9536 190.4620 6.0106 100.0529 50.3162 155.2803 205.4436 29.5584 134.4174 70.9894 69.1852 66.6330 119.5344 234.4122 90.0025 90.1728 122.5864 44.9348 140.0658 112.2295 150.5099 168.6011 81.0103 179.7490 13.8067 20.9338 159.0962 81.1386 113.8866 191.7137 87.0231 105.3456 149.2034 220.2542 88.9484 21.8542 144.5925 54.0971 46.2866 80.0806 136.2691 210.0545 79.2998
43.9188 128.9882 87.3521 125.3408 82.3566 56.2405 10.8625 0.0000 9.1177 92.4375 32.7236 209.9593 10.5866 108.4284 163.5961 86.0684 90.5555 126.8460 153.1843 12.3606 60.9914 151.4207 71.7866 168.3717 5.2496 141.0881 40.9299 115.0474 139.3920 118.4948 140.9501 128.6860 88.3243 91.8242 1.2510 109.7839 300.4171 143.5516 118.9748 115.1549 186.3142 51.7615 144.1583 174.5700 152.0724 120.5495 140.1357 133.0783 52.9692 96.1976 67.0685 85.2199 74.5269 60.3685 9.1243 141.4727 115.3675 25.0945 192.2227 43.2455 139.1279 18.4815 169.0447 159.5334 69.5259 82.9229 192.8361 84.2743 21.1146 116.2394 142.1450 103.9471 55.6208 88.8265 202.3916 117.5660 131.2353 132.4501 54.4112 86.2342
54.3903 210.0183 53.8158 86.5502 59.8272 88.6159 149.1952 9.1177 0.0000 50.4625 190.1305 22.9028 94.2061 99.0587 146.4611 165.8784 123.2444 65.5042 122.9687 129.2293 134.6470 165.0905 167.1301 130.3415 137.1960 152.0329 136.8642 84.9929 164.1835 87.4546 160.9981 164.6353 118.9563 30.0886 175.2876 151.8852 230.5229 70.7903 170.5769 239.9012 73.7902 123.3305 136.4857 138.6909 83.6521 183.6905 97.7837 125.7247 152.8976 9.7534 209.7195 120.7348 189.7184 56.3481 68.7238 174.0315 53.8548 104.1734 165.8409 35.5589 183.9834 85.9911 130.4021 60.6056 160.5875 116.0284 60.7975 85.4603 106.6535 150.7730 248.3978 141.0211 48.5722 153.1815 51.2969 111.7680 125.9879 10.6089 118.7827 254.5527
69.7782 139.0541 155.7545 145.9546 164.7881 62.6796 68.9868 92.4375 50.4625 0.0000 25.8882 41.7339 85.2817 106.7082 50.9346 45.4142 122.7273 57.2832 80.9977 120.9710 143.0353 84.0094 133.5199 181.5130 103.3186 149.0254 167.0541 32.1577 198.3514 53.2190 69.8228 36.7136 7.5180 98.5423 65.9356 83.3276 127.2878 119.2076 35.9948 72.0182 51.3842 96.0050 43.9956 105.2551 13.6452 51.3500 287.2006 92.7982 170.0191 6.3413 111.2825 128.8683 147.8971 66.4695 91.1137 17.9812 84.7826 60.2129 131.8678 115.3990 164.6236 108.1040 114.7324 112.4622 99.1060 17.0733 86.7317 173.3521 95.9157 194.8336 57.7603 2.2367 16.3609 29.9583 101.6279 133.1599 145.0465 226.9125 191.1733 31.2664
56.1578 27.0065 26.5649 134.1943 94.7019 62.3653 90.4935 32.7236 190.1305 25.8882 0.0000 151.3244 132.9418 64.5273 14.7710 77.6962 154.2146 32.8843 82.0282 63.1062 200.0473 140.4064 116.9303 79.5106 176.6419 8.7799 113.6237 175.0948 206.1575 70.1542 140.7092 161.8765 183.2996 91.3863 170.8811 161.4706 47.3349 149.0501 84.6390 88.3026 71.4620 102.1448 75.7159 92.6243 80.2417 98.2172 165.3264 23.2617 183.7291 93.6169 114.7459 100.4460 17.7018 63.0362 105.5404 27.0893 87.7944 55.3181 114.8085 10.0714 174.6802 26.8140 105.9799 180.7323 116.1553 22.9901 100.7761 120.4117 111.8099 87.0430 67.3231 55.5696 208.0359 62.6081 1.2138 56.6877 142.7011 91.7035 48.2130 23.5120
86.2673 114.0725 155.9688 133.4235 97.8282 133.2164 173.2493 209.9593 22.9028 41.7339 151.3244 0.0000 65.2696 15.6921 193.8225 129.4309 79.2270 90.2953 71.6450 13.1787 57.1380 103.2306 184.1033 12.8201 158.8513 93.0018 165.6670 133.1879 41.7412 120.3586 95.7777 222.0256 146.9040 24.8928 226.9136 17.1863 91.9840 46.7928 136.5268 69.7541 82.7685 88.5102 79.6329 120.9494 85.5336 154.1315 203.0411 88.3621 99.7707 22.8400 44.8596 137.6776 38.8808 77.0260 142.5373 45.4445 89.9098 144.6185 70.0012 88.0434 132.6218 248.3367 124.3506 142.7299 101.2561 15.1641 138.5136 96.2715 23.8716 122.6357 151.1061 89.3184 151.8839 92.5354 81.2033 72.6656 92.3093 182.4917 132.7702 147.1198
56.2876 88.7157 102.0831 165.0620 175.0705 160.1579 177.0932 10.5866 94.2061 85.2817 132.9418 65.2696 0.0000 42.6709 136.2540 20.0937 139.5587 92.8459 33.5141 120.4329 234.3213 149.4676 35.9590 106.2185 44.0483 175.1050 198.2278 195.9748 55.7265 99.5755 4.3420 59.2735 191.0274 174.3807 39.7931 140.6925 20.9552 82.6522 227.3308 179.1390 128.8280 151.0562 64.0784 165.7916 92.6586 1.6998 63.2814 23.3061 24.7910 94.6907 156.1284 25.3092 61.1625 210.9286 59.3111 80.2984 35.0449 85.8243 70.9315 23.2393 100.7792 63.7779 89.9501 85.7691 42.3731 32.9769 15.7870 115.5401 25.4949 182.1134 137.4045 135.0257 160.5825 44.9641 75.5968 132.4202 128.9355 73.3441 81.9331 135.4870
66.1015 70.4992 174.1264 29.2012 77.6384 110.8148 87.8000 108.4284 99.0587 106.7082 64.5273 15.6921 42.6709 0.0000 133.2191 137.3471 193.5160 166.2998 155.0973 144.3281 3.2736 157.1773 81.0260 128.4988 241.0921 138.2392 122.4049 218.7592 132.0982 275.4422 6.7920 54.3880 146.9740 135.1886 20.2433 76.0921 37.9482 96.7524 82.9912 51.8357 163.2166 135.3301 129.6202 110.8531 83.4475 131.4440 92.5417 83.7048 111.7349 190.9304 82.8327 41.4815 151.3398 144.7650 63.4793 102.6900 133.3947 71.4166 120.4187 201.2573 118.8247 113.0649 134.8874 82.4253 46.1095 169.1093 85.1813 101.9945 140.7846 95.0659 24.2074 23.3843 177.2321 106.8930 190.8837 98.3018 186.4704 170.7759 146.4583 150.8874
58.8667 138.6342 106.0491 82.8721 54.2098 14.6881 79.5468 163.5961 146.4611 50.9346 14.7710 193.8225 136.2540 133.2191 0.0000 124.5331 139.7910 143.9414 170.4811 97.9973 85.4578 10.8365 107.8759 19.6335 23.6182 109.9141 73.7988 137.8045 57.6261 61.9385 73.1402 73.4548 95.4606 228.8736 117.3265 162.6044 47.2005 95.3225 97.5371 124.3855 54.4957 88.0897 34.1195 146.0511 156.4878 177.4246 67.3708 44.6848 86.9283 151.0500 171.7975 33.4850 158.3266 112.8169 79.4974 92.1307 88.9362 55.7783 37.3805 135.6277 70.5930 76.9789 126.0375 21.6352 140.5199 117.5204 135.0200 60.6220 222.2516 57.9563 152.5010 80.2469 118.1429 202.8630 91.6033 224.5638 120.1073 125.6089 82.9911 136.8089
70.6541 127.8263 85.7030 97.8944 128.1839 82.9120 60.8565 86.0684 165.8784 45.4142 77.6962 129.4309 20.0937 137.3471 124.5331 0.0000 93.4080 166.3052 217.6721 138.7440 54.2860 233.0046 100.1944 152.8147 186.5561 154.4317 181.0658 99.0797 147.5789 195.8193 114.9056 112.7639 114.8947 138.5024 245.5831 77.2911 32.6428 94.3801 32.5667 94.4481 92.3608 158.7352 113.8965 0.4859 55.3492 34.9953 47.5442 79.5455 56.0210 167.6423 37.7284 120.1810 82.7600 159.8662 29.8807 17.3512 126.5184 72.8398 118.9897 116.4179 96.8570 133.9691 134.8723 109.3347 52.8478 179.5545 109.4377 83.3733 93.4370 86.2533 118.4902 25.8194 55.4317 121.4089 130.8138 69.3094 160.0269 80.0414 162.4042 129.5174
41.1061 83.8602 82.5513 139.9651 173.8570 214.6836 122.9060 90.5555 123.2444 122.7273 154.2146 79.2270 139.5587 193.5160 139.7910 93.4080 0.0000 28.0372 78.6916 267.1622 97.5084 131.5312 161.3541 200.7876 174.5760 58.8255 49.2276 14.9636 29.1011 112.4930 44.0581 176.6138 80.4798 158.7276 79.6818 189.8627 38.7786 118.5748 80.3822 119.5323 83.7776 47.2114 139.8322 157.7160 37.8532 104.6177 103.2096 95.5382 85.4938 79.7470 155.4945 176.3078 112.6905 18.0295 112.8505 110.4300 118.7183 132.3833 134.7158 49.6536 125.8501 155.7862 98.1853 64.1625 221.1699 56.3665 109.4995 160.7676 77.4615 150.9665 41.9375 81.9652 153.8122 16.2647 107.5268 131.2245 21.6629 23.9669 53.4377 122.0090
168.9300 111.4833 107.7667 30.4422 131.6356 5.5104 93.2134 126.8460 65.5042 57.2832 32.8843 90.2953 92.8459 166.2998 143.9414 166.3052 28.0372 0.0000 118.2620 175.5051 135.3519 116.7339 171.5455 130.8573 97.4180 181.8303 70.1745 14.6214 72.2988 86.4671 95.1398 13.3261 123.5317 144.4655 118.3860 212.1963 174.0078 33.1705 176.6520 170.4448 212.1608 61.8247 135.2465 78.0350 73.2502 43.3195 147.8527 24.0481 11.4818 90.8700 82.3839 136.2858 138.9138 168.4947 74.7095 245.4983 87.5922 139.6264 221.6621 100.3897 114.8183 73.2633 108.6790 5.2664 85.5531 156.5523 169.6090 91.5965 29.2846 200.6437 111.1827 103.4528 54.2185 116.5155 80.2230 143.7355 169.8657 94.1336 24.3062 132.7193
79.3970 124.8884 52.9271 104.8267 34.4379 121.0869 145.3133 153.1843 122.9687 80.9977 82.0282 71.6450 33.5141 155.0973 170.4811 217.6721 78.6916 118.2620 0.0000 78.5662 196.4294 200.4905 101.5475 93.0099 147.4243 133.7866 100.7475 111.2101 83.3710 105.8907 79.7793 33.8455 79.9730 142.7105 143.7156 130.8555 38.2176 13.3149 134.5364 66.6055 259.3642 82.3719 78.8912 104.7411 63.8300 93.2416 42.2322 26.5880 111.8532 117.7325 117.6432 147.8939 46.5109 27.7678 115.2597 119.7055 139.6627 172.2311 183.2886 113.0377 92.1323 142.1039 116.7738 127.3467 131.2901 131.1567 251.8073 84.6012 26.5570 112.9493 146.6338 118.6913 39.9321 199.2036 174.3912 5.1274 138.5025 183.3898 103.9710 122.8851
162.7585 86.3431 166.3674 28.1756 77.6843 113.3418 43.0871 12.3606 129.2293 120.9710 63.1062 13.1787 120.4329 144.3281 97.9973 138.7440 267.1622 175.5051 78.5662 0.0000 83.0674 112.6005 82.1156 150.0037 106.1331 104.7357 167.2085 120.6587 107.2526 216.0074 56.1791 176.2543 85.2437 76.9228 155.6655 66.5433 127.1020 32.6556 26.1690 217.6119 171.3320 143.1636 84.6292 209.8170 59.8728 90.4181 82.4741 121.4075 41.6451 135.3917 146.9265 150.0697 73.5659 241.2164 20.1447 105.2589 184.5848 97.9927 162.8541 72.7640 27.8697 73.5906 189.4064 64.3164 148.7566 59.4570 141.9703 159.3936 92.5530 182.6877 106.8209 129.4545 47.9455 38.4016 67.1847 5.0808 111.9913 117.6492 99.9405 107.3846
57.9892 2.3481 159.2125 131.3178 163.2306 61.9258 54.3571 60.9914 134.6470 143.0353 200.0473 57.1380 234.3213 3.2736 85.4578 54.2860 97.5084 135.3519 196.4294 83.0674 0.0000 84.9549 174.8008 124.2524 89.7369 114.5964 185.7251 15.9461 215.6800 82.7891 97.8452 9.9502 53.7325 84.7066 249.1082 102.9401 108.5283 80.8833 77.6163 67.2956 58.7094 110.4786 89.3192 73.6280 33.1622 115.7590 78.3815 138.2624 219.1864 13.7292 17.7879 114.8690 98.3362 117.3605 88.6801 92.7981 197.4245 164.1186 66.5273 42.3398 65.3921 196.9029 81.2199 79.0066 80.6505 131.0107 138.3965 185.7382 65.3467 80.5950 56.6886 79.8332 64.5367 45.8559 111.8727 160.3286 134.5548 190.5438 76.4663 108.5124
104.5008 149.4929 20.6720 63.9199 94.4723 126.8509 73.5825 151.4207 165.0905 84.0094 140.4064 103.2306 149.4676 157.1773 10.8365 233.0046 131.5312 116.7339 200.4905 112.6005 84.9549 0.0000 20.1927 67.3438 24.1209 150.3026 158.0537 10.6810 31.5591 37.7509 75.1514 234.8197 48.6301 143.3407 144.5543 82.2928 58.5048 67.6901 88.2765 47.2910 90.2466 113.6044 45.6741 165.2683 53.5088 96.6772 87.6727 16.0926 112.0190 107.5177 131.4533 99.4702 41.8128 140.7629 132.6617 108.6730 136.4819 195.9710 78.0107 82.4596 90.6287 129.8087 96.2407 98.5155 83.4716 130.1331 28.2619 209.4474 134.6202 145.3798 79.3371 82.7267 100.0078 62.5388 111.5689 101.0065 194.4128 98.1959 143.5272 78.4647
60.3086 3.9563 83.9901 66.2954 112.6915 16.3225 147.7683 71.7866 167.1301 133.5199 116.9303 184.1033 35.9590 81.0260 107.8759 100.1944 161.3541 171.5455 101.5475 82.1156 174.8008 20.1927 0.0000 24.2291 46.7063 63.8564 123.4346 5.6433 94.3625 142.6249 63.5169 52.4019 79.3367 104.6319 122.7124 168.2465 128.7496 159.6015 17.1680 49.6811 204.0412 126.9495 129.6515 238.1351 51.9171 14.2795 55.0487 112.2001 28.0334 120.9543 93.0798 199.5607 162.5707 184.1431 68.8182 123.8842 138.9952 120.4542 55.7199 74.5650 95.7320 95.9586 78.9556 99.2678 72.0269 90.3893 155.1983 90.8133 141.2779 67.5454 82.0320 81.9178 110.6635 144.0815 202.6915 106.3975 142.3860 68.8745 67.9018 181.7017
180.5374 179.8868 58.6689 226.0604 168.4979 169.4202 142.5233 168.3717 130.3415 181.5130 79.5106 12.8201 106.2185 128.4988 19.6335 152.8147 200.7876 130.8573 93.0099 150.0037 124.2524 67.3438 24.2291 0.0000 187.1015 33.7481 140.8355 154.7419 171.5614 60.4462 44.8034 131.7583 67.5915 193.6969 110.8181 109.8718 148.1955 139.3845 60.0659 160.9412 144.4071 96.8552 163.7660 19.7608 92.9794 38.8067 199.1754 114.0289 45.8339 151.2945 32.7034 75.8312 111.7507 165.8312 62.0754 97.3741 234.6455 172.2788 66.1782 8.6403 99.9739 107.2095 48.4249 47.2443 113.0949 22.7654 13.9288 55.0535 205.2189 80.6631 153.9017 142.7251 68.3030 62.1527 96.7467 101.5254 7.5294 151.2046 82.7884 12.6310
69.9843 193.2946 129.0880 105.4457 129.4120 145.7189 131.0520 5.2496 137.1960 103.3186 176.6419 158.8513 44.0483 241.0921 23.6182 186.5561 174.5760 97.4180 147.4243 106.1331 89.7369 24.1209 46.7063 187.1015 0.0000 70.0889 15.5726 33.8154 89.4186 69.6484 139.1863 179.0905 20.3722 59.9864 54.7450 60.3069 168.6770 11.0796 134.9443 63.4247 46.8555 54.6565 29.5466 181.1618 25.9247 188.5694 162.2564 67.4432 79.3032 26.2076 66.2444 95.9568 61.9187 129.4484 77.0028 153.2536 2.2242 80.6826 163.3460 88.6003 118.8611 15.1871 131.0837 89.5979 106.8671 101.9830 158.9855 153.8068 49.9289 147.3427 23.5045 17.9562 23.4957 56.7326 80.6279 139.9358 225.0356 55.0675 141.9197 30.0863
131.1795 139.1199 187.2999 94.0814 74.1333 27.2205 54.9323 141.0881 152.0329 149.0254 8.7799 93.0018 175.1050 138.2392 109.9141 154.4317 58.8255 181.8303 133.7866 104.7357 114.5964 150.3026 63.8564 33.7481 70.0889 0.0000 93.3254 16.6901 41.1514 122.4336 126.2904 52.8627 5.0761 166.3500 138.3978 139.2542 111.5920 137.3399 110.7828 158.3810 61.8332 92.1028 105.9917 108.2790 34.0698 181.7485 95.8773 197.0043 87.9916 133.4654 57.0353 86.8033 120.0130 89.9225 103.8464 62.1518 76.2603 44.9318 97.3968 156.5407 74.5268 60.4379 3.3834 50.0193 104.1370 7.3627 46.3013 47.9297 191.7291 129.6856 135.5834 135.6453 40.9956 56.2766 205.9872 97.0671 184.0432 149.1312 113.5539 42.4519
52.4039 86.1308 142.5677 98.4889 100.5438 170.4802 41.1447 40.9299 136.8642 167.0541 113.6237 165.6670 198.2278 122.4049 73.7988 181.0658 49.2276 70.1745 100.7475 167.2085 185.7251 158.0537 123.4346 140.8355 15.5726 93.3254 0.0000 128.5253 42.3400 196.4153 178.8914 129.9467 123.1828 133.9495 150.9374 101.7369 42.5326 105.8559 135.2206 176.3352 74.6620 25.4732 78.4211 116.5829 165.4575 93.1548 64.7719 119.8658 128.6854 22.0719 58.2641 202.7585 107.6818 137.9100 124.6868 143.3978 21.2627 160.3605 108.7168 277.4236 14.7665 110.8785 132.7853 105.2796 19.4277 128.4513 14.2748 69.9396 230.4249 126.6615 55.5099 77.3273 64.4875 93.8367 108.7591 197.5580 73.6021 47.5248 164.6908 163.6031
171.3580 181.1572 152.2430 96.1487 39.7569 170.3749 130.4990 115.0474 84.9929 32.1577 175.0948 133.1879 195.9748 218.7592 137.8045 99.0797 14.9636 14.6214 111.2101 120.6587 15.9461 10.6810 5.6433 154.7419 33.8154 16.6901 128.5253 0.0000 167.1691 70.0384 117.6637 109.1315 82.8610 34.7797 122.9459 96.3774 123.1263 84.0649 150.8644 66.4958 110.6578 166.8239 37.9260 164.3863 26.3386 102.0042 74.9473 89.6434 164.1629 100.2249 198.2827 50.4761 59.7905 142.5458 45.2316 74.3938 98.7466 89.4997 89.2832 110.6984 187.0577 8.4339 190.4216 82.9524 164.9609 103.7833 19.8700 165.5007 139.2522 80.0178 120.7931 111.8040 35.9029 38.7755 75.5931 61.0029 83.3362 174.2510 47.3044 59.1563
220.6931 133.5632 88.0248 48.5787 153.9331 7.5146 65.9889 139.3920 164.1835 198.3514 206.1575 41.7412 55.7265 132.0982 57.6261 147.5789 29.1011 72.2988 83.3710 107.2526 215.6800 31.5591 94.3625 171.5614 89.4186 41.1514 42.3400 167.1691 0.0000 110.9625 48.8223 47.5274 129.0008 96.6410 32.9405 122.2666 194.3127 72.6797 71.9578 250.6650 253.2772 129.5059 96.1566 190.6003 80.5531 161.8048 26.7542 202.2579 73.7864 143.2143 94.0743 123.1827 40.0773 96.6092 10.8007 95.4143 142.5999 39.2444 181.5056 88.9143 195.7261 81.5929 76.8884 129.9530 109.4119 129.3713 183.1265 161.4736 141.6012 37.4137 155.5839 83.3043 53.5503 108.1056 99.6026 177.1409 162.3616 110.0084 13.5435 99.3102
124.3366 74.0738 132.6523 190.3913 181.0009 32.1035 178.6990 118.4948 87.4546 53.2190 70.1542 120.3586 99.5755 275.4422 61.9385 195.8193 112.4930 86.4671 105.8907 216.0074 82.7891 37.7509 142.6249 60.4462 69.6484 122.4336 196.4153 70.0384 110.9625 0.0000 71.7365 126.4040 126.4410 85.8628 232.2477 118.5019 60.5509 147.2530 184.1201 127.6383 97.7498 96.1491 66.2263 201.6469 116.5524 163.6543 42.0439 191.7927 101.3029 2.5324 141.7128 47.1079 116.4166 53.7965 120.4776 69.7559 101.6511 57.9671 23.0236 163.5482 110.6190 146.1081 64.2749 148.5505 112.4461 169.1985 82.1100 34.8101 107.9863 155.2804 7.4502 188.3327 112.4076 180.8111 126.3180 100.4895 218.2905 111.1290 103.2824 24.3901
119.8786 112.6480 153.7325 157.7931 90.5271 72.4320 129.3691 140.9501 160.9981 69.8228 140.7092 95.7777 4.3420 6.7920 73.1402 114.9056 44.0581 95.1398 79.7793 56.1791 97.8452 75.1514 63.5169 44.8034 139.1863 126.2904 178.8914 117.6637 48.8223 71.7365 0.0000 108.9618 75.8505 93.7218 161.6855 77.5551 20.2499 26.0978 120.4690 44.8033 161.5447 19.2851 162.9535 192.9539 110.2031 204.1091 182.6595 76.0892 108.2097 154.4904 145.0938 203.0865 133.8248 90.6535 141.2076 13.7106 120.2724 63.8804 112.8199 148.9299 196.8991 108.0709 104.1716 81.7703 32.7379 167.8066 173.6882 213.6778 110.6746 167.9549 56.6583 94.5618 87.0697 177.9472 32.6944 189.1008 135.6058 45.9682 54.9699 115.4351
55.9856 76.7929 99.0345 56.4346 107.0657 55.6534 232.2984 128.6860 164.6353 36.7136 161.8765 222.0256 59.2735 54.3880 73.4548 112.7639 176.6138 13.3261 33.8455 176.2543 9.9502 234.8197 52.4019 131.7583 179.0905 52.8627 129.9467 109.1315 47.5274 126.4040 108.9618 0.0000 72.6099 156.2972 159.8788 36.5729 183.6795 111.9905 56.6096 188.7482 195.8999 201.1533 98.2685 93.9946 175.5041 77.4976 126.5134 120.1629 121.7817 81.1585 220.0777 194.8949 124.1910 170.8941 117.8945 94.3288 134.9234 154.9263 101.4202 133.6163 94.4138 62.3358 95.8781 131.9717 17.4433 27.6662 182.7734 128.4531 211.9295 50.7318 60.0007 129.8259 65.5150 67.6574 119.9133 232.7894 145.8173 138.3690 77.4679 68.4397
139.2978 160.1725 40.3894 158.3578 148.5349 7.3904 151.2224 88.3243 118.9563 7.5180 183.2996 146.9040 191.0274 146.9740 95.4606 114.8947 80.4798 123.5317 79.9730 85.2437 53.7325 48.6301 79.3367 67.5915 20.3722 5.0761 123.1828 82.8610 129.0008 126.4410 75.8505 72.6099 0.0000 37.5293 137.6966 155.6658 81.7586 156.7380 141.9179 164.7176 74.9354 99.4847 162.6411 113.9769 108.1228 21.8098 85.6846 56.0249 109.1018 78.2724 126.8541 41.8115 101.3004 107.6373 98.7399 80.5541 187.3703 13.0955 0.0091 160.7708 13.6304 19.6911 211.8653 30.7802 123.9553 90.2002 65.3059 117.3398 47.7274 86.1430 173.6313 153.1012 139.3246 49.8486 114.0543 114.8476 83.5046 114.2372 145.1846 53.3007
158.5450 180.0219 112.6534 82.0391 20.8799 98.7200 109.2586 91.8242 30.0886 98.5423 91.3863 24.8928 174.3807 135.1886 228.8736 138.5024 158.7276 144.4655 142.7105 76.9228 84.7066 143.3407 104.6319 193.6969 59.9864 166.3500 133.9495 34.7797 96.6410 85.8628 93.7218 156.2972 37.5293 0.0000 54.5542 107.6222 89.4501 42.2885 138.2078 42.3326 109.7350 125.2911 135.3717 56.0590 16.6462 161.7672 107.0914 88.6677 201.2792 116.3769 19.8132 60.1535 128.9505 165.8917 108.9922 90.4749 56.9819 36.2874 137.7812 38.7594 82.6696 86.2788 104.7093 64.6880 10.1574 167.3913 70.6454 157.0384 62.6014 133.5923 128.9045 87.8882 114.4482 16.7664 16.6383 73.9511 52.0373 53.7517 134.8055 71.3823
150.1068 65.5299 154.3739 168.0894 116.7274 56.0289 122.2041 1.2510 175.2876 65.9356 170.8811 226.9136 39.7931 20.2433 117.3265 245.5831 79.6818 118.3860 143.7156 155.6655 249.1082 144.5543 122.7124 110.8181 54.7450 138.3978 150.9374 122.9459 32.9405 232.2477 161.6855 159.8788 137.6966 54.5542 0.0000 105.7326 71.7811 47.1541 78.2360 71.0901 129.7072 128.2472 31.2115 51.2524 119.0494 36.1620 24.6790 7.8557 127.5242 182.6824 126.2814 39.2211 26.3496 127.7603 123.4465 72.0084 23.8033 98.4387 196.6681 47.1522 105.9425 56.4175 12.4007 14.5465 143.8169 176.4364 167.7228 162.3083 76.0189 7.6764 159.4749 149.0510 19.0548 114.9468 49.5553 96.6417 34.6873 173.0145 103.0761 111.0717
168.1175 112.1562 83.7046 129.8817 65.7912 106.4314 75.6049 109.7839 151.8852 83.3276 161.4706 17.1863 140.6925 76.0921 162.6044 77.2911 189.8627 212.1963 130.8555 66.5433 102.9401 82.2928 168.2465 109.8718 60.3069 139.2542 101.7369 96.3774 122.2666 118.5019 77.5551 36.5729 155.6658 107.6222 105.7326 0.0000 172.4070 69.9443 149.5332 105.9486 191.3084 83.0102 118.1892 73.7859 121.1247 91.4013 114.9335 163.2591 111.3695 167.4064 87.6523 46.4755 111.7826 45.3605 51.5339 203.3367 131.5819 195.7486 111.4758 78.1600 130.8219 56.3677 124.2351 120.4731 223.1754 153.4117 177.9243 169.7442 170.8641 114.6446 156.3221 78.2081 199.6760 74.0395 137.8823 171.3361 94.4198 87.4187 21.6697 92.6967
157.0960 111.9539 92.0421 85.5359 60.6070 19.1957 61.8505 300.4171 230.5229 127.2878 47.3349 91.9840 20.9552 37.9482 47.2005 32.6428 38.7786 174.0078 38.2176 127.1020 108.5283 58.5048 128.7496 148.1955 168.6770 111.5920 42.5326 123.1263 194.3127 60.5509 20.2499 183.6795 81.7586 89.4501 71.7811 172.4070 0.0000 83.4545 152.1247 50.8226 57.4873 18.4432 96.8358 143.3097 87.6380 124.2681 55.9876 9.7211 81.6383 133.3411 155.1890 152.3998 31.1836 135.6173 104.2738 142.8116 168.1072 54.9819 87.9722 21.0147 204.2862 112.7504 147.2762 38.6507 142.0826 266.4429 85.4400 95.3205 84.0131 78.6002 53.1208 172.3789 32.7112 154.5986 159.6437 133.3503 69.5278 216.6136 116.5437 161.9839
220.8441 58.6380 66.7059 122.6365 33.7115 81.2447 107.9536 143.5516 70.7903 119.2076 149.0501 46.7928 82.6522 96.7524 95.3225 94.3801 118.5748 33.1705 13.3149 32.6556 80.8833 67.6901 159.6015 139.3845 11.0796 137.3399 105.8559 84.0649 72.6797 147.2530 26.0978 111.9905 156.7380 42.2885 47.1541 69.9443 83.4545 0.0000 85.2990 81.4464 152.1995 229.5074 143.4150 178.8576 49.7492 84.5816 110.8640 176.5189 119.8505 116.8838 74.5897 208.7312 76.0214 79.4866 235.2391 128.1671 92.7718 128.2814 152.6278 98.9998 100.5680 83.1937 106.8942 195.8263 162.6819 145.2274 155.1425 280.6103 114.0124 170.4363 82.6483 162.0804 127.8821 140.6968 113.6118 115.0217 119.2826 121.3870 97.5659 51.1058
281.4180 52.5289 226.2972 68.5775 54.2334 57.8661 190.4620 118.9748 170.5769 35.9948 84.6390 136.5268 227.3308 82.9912 97.5371 32.5667 80.3822 176.6520 134.5364 26.1690 77.6163 88.2765 17.1680 60.0659 134.9443 110.7828 135.2206 150.8644 71.9578 184.1201 120.4690 56.6096 141.9179 138.2078 78.2360 149.5332 152.1247 85.2990 0.0000 192.1300 63.9476 180.1165 180.1694 199.6951 88.8992 99.2851 107.8870 157.6287 119.5412 136.6240 129.1055 144.3047 126.6103 129.5540 175.3211 116.8386 87.8058 258.2781 26.4344 66.6205 107.4911 50.8091 118.3022 145.6424 97.2944 92.1032 15.6509 164.6600 75.1487 92.4605 188.8805 45.9194 54.3813 48.0708 171.9869 192.3260 130.1847 79.3574 149.4990 98.8476
112.3731 66.2775 66.5807 164.7135 187.9642 24.8298 6.0106 115.1549 239.9012 72.0182 88.3026 69.7541 179.1390 51.8357 124.3855 94.4481 119.5323 170.4448 66.6055 217.6119 67.2956 47.2910 49.6811 160.9412 63.4247 158.3810 176.3352 66.4958 250.6650 127.6383 44.8033 188.7482 164.7176 42.3326 71.0901 105.9486 50.8226 81.4464 192.1300 0.0000 56.4128 150.5417 203.2910 80.1464 174.4046 58.0965 89.2971 93.2449 51.1541 80.9287 133.4628 112.4940 63.0412 52.9478 31.5031 138.0887 64.7574 55.9554 154.7034 68.6366 134.0578 54.2282 161.7481 107.5379 222.7523 35.3004 208.9421 139.0738 202.6862 111.1645 110.7184 106.9725 127.0378 76.8052 29.2026 86.3351 131.8963 129.8553 46.5199 81.6158
129.8468 23.1508 21.5513 97.8725 13.1953 89.9458 100.0529 186.3142 73.7902 51.3842 71.4620 82.7685 128.8280 163.2166 54.4957 92.3608 83.7776 212.1608 259.3642 171.3320 58.7094 90.2466 204.0412 144.4071 46.8555 61.8332 74.6620 110.6578 253.2772 97.7498 161.5447 195.8999 74.9354 109.7350 129.7072 191.3084 57.4873 152.1995 63.9476 56.4128 0.0000 59.9398 152.9644 69.5117 119.1441 53.6619 180.5965 86.1898 86.9095 51.6788 37.5728 64.8514 118.7741 267.1257 72.7061 68.3305 194.7612 208.6183 152.5758 74.9560 131.9700 143.9564 28.5686 60.6285 6.8320 1.5016 134.6272 96.1327 142.3761 44.4859 48.3174 163.4894 126.6298 219.2054 38.1422 221.1417 92.9813 138.8411 158.3633 198.4703
79.8664 41.4639 112.8114 192.9421 238.3474 160.3186 50.3162 51.7615 123.3305 96.0050 102.1448 88.5102 151.0562 135.3301 88.0897 158.7352 47.2114 61.8247 82.3719 143.1636 110.4786 113.6044 126.9495 96.8552 54.6565 92.1028 25.4732 166.8239 129.5059 96.1491 19.2851 201.1533 99.4847 125.2911 128.2472 83.0102 18.4432 229.5074 180.1165 150.5417 59.9398 0.0000 183.4697 165.6699 142.6400 107.4563 50.3416 157.6156 48.5010 87.2437 123.3591 215.4030 90.4766 137.9626 161.8333 174.6925 130.5467 60.0241 104.4922 144.5050 102.5487 164.6712 68.5462 188.6721 78.9267 142.7445 32.2679 26.7324 67.7111 213.6148 115.0741 163.2513 180.2830 93.9883 61.7077 78.3671 49.7911 21.0851 57.1846 7.5635
94.9631 178.2240 81.1651 38.4704 113.8966 162.4756 155.2803 144.1583 136.4857 43.9956 75.7159 79.6329 64.0784 129.6202 34.1195 113.8965 139.8322 135.2465 78.8912 84.6292 89.3192 45.6741 129.6515 163.7660 29.5466 105.9917 78.4211 37.9260 96.1566 66.2263 162.9535 98.2685 162.6411 135.3717 31.2115 118.1892 96.8358 143.4150 180.1694 203.2910 152.9644 183.4697 0.0000 85.8705 19.6887 126.9180 86.7262 107.0102 113.4500 86.0738 99.4003 37.8482 181.9355 76.6969 64.9933 190.8704 153.8248 112.8642 152.7100 86.9735 139.0968 110.7795 108.4398 122.4954 14.7441 125.2263 110.6894 136.1171 139.8223 101.3865 65.6901 98.8273 71.7851 70.9175 175.4096 145.7747 88.4941 103.1821 96.9310 110.5902
119.9739 73.0624 66.5598 122.4634 157.4416 19.8926 205.4436 174.5700 138.6909 105.2551 92.6243 120.9494 165.7916 110.8531 146.0511 0.4859 157.7160 78.0350 104.7411 209.8170 73.6280 165.2683 238.1351 19.7608 181.1618 108.2790 116.5829 164.3863 190.6003 201.6469 192.9539 93.9946 113.9769 56.0590 51.2524 73.7859 143.3097 178.8576 199.6951 80.1464 69.5117 165.6699 85.8705 0.0000 102.4074 76.0572 111.9213 155.6149 182.3777 84.2867 143.6258 33.6631 100.6887 49.5483 111.8516 154.1733 29.9892 221.0564 66.2225 10.2636 44.7805 73.8217 53.3438 107.7828 9.3005 38.1072 180.6094 199.9977 123.9804 210.9633 101.4609 104.1191 111.9269 154.2203 148.4471 112.9406 52.0976 55.1667 40.4762 65.7332
80.5033 111.9879 229.6237 130.1342 64.3286 64.0499 29.5584 152.0724 83.6521 13.6452 80.2417 85.5336 92.6586 83.4475 156.4878 55.3492 37.8532 73.2502 63.8300 59.8728 33.1622 53.5088 51.9171 92.9794 25.9247 34.0698 165.4575 26.3386 80.5531 116.5524 110.2031 175.5041 108.1228 16.6462 119.0494 121.1247 87.6380 49.7492 88.8992 174.4046 119.1441 142.6400 19.6887 102.4074 0.0000 97.5026 75.4909 37.4745 137.3076 109.6390 78.5801 115.3640 217.2258 114.9198 183.3267 111.9350 89.9984 62.9169 92.4483 52.8980 101.8337 76.5901 115.2330 33.1495 250.5786 136.0571 74.6882 69.3594 47.6376 62.4894 128.3494 75.5098 62.5518 165.5277 30.2644 129.3583 37.6830 27.0718 145.8355 21.1942
113.7282 169.8676 147.2161 95.2859 62.1794 132.0655 134.4174 120.5495 183.6905 51.3500 98.2172 154.1315 1.6998 131.4440 177.4246 34.9953 104.6177 43.3195 93.2416 90.4181 115.7590 96.6772 14.2795 38.8067 188.5694 181.7485 93.1548 102.0042 161.8048 163.6543 204.1091 77.4976 21.8098 161.7672 36.1620 91.4013 124.2681 84.5816 99.2851 58.0965 53.6619 107.4563 126.9180 76.0572 97.5026 0.0000 104.5965 124.8025 68.3990 157.0846 1.6569 47.5587 75.6001 74.3097 236.1010 131.8981 119.7745 89.5334 25.2402 15.7739 83.2551 73.5576 81.1867 47.0832 81.1797 131.9559 117.4257 105.2073 117.7154 45.3048 58.9713 63.2158 39.0821 135.4415 155.5880 121.5773 108.9428 106.4687 45.2115 123.8389
47.7243 69.2493 123.9734 14.1796 88.1786 80.9629 70.9894 140.1357 97.7837 287.2006 165.3264 203.0411 63.2814 92.5417 67.3708 47.5442 103.2096 147.8527 42.2322 82.4741 78.3815 87.6727 55.0487 199.1754 162.2564 95.8773 64.7719 74.9473 26.7542 42.0439 182.6595 126.5134 85.6846 107.0914 24.6790 114.9335 55.9876 110.8640 107.8870 89.2971 180.5965 50.3416 86.7262 111.9213 75.4909 104.5965 0.0000 91.4600 71.8553 53.6207 140.0567 76.0899 90.2374 187.0561 191.6641 133.2219 111.8034 198.7307 229.7204 13.2070 70.4338 109.5214 42.0397 88.4744 52.0838 53.3795 28.7965 168.6305 268.7689 148.2592 221.1873 54.9143 127.7922 2.4497 79.4647 17.1085 224.6116 133.4954 70.7665 191.6384
137.4934 13.3718 175.4589 139.0399 187.1794 138.4982 69.1852 133.0783 125.7247 92.7982 23.2617 88.3621 23.3061 83.7048 44.6848 79.5455 95.5382 24.0481 26.5880 121.4075 138.2624 16.0926 112.2001 114.0289 67.4432 197.0043 119.8658 89.6434 202.2579 191.7927 76.0892 120.1629 56.0249 88.6677 7.8557 163.2591 9.7211 176.5189 157.6287 93.2449 86.1898 157.6156 107.0102 155.6149 37.4745 124.8025 91.4600 0.0000 36.3514 102.0857 105.3710 76.1401 170.1071 209.2671 156.6722 75.9059 29.1759 145.2810 84.9222 130.7340 159.5986 136.9815 172.5461 94.6734 39.8549 122.4098 52.4412 28.8011 93.2058 9.1289 73.4935 107.8736 94.8202 111.0378 137.8375 205.0954 63.8213 85.9512 136.1981 165.2794
187.2933 87.1607 34.4719 88.8533 58.7685 109.6368 66.6330 52.9692 152.8976 170.0191 183.7291 99.7707 24.7910 111.7349 86.9283 56.0210 85.4938 11.4818 111.8532 41.6451 219.1864 112.0190 28.0334 45.8339 79.3032 87.9916 128.6854 164.1629 73.7864 101.3029 108.2097 121.7817 109.1018 201.2792 127.5242 111.3695 81.6383 119.8505 119.5412 51.1541 86.9095 48.5010 113.4500 182.3777 137.3076 68.3990 71.8553 36.3514 0.0000 203.9021 88.1993 65.0598 59.1689 60.0113 91.5658 167.9138 150.5616 81.3330 0.0058 83.5350 124.5105 92.8981 92.7204 43.6004 110.5166 27.8186 64.6595 133.3476 111.5243 74.2633 59.2285 142.5168 52.7171 57.6007 210.4835 134.3624 117.2706 130.0973 146.5907 131.1881
59.2716 90.7863 97.1418 4.7362 94.1863 115.7852 119.5344 96.1976 9.7534 6.3413 93.6169 22.8400 94.6907 190.9304 151.0500 167.6423 79.7470 90.8700 117.7325 135.3917 13.7292 107.5177 120.9543 151.2945 26.2076 133.4654 22.0719 100.2249 143.2143 2.5324 154.4904 81.1585 78.2724 116.3769 182.6824 167.4064 133.3411 116.8838 136.6240 80.9287 51.6788 87.2437 86.0738 84.2867 109.6390 157.0846 53.6207 102.0857 203.9021 0.0000 71.4498 45.5936 26.7753 217.5301 167.5253 151.5352 104.5560 154.1946 126.8978 120.5221 152.1330 21.1024 136.3174 142.2392 125.9379 209.6810 158.6772 137.2165 143.4574 195.2285 58.4113 61.7095 28.2417 94.5828 159.3610 85.1236 6.7654 166.0036 15.7010 32.3903
81.1529 162.3925 160.5768 127.3446 27.9919 44.7475 234.4122 67.0685 209.7195 111.2825 114.7459 44.8596 156.1284 82.8327 171.7975 37.7284 155.4945 82.3839 117.6432 146.9265 17.7879 131.4533 93.0798 32.7034 66.2444 57.0353 58.2641 198.2827 94.0743 141.7128 145.0938 220.0777 126.8541 19.8132 126.2814 87.6523 155.1890 74.5897 129.1055 133.4628 37.5728 123.3591 99.4003 143.6258 78.5801 1.6569 140.0567 105.3710 88.1993 71.4498 0.0000 78.5263 118.1253 130.5789 69.0022 161.0050 109.1692 42.1571 138.3547 78.0410 120.9618 80.3589 25.4987 178.8680 98.4823 161.3079 105.9020 130.2612 109.6410 59.1164 191.1950 61.7551 137.5014 120.4769 81.5178 195.3685 182.8139 39.0294 101.7202 17.2502
73.9055 80.0720 144.6459 99.8385 107.9036 34.9406 90.0025 85.2199 120.7348 128.8683 100.4460 137.6776 25.3092 41.4815 33.4850 120.1810 176.3078 136.2858 147.8939 150.0697 114.8690 99.4702 199.5607 75.8312 95.9568 86.8033 202.7585 50.4761 123.1827 47.1079 203.0865 194.8949 41.8115 60.1535 39.2211 46.4755 152.3998 208.7312 144.3047 112.4940 64.8514 215.4030 37.8482 33.6631 115.3640 47.5587 76.0899 76.1401 65.0598 45.5936 78.5263 0.0000 210.1577 84.0476 110.8092 133.7535 146.3917 148.5681 89.0211 165.3471 191.3989 61.0165 58.9492 87.1719 142.4775 75.0500 91.1672 188.8335 37.9178 86.6828 58.6820 174.4789 86.3995 85.6755 110.8225 178.9469 70.5160 75.0541 68.5527 74.8815
128.9562 137.6199 78.3733 133.8956 164.3288 227.3115 90.1728 74.5269 189.7184 147.8971 17.7018 38.8808 61.1625 151.3398 158.3266 82.7600 112.6905 138.9138 46.5109 73.5659 98.3362 41.8128 162.5707 111.7507 61.9187 120.0130 107.6818 59.7905 40.0773 116.4166 133.8248 124.1910 101.3004 128.9505 26.3496 111.7826 31.1836 76.0214 126.6103 63.0412 118.7741 90.4766 181.9355 100.6887 217.2258 75.6001 90.2374 170.1071 59.1689 26.7753 118.1253 210.1577 0.0000 36.8302 166.3255 12.6388 84.5771 226.0202 177.0433 54.9134 76.5799 26.3316 90.5125 151.4670 76.5364 109.7869 153.4385 156.5048 95.6828 57.7812 82.6442 114.1839 154.1829 100.3827 93.9544 100.2060 118.4957 95.3023 154.3553 154.0347
70.4031 153.2341 47.4459 77.6909 172.3493 77.9575 122.5864 60.3685 56.3481 66.4695 63.0362 77.0260 210.9286 144.7650 112.8169 159.8662 18.0295 168.4947 27.7678 241.2164 117.3605 140.7629 184.1431 165.8312 129.4484 89.9225 137.9100 142.5458 96.6092 53.7965 90.6535 170.8941 107.6373 165.8917 127.7603 45.3605 135.6173 79.4866 129.5540 52.9478 267.1257 137.9626 76.6969 49.5483 114.9198 74.3097 187.0561 209.2671 60.0113 217.5301 130.5789 84.0476 36.8302 0.0000 129.0595 136.8757 8.2960 73.4243 62.6905 65.8506 186.3166 39.1929 147.7218 160.8590 208.7068 218.2554 158.8954 62.8855 138.2165 31.4851 132.7763 110.7006 54.8719 54.5843 58.7052 6.8593 92.9961 56.2580 11.0874 114.3266
132.2950 121.1213 30.0032 67.1438 54.8323 136.9815 44.9348 9.1243 68.7238 91.1137 105.5404 142.5373 59.3111 63.4793 79.4974 29.8807 112.8505 74.7095 115.2597 20.1447 88.6801 132.6617 68.8182 62.0754 77.0028 103.8464 124.6868 45.2316 10.8007 120.4776 141.2076 117.8945 98.7399 108.9922 123.4465 51.5339 104.2738 235.2391 175.3211 31.5031 72.7061 161.8333 64.9933 111.8516 183.3267 236.1010 191.6641 156.6722 91.5658 167.5253 69.0022 110.8092 166.3255 129.0595 0.0000 173.1440 71.1096 30.7808 260.3587 121.6768 140.9743 242.0863 49.1219 106.2783 115.6554 189.3357 110.5355 77.1719 117.7412 156.2902 93.2079 112.0497 51.0195 132.1513 159.5288 22.8454 22.7188 78.1094 189.9733 129.4834
112.1960 208.3938 42.2165 140.9015 114.1469 32.6873 140.0658 141.4727 174.0315 17.9812 27.0893 45.4445 80.2984 102.6900 92.1307 17.3512 110.4300 245.4983 119.7055 105.2589 92.7981 108.6730 123.8842 97.3741 153.2536 62.1518 143.3978 74.3938 95.4143 69.7559 13.7106 94.3288 80.5541 90.4749 72.0084 203.3367 142.8116 128.1671 116.8386 138.0887 68.3305 174.6925 190.8704 154.1733 111.9350 131.8981 133.2219 75.9059 167.9138 151.5352 161.0050 133.7535 12.6388 136.8757 173.1440 0.0000 61.6657 124.3982 212.7125 107.9559 98.7885 128.8390 124.6524 70.9114 70.6201 159.0729 89.1384 65.1308 119.6432 125.8492 14.0812 110.8354 96.5637 124.6207 3.2590 85.6750 152.5762 51.7445 113.7506 53.6046
109.3298 69.6106 93.9606 59.9566 37.9904 51.7624 112.2295 115.3675 53.8548 84.7826 87.7944 89.9098 35.0449 133.3947 88.9362 126.5184 118.7183 87.5922 139.6627 184.5848 197.4245 136.4819 138.9952 234.6455 2.2242 76.2603 21.2627 98.7466 142.5999 101.6511 120.2724 134.9234 187.3703 56.9819 23.8033 131.5819 168.1072 92.7718 87.8058 64.7574 194.7612 130.5467 153.8248 29.9892 89.9984 119.7745 111.8034 29.1759 150.5616 104.5560 109.1692 146.3917 84.5771 8.2960 71.1096 61.6657 0.0000 50.1563 83.9375 143.7122 78.4863 143.2245 103.0089 111.1809 102.9136 192.3294 80.5499 82.0325 95.1965 143.8748 190.8164 68.7326 32.3510 84.4585 25.8411 194.1829 43.5885 281.3817 187.0002 89.8148
84.8563 161.1701 30.8488 171.8255 226.6771 48.6201 150.5099 25.0945 104.1734 60.2129 55.3181 144.6185 85.8243 71.4166 55.7783 72.8398 132.3833 139.6264 172.2311 97.9927 164.1186 195.9710 120.4542 172.2788 80.6826 44.9318 160.3605 89.4997 39.2444 57.9671 63.8804 154.9263 13.0955 36.2874 98.4387 195.7486 54.9819 128.2814 258.2781 55.9554 208.6183 60.0241 112.8642 221.0564 62.9169 89.5334 198.7307 145.2810 81.3330 154.1946 42.1571 148.5681 226.0202 73.4243 30.7808 124.3982 50.1563 0.0000 66.5637 29.7653 230.0163 55.0954 159.6666 119.1404 114.8138 74.8933 155.6309 37.4683 66.0400 162.6738 175.2431 103.3450 133.5147 60.1351 67.6132 63.4901 187.4651 54.5452 212.2197 178.2894
