80
0.0000 166.7847 128.3900 67.3022 222.7080 142.7110 148.7344 37.2447 71.7255 104.6585 182.3383 52.5079 123.2376 14.2145 98.2951 57.8289 155.7737 84.7286 14.3432 171.5476 111.6282 77.7729 170.5431 215.2102 91.3197 118.4089 85.6540 64.2149 92.9633 116.4406 98.2144 55.0262 37.0200 91.6064 154.4019 126.8900 148.3124 93.1461 125.4000 101.6105 83.3989 263.7680 116.0908 71.2145 112.7661 176.2360 64.4137 75.1185 129.0092 13.5834 131.0814 156.5019 93.2016 131.2461 163.1200 106.5695 181.7356 22.4413 142.4347 40.1067 100.3924 34.8606 85.8272 73.9903 147.7170 82.3112 146.2389 140.6630 127.7083 215.5525 173.3401 146.9487 85.8353 205.4455 171.1833 185.5452 84.6374 152.8012 198.9177 84.2227
166.7847 0.0000 119.0747 126.0424 38.4655 156.3274 143.4591 108.5248 134.6010 128.7803 102.2375 65.2227 125.8122 74.1561 86.7456 191.5123 63.4888 79.0689 70.9521 188.8168 101.5179 95.0019 82.9157 54.8272 142.8643 41.4639 149.4943 110.6863 83.5132 60.9459 161.4802 24.7027 56.0473 96.8496 50.5516 71.3661 172.5141 30.3765 108.7058 126.3202 82.4869 91.9758 14.6643 139.7466 183.0891 114.1904 185.6107 154.9936 134.8666 62.6602 69.0203 124.2760 90.6705 61.5429 90.7630 135.3548 16.7457 191.3908 148.1195 145.2223 46.5359 150.5757 136.2846 124.7104 162.7952 154.3965 99.9510 65.4830 117.1245 111.1319 145.9227 102.0833 56.4730 86.1865 76.1313 99.3263 112.1331 191.0802 136.2095 140.9136
128.3900 119.0747 0.0000 107.8456 150.4026 22.6313 43.5492 145.5206 107.3448 14.2187 162.7135 56.1555 185.0955 102.8456 79.4574 113.5040 152.5840 159.0159 81.1124 110.3253 80.0043 151.2152 99.6095 160.6924 19.3156 22.7664 145.4057 47.2450 57.2867 136.4379 127.5751 129.9600 24.4869 52.2155 51.1412 13.1954 44.5980 71.9718 15.9955 97.6446 46.9919 41.7305 78.6362 11.4188 0.3545 188.8505 22.4521 222.5120 174.8287 21.5605 173.7215 65.0562 39.2632 94.3752 127.8044 101.2144 40.1982 159.0837 174.4135 49.3912 120.2447 184.5913 91.0784 198.2225 10.6012 182.9746 119.4021 192.6918 184.5130 75.0394 169.5414 106.0044 87.8269 191.0525 75.2209 79.9135 6.5641 137.6427 105.8251 59.4765
67.3022 126.0424 107.8456 0.0000 147.9447 118.7537 103.2849 160.3065 126.5953 58.7518 4.5141 115.9766 195.0455 95.7511 121.4539 116.1524 99.3921 27.9539 13.1173 250.4008 59.7866 72.3818 67.3103 161.5629 64.2706 116.3914 136.4574 16.0847 21.7824 42.7480 9.0805 135.6748 130.6456 51.5496 78.0747 97.6515 180.3590 72.5962 94.0886 93.9642 128.5660 262.8009 70.0984 46.9117 217.1930 162.2310 107.6911 23.4931 139.5088 192.6806 87.5938 157.8928 39.4170 88.7236 115.4066 191.7975 160.8737 186.8249 3.1437 78.1297 47.3004 70.4674 107.7973 99.0714 36.0304 94.9687 147.7802 87.2653 143.2707 93.5896 112.1179 180.4176 76.6929 210.9281 27.1301 127.9096 35.2725 28.0677 210.9497 137.0962
222.7080 38.4655 150.4026 147.9447 0.0000 124.5747 71.4097 81.6538 45.3338 126.9404 8.8714 107.1354 72.8852 209.7568 138.2189 70.5407 70.9356 155.9970 2.1350 165.4634 81.9678 129.5052 39.1697 93.6633 120.8547 126.6277 128.5191 41.3909 80.1667 76.5140 175.0521 227.0169 117.3973 129.3822 228.3934 76.3645 120.7080 116.0232 77.8061 23.9603 62.9943 84.4910 111.1934 90.7260 155.6481 6.9245 177.4306 68.5430 65.0217 95.3672 54.1506 4.4218 139.0008 47.6167 118.1264 72.2168 109.4759 100.6042 170.9742 77.2185 159.4695 50.1749 40.3522 84.6451 120.1694 75.1126 179.6336 60.5923 64.7117 139.4377 108.6360 110.0197 118.1948 24.4517 156.4186 111.2356 85.1695 60.0839 230.6661 40.3400
142.7110 156.3274 22.6313 118.7537 124.5747 0.0000 181.2881 99.0424 15.0155 140.8263 80.3786 140.1909 127.3101 11.3636 106.2402 109.9938 165.6180 35.3868 59.6884 50.8074 166.3143 113.0935 73.2762 76.7591 122.5934 166.0616 112.7546 14.8498 81.5772 56.3935 195.1734 57.8148 79.1819 40.4443 64.5681 65.6266 76.6262 71.7512 153.6055 125.5676 27.6152 61.3319 130.4760 54.2157 161.8703 149.8510 180.7875 30.8425 196.6621 190.2640 107.7338 185.3146 28.4324 36.8336 87.3631 87.0751 53.0224 91.5878 133.5452 118.8124 162.2918 45.0237 29.4650 134.4629 140.9219 99.7211 155.4864 125.6208 103.1612 120.0678 68.5570 94.3363 182.6335 179.8990 109.6197 157.4757 208.5083 167.4840 23.3994 156.4152
148.7344 143.4591 43.5492 103.2849 71.4097 181.2881 0.0000 125.6248 102.0925 136.1464 133.7203 102.1377 94.9314 75.3663 21.4022 136.7221 177.0871 187.6891 175.0403 121.5219 9.7286 4.6658 163.7372 9.4312 81.3536 114.8165 119.5257 194.8477 119.5698 118.8350 143.8148 131.5136 83.5437 140.8857 172.9094 42.8654 50.8891 136.6461 82.4037 45.1850 30.2926 190.2432 119.1996 122.1907 27.4741 58.2146 73.9709 160.9891 120.7432 46.7483 28.9623 146.4831 51.5399 67.2194 129.5641 104.1700 86.2984 122.6133 146.1817 132.6595 134.6189 120.6374 40.6386 84.6454 80.1542 118.1777 119.9112 106.0514 71.3594 46.3158 235.0214 172.4630 49.0253 130.1627 55.3316 71.1052 188.9796 108.3488 229.7634 152.6337
37.2447 108.5248 145.5206 160.3065 81.6538 99.0424 125.6248 0.0000 126.2027 42.3903 97.0096 179.0775 47.6177 160.4677 67.2599 30.9745 106.2477 191.0235 112.3788 64.4781 37.5872 130.7898 207.1775 72.3347 185.2906 171.5556 87.4978 173.7284 148.7108 91.3170 41.9647 131.6352 96.0019 91.3965 10.4225 97.2288 8.7372 83.9569 5.0856 75.9362 5.0206 172.5779 211.9403 56.0250 40.1235 264.5899 138.7141 207.3599 41.7994 108.9203 20.0208 17.7935 0.2575 104.2511 161.8858 15.0440 54.8513 220.5104 127.4082 89.6183 106.3458 87.3752 98.6758 137.0416 218.0085 107.9887 151.5203 104.1447 51.5705 88.6013 8.4970 50.7822 91.1136 112.0338 120.1185 99.9142 74.4880 109.1964 96.3358 72.9147
71.7255 134.6010 107.3448 126.5953 45.3338 15.0155 102.0925 126.2027 0.0000 109.2320 108.1160 33.8413 41.5087 107.1900 21.1433 99.7409 65.0422 58.1459 32.3361 47.8666 137.1809 102.3051 177.7892 120.2821 103.6026 80.7985 75.9171 54.7543 157.0586 110.4215 113.3985 120.6446 145.7562 159.9496 125.4148 30.1654 165.3315 31.4751 165.3836 54.8552 45.1322 90.5619 20.2945 147.5501 143.9756 175.1213 70.3199 39.4980 149.4097 93.0450 67.8442 46.3176 235.9428 118.8438 107.6443 195.6930 99.5945 124.4652 181.1049 136.2441 104.1607 149.9627 163.8841 74.1349 49.2703 42.9147 12.9293 106.8726 141.5670 138.3073 179.9361 158.5294 128.5756 161.9282 34.0474 144.8374 21.3531 128.7265 88.0623 75.2435
104.6585 128.7803 14.2187 58.7518 126.9404 140.8263 136.1464 42.3903 109.2320 0.0000 79.0250 157.8914 152.8616 121.6463 115.6038 131.5199 121.9859 225.1410 67.6291 151.1624 179.2425 73.0797 43.6190 76.2233 88.9170 41.8981 69.5981 106.3408 54.2481 79.0731 132.1726 167.2594 193.3719 176.4723 100.8977 82.1866 48.7645 57.9322 153.2262 85.9922 132.7285 194.9608 249.4448 47.2187 227.0194 61.6209 98.3453 224.9354 109.0533 162.8562 3.0889 259.0770 102.4171 72.9260 96.9708 175.9370 165.3562 202.3983 93.6080 114.0514 117.2028 129.2395 187.0958 151.4403 73.2903 32.2244 93.0265 104.6010 274.7018 95.6722 90.9573 87.3399 130.2884 176.5043 94.4093 70.7013 15.3109 35.4568 49.4960 83.7154
182.3383 102.2375 162.7135 4.5141 8.8714 80.3786 133.7203 97.0096 108.1160 79.0250 0.0000 16.3705 63.7201 110.2043 95.1274 123.6585 110.6835 139.5988 82.0160 71.9098 170.3316 81.6518 77.0902 139.7874 191.8750 18.6396 84.4878 14.4423 104.9051 94.4867 174.2738 105.9177 182.8573 93.5966 38.3166 64.0224 95.6144 71.1488 132.0208 36.4777 38.6139 127.7751 132.3876 68.9523 132.5809 93.0116 37.3980 158.3064 129.7850 1.0755 66.1191 195.2192 27.8542 111.4393 61.2546 150.5453 198.8736 108.9965 156.0132 118.3339 39.1822 7.6764 29.2866 146.1785 206.9962 107.3675 34.1985 72.3069 72.5873 68.8968 89.3401 102.3461 36.4955 54.3876 131.1182 15.5138 123.5177 45.9727 119.9495 187.6850
52.5079 65.2227 56.1555 115.9766 107.1354 140.1909 102.1377 179.0775 33.8413 157.8914 16.3705 0.0000 106.9778 227.5403 88.6555 84.9229 25.4241 70.3425 80.8344 119.8859 95.8734 160.9428 122.2344 93.3911 161.2801 99.3148 103.9443 44.0103 118.0282 248.2768 161.1947 165.5577 107.3366 112.8537 68.9159 60.4929 179.0534 145.8184 115.5390 117.0644 42.3900 59.0427 248.3107 63.3736 166.1908 65.3117 60.9994 156.5838 11.6328 201.9475 106.0869 105.5925 95.9202 121.5139 99.9143 82.2643 66.6995 68.7481 77.5393 115.3290 203.6003 65.1442 104.8513 103.6189 81.6339 131.8541 123.4866 96.7794 228.9301 67.7540 56.4039 80.8532 181.0532 58.7874 135.6496 12.0068 79.0771 188.2181 171.7592 196.1768
123.2376 125.8122 185.0955 195.0455 72.8852 127.3101 94.9314 47.6177 41.5087 152.8616 63.7201 106.9778 0.0000 96.7391 208.1895 200.7501 65.1599 108.2774 93.0666 86.6389 192.6446 90.8002 240.6456 114.5446 148.6506 177.1214 12.5089 119.8430 96.3128 25.1744 143.9344 7.6755 71.1356 64.6943 91.6248 80.8170 196.6233 174.9092 205.7145 115.4573 61.9361 220.0511 102.3910 91.4687 24.5357 119.2358 14.1898 4.8920 102.2104 55.9041 165.2917 139.3463 90.2685 8.9154 39.0380 65.3602 255.3567 140.8175 75.2106 86.5026 44.0391 157.1184 81.7704 105.9688 6.8529 38.0525 68.2203 73.2227 79.6004 101.6087 5.8861 169.5226 130.1211 52.2844 96.0743 148.8917 106.7617 93.5978 66.4561 26.4925
14.2145 74.1561 102.8456 95.7511 209.7568 11.3636 75.3663 160.4677 107.1900 121.6463 110.2043 227.5403 96.7391 0.0000 92.1988 139.8802 107.6931 52.4575 116.0196 91.2102 84.8817 36.9281 173.8541 91.0975 94.7801 62.5579 51.3659 86.5218 64.6752 73.3376 105.0457 71.9508 186.4530 80.9732 39.5354 98.1782 45.5523 128.2320 47.1219 101.7987 112.8258 79.5479 17.5953 134.8204 38.4679 33.6465 172.5555 116.6814 70.3633 85.9441 99.9120 43.6473 194.3074 108.5780 202.9448 150.9346 118.7242 134.6330 163.7799 97.3817 165.9386 195.4982 88.0358 112.0993 18.7974 86.5725 146.7358 188.5117 48.6237 75.4142 151.3107 40.3537 210.1001 133.9255 49.0919 87.0621 115.6585 218.7886 81.3867 58.0908
98.2951 86.7456 79.4574 121.4539 138.2189 106.2402 21.4022 67.2599 21.1433 115.6038 95.1274 88.6555 208.1895 92.1988 0.0000 22.2582 95.2739 8.9807 139.5446 107.7843 31.6702 106.7550 113.5665 50.7552 39.5556 85.2869 195.3771 201.5485 130.8703 52.0199 98.4044 118.6933 37.2546 60.1548 127.1269 32.0831 49.4964 69.1542 37.4325 106.1370 66.5186 31.9290 87.1144 178.6364 100.5758 74.7170 76.9913 102.8976 151.4558 104.6618 123.6580 67.5161 96.6896 53.1657 81.7827 215.7978 106.4025 62.5113 201.4851 82.9325 95.6786 106.9018 162.8077 92.2981 138.3672 108.2595 131.0319 90.1342 116.2603 151.2748 74.2809 141.3265 55.2957 54.5330 80.3645 156.6808 132.3951 82.4846 149.6428 72.6117
57.8289 191.5123 113.5040 116.1524 70.5407 109.9938 136.7221 30.9745 99.7409 131.5199 123.6585 84.9229 200.7501 139.8802 22.2582 0.0000 155.9653 127.9061 38.6825 142.4654 142.3756 162.2784 93.6037 102.9823 130.1634 100.1889 120.3343 70.7075 122.6091 90.7824 93.7864 56.8319 64.2495 261.3970 74.6307 177.1091 56.1993 172.0538 184.8620 83.7788 183.1025 153.0311 116.7805 17.3865 122.6949 62.7219 113.1711 22.7834 159.9881 105.3358 43.3604 63.7234 118.3737 50.6992 102.1257 79.6752 109.8090 98.4353 87.5609 106.9619 92.0638 111.9000 155.9248 198.6990 110.6816 180.5152 106.4412 75.5972 75.9107 62.4336 194.0880 82.4370 87.3067 154.5739 239.7112 27.6636 88.4326 141.2002 97.5198 30.4704
155.7737 63.4888 152.5840 99.3921 70.9356 165.6180 177.0871 106.2477 65.0422 121.9859 110.6835 25.4241 65.1599 107.6931 95.2739 155.9653 0.0000 54.9985 152.5915 144.1420 119.0379 163.7626 249.8015 56.9586 92.8725 88.6729 121.3144 139.7115 153.2555 174.3259 122.3703 100.5733 81.3574 14.9593 71.9024 93.1108 141.1744 43.0194 185.2360 0.8187 12.3660 86.8627 17.6447 215.4308 58.0013 195.9315 49.4764 138.1288 52.8076 143.8220 138.6140 93.6494 234.0607 54.6086 36.0636 79.5964 24.7763 145.8262 56.0195 44.6279 83.6740 87.3027 11.8941 13.4690 140.8920 126.7574 96.2917 129.4416 34.9215 109.6800 85.2905 120.9035 88.9073 95.8306 55.4103 44.1081 81.9053 127.4844 150.7737 90.6638
84.7286 79.0689 159.0159 27.9539 155.9970 35.3868 187.6891 191.0235 58.1459 225.1410 139.5988 70.3425 108.2774 52.4575 8.9807 127.9061 54.9985 0.0000 71.4576 113.7456 53.3033 97.3446 99.4072 54.3179 163.8687 42.5369 8.4288 111.4506 165.9217 30.7158 42.8843 100.6516 107.8718 43.6006 112.7896 78.4286 160.5169 124.8912 87.1802 182.5820 111.7222 143.7104 56.6695 86.0642 146.1012 85.5691 81.9631 88.5747 41.0785 58.5319 4.3148 151.5967 79.6155 57.9173 51.6159 129.3652 91.2327 18.2136 172.3643 80.6776 104.0074 89.5467 148.2490 125.8557 120.7879 4.7830 49.6450 101.0024 221.3367 52.9388 130.5684 115.5001 127.7126 98.9962 56.1865 150.0832 154.8083 93.3273 110.5319 63.9601
14.3432 70.9521 81.1124 13.1173 2.1350 59.6884 175.0403 112.3788 32.3361 67.6291 82.0160 80.8344 93.0666 116.0196 139.5446 38.6825 152.5915 71.4576 0.0000 0.9045 104.7538 20.1862 39.2142 12.1438 124.7776 111.3603 100.4507 88.2653 80.2279 156.0360 95.5706 15.5999 57.4578 28.9166 86.2149 88.7096 48.8994 64.1449 131.3109 132.6047 48.1630 15.4772 156.9522 60.0469 74.1960 112.0930 107.8507 103.3714 93.4384 120.2169 130.2060 149.7030 80.4367 195.3845 135.4275 162.8211 96.3027 162.7226 88.7563 71.5518 68.7583 91.4142 130.4544 159.0759 181.5498 148.6555 94.5165 92.3691 112.1343 71.0071 196.4173 145.7305 177.8229 88.0611 129.8568 144.5996 74.1745 191.0225 119.8881 137.3440
171.5476 188.8168 110.3253 250.4008 165.4634 50.8074 121.5219 64.4781 47.8666 151.1624 71.9098 119.8859 86.6389 91.2102 107.7843 142.4654 144.1420 113.7456 0.9045 0.0000 143.7357 189.3262 114.8413 111.3244 86.3879 38.1309 127.6393 178.9699 112.3168 68.7270 29.3848 161.4714 145.6719 67.2365 16.5234 82.7861 62.3873 147.2412 134.4464 226.9568 142.4471 106.4479 67.7148 111.1355 182.2707 98.7383 32.6941 104.3183 199.4637 32.8851 55.8998 135.9061 168.5429 71.2956 43.3119 94.5214 153.1163 91.4525 110.8490 224.6064 93.6846 34.7750 161.0101 41.7808 144.1728 62.1303 128.2801 81.6623 67.4063 84.0103 103.0350 122.6587 40.2479 113.7011 134.6348 177.8009 26.2286 112.5282 92.4378 80.6305
111.6282 101.5179 80.0043 59.7866 81.9678 166.3143 9.7286 37.5872 137.1809 179.2425 170.3316 95.8734 192.6446 84.8817 31.6702 142.3756 119.0379 53.3033 104.7538 143.7357 0.0000 30.7664 146.1141 90.9766 60.0394 106.4467 62.4262 70.8711 45.4017 70.1466 144.4553 40.1191 62.0098 91.2062 168.4333 197.5815 78.4037 60.0632 77.9272 137.1216 82.5161 55.7534 67.5336 123.9717 33.7139 115.6240 90.8553 154.6948 84.1160 81.4933 108.8415 39.1915 114.9642 89.7502 149.9303 172.3096 77.0572 190.1914 17.2104 142.9894 11.7153 125.1191 75.9449 163.9980 147.5103 109.3234 95.6667 108.1644 67.8255 84.7382 85.7755 146.3766 96.7061 104.0532 62.3897 22.8596 75.2772 85.9437 83.3826 129.4366
77.7729 95.0019 151.2152 72.3818 129.5052 113.0935 4.6658 130.7898 102.3051 73.0797 81.6518 160.9428 90.8002 36.9281 106.7550 162.2784 163.7626 97.3446 20.1862 189.3262 30.7664 0.0000 139.0716 103.3449 46.5619 227.8923 57.7136 84.4868 176.0125 183.2343 95.9966 53.4293 78.0907 175.6419 128.5700 69.2652 133.3959 125.7584 33.7663 34.6136 81.3175 93.5185 114.6274 76.2809 38.7837 97.8711 78.1183 109.5869 35.3512 60.3441 113.5473 204.2566 3.3097 65.0135 252.5499 120.1156 60.0029 117.7526 160.1069 47.6273 100.0630 102.7470 26.5169 135.3082 147.8002 34.2618 26.2321 114.0253 136.0786 133.8317 82.0014 48.0795 77.5104 239.3565 147.3267 128.8049 166.9681 175.2322 4.0072 45.0660
170.5431 82.9157 99.6095 67.3103 39.1697 73.2762 163.7372 207.1775 177.7892 43.6190 77.0902 122.2344 240.6456 173.8541 113.5665 93.6037 249.8015 99.4072 39.2142 114.8413 146.1141 139.0716 0.0000 22.4648 105.3385 75.3669 75.8139 61.6998 59.0304 167.6609 178.7296 145.9364 92.6121 183.4185 28.8555 61.4369 209.0339 258.0147 58.7689 34.0857 177.1284 197.0794 75.1641 112.9708 100.6498 158.9339 137.9839 131.9214 148.0470 89.1410 116.6578 191.7763 143.6250 93.7675 137.5128 86.2152 94.0527 189.2388 131.7300 67.3777 47.9076 69.1173 77.6807 119.5938 117.2933 95.7324 154.2688 68.2642 56.4731 107.9670 131.3650 107.6476 104.1446 96.4851 118.1851 140.0210 83.5640 121.2787 173.9875 190.4667
215.2102 54.8272 160.6924 161.5629 93.6633 76.7591 9.4312 72.3347 120.2821 76.2233 139.7874 93.3911 114.5446 91.0975 50.7552 102.9823 56.9586 54.3179 12.1438 111.3244 90.9766 103.3449 22.4648 0.0000 137.0837 121.3640 122.8080 18.3417 153.6185 151.5480 56.0238 167.5019 131.5457 103.3663 90.4776 218.1036 32.8243 120.5158 59.4227 9.6863 157.8152 184.2938 26.6254 186.1910 93.4656 61.8887 281.4655 70.8376 149.1987 139.3672 98.0264 151.2908 123.7858 114.0955 183.2777 238.2634 72.5841 128.5301 107.0913 151.6219 132.7126 132.0130 135.6293 135.7630 119.2608 35.2940 131.2029 109.6584 84.7413 131.0217 47.4692 146.3858 128.9941 287.5855 83.1562 130.8219 163.6209 96.9661 176.0308 77.3438
91.3197 142.8643 19.3156 64.2706 120.8547 122.5934 81.3536 185.2906 103.6026 88.9170 191.8750 161.2801 148.6506 94.7801 39.5556 130.1634 92.8725 163.8687 124.7776 86.3879 60.0394 46.5619 105.3385 137.0837 0.0000 37.7017 63.0476 87.6736 34.5254 67.2280 35.5948 191.0195 207.9848 162.2518 68.8915 12.8702 121.1579 76.7269 114.7944 77.8013 151.6710 133.2632 103.3940 108.1417 129.6557 121.4472 32.2437 117.1851 163.1210 95.9805 42.0473 200.0468 100.0073 179.8955 209.9617 90.2324 152.9153 97.8884 18.1752 174.6840 112.2033 111.2794 154.7642 50.9799 140.9488 59.1483 25.0892 67.5902 47.3930 69.9732 96.5136 90.1667 89.4897 160.1288 154.6830 79.0403 106.8511 163.9548 109.6138 80.8178
118.4089 41.4639 22.7664 116.3914 126.6277 166.0616 114.8165 171.5556 80.7985 41.8981 18.6396 99.3148 177.1214 62.5579 85.2869 100.1889 88.6729 42.5369 111.3603 38.1309 106.4467 227.8923 75.3669 121.3640 37.7017 0.0000 155.2647 83.6151 18.4422 6.5753 191.3101 147.0930 116.2695 134.6124 119.9204 192.7536 98.2695 101.8948 13.7145 128.3932 53.1415 61.8008 89.0766 46.9990 98.4427 42.2890 154.0621 110.0290 133.7268 148.7082 108.3983 68.3434 31.6846 64.2475 159.7046 89.4465 24.4369 179.9184 209.4129 79.4229 91.6141 185.2851 146.5310 60.7371 125.6527 82.0963 102.7474 109.4223 101.3933 41.1343 110.6225 142.4385 199.4511 260.7985 83.4741 108.9840 60.8520 35.3891 219.4132 151.3889
85.6540 149.4943 145.4057 136.4574 128.5191 112.7546 119.5257 87.4978 75.9171 69.5981 84.4878 103.9443 12.5089 51.3659 195.3771 120.3343 121.3144 8.4288 100.4507 127.6393 62.4262 57.7136 75.8139 122.8080 63.0476 155.2647 0.0000 125.2420 45.8202 80.1594 144.0559 87.0656 97.8292 184.0726 0.1131 87.8397 83.0036 74.7177 162.5414 107.3115 70.9672 88.6790 42.2309 116.9880 67.9201 45.9143 123.9636 15.0282 118.1918 47.0664 89.2111 94.2336 119.4350 136.6065 32.0028 63.5460 123.6264 80.3174 0.4651 165.8201 196.3861 126.1744 108.8483 88.9335 48.2526 68.8150 87.3559 123.5519 224.1367 68.9316 122.7825 5.1635 1.1683 83.6184 80.6388 144.0396 32.4932 177.5420 8.0882 85.0999
64.2149 110.6863 47.2450 16.0847 41.3909 14.8498 194.8477 173.7284 54.7543 106.3408 14.4423 44.0103 119.8430 86.5218 201.5485 70.7075 139.7115 111.4506 88.2653 178.9699 70.8711 84.4868 61.6998 18.3417 87.6736 83.6151 125.2420 0.0000 19.0989 130.6424 213.1443 121.0580 26.6719 86.4531 87.9857 120.4980 124.7300 67.6507 72.3151 172.6511 128.3297 112.8564 92.5543 127.9873 132.9583 73.8715 40.5393 111.4237 122.3365 39.7977 87.2900 149.6379 95.7813 68.0102 156.4019 203.7288 148.9147 145.1157 68.4849 145.5355 110.0833 80.4351 84.5135 259.2182 144.3821 81.0324 64.9968 70.6105 81.1488 63.5274 118.9524 45.4116 81.5755 7.6237 3.1022 74.1169 82.0575 0.6120 128.2517 176.4975
92.9633 83.5132 57.2867 21.7824 80.1667 81.5772 119.5698 148.7108 157.0586 54.2481 104.9051 118.0282 96.3128 64.6752 130.8703 122.6091 153.2555 165.9217 80.2279 112.3168 45.4017 176.0125 59.0304 153.6185 34.5254 18.4422 45.8202 19.0989 0.0000 104.7284 108.6380 66.2418 84.1387 45.4617 120.5189 158.3344 80.9156 181.2291 58.7350 65.1916 64.8316 198.7858 220.1057 111.0615 67.2186 162.4955 135.5069 90.7910 131.7033 45.8866 36.8188 90.6051 25.2245 187.8049 211.2957 84.5341 93.6598 125.1343 98.6260 112.3144 117.0641 99.0070 43.0544 98.9654 54.4363 73.7246 36.2148 105.7566 65.2366 152.3243 31.5949 10.4511 152.0210 37.8265 123.1873 74.1287 59.7728 173.5878 48.6568 193.9025
116.4406 60.9459 136.4379 42.7480 76.5140 56.3935 118.8350 91.3170 110.4215 79.0731 94.4867 248.2768 25.1744 73.3376 52.0199 90.7824 174.3259 30.7158 156.0360 68.7270 70.1466 183.2343 167.6609 151.5480 67.2280 6.5753 80.1594 130.6424 104.7284 0.0000 150.4630 11.6325 79.0791 81.5240 149.3383 79.0931 54.2743 140.9253 163.6234 78.2824 106.6695 146.9414 18.6057 136.7789 126.2882 130.9642 134.4164 90.5543 165.8947 81.3161 156.2841 33.4336 143.6444 84.1148 111.1733 235.8605 92.0825 61.5563 139.6407 251.7229 163.3258 46.5779 212.4127 94.2800 13.5462 5.4682 160.4715 179.4503 0.1923 145.8541 153.5158 151.3148 36.2487 126.0171 81.4495 98.8091 96.2664 32.1826 79.4063 48.8262
98.2144 161.4802 127.5751 9.0805 175.0521 195.1734 143.8148 41.9647 113.3985 132.1726 174.2738 161.1947 143.9344 105.0457 98.4044 93.7864 122.3703 42.8843 95.5706 29.3848 144.4553 95.9966 178.7296 56.0238 35.5948 191.3101 144.0559 213.1443 108.6380 150.4630 0.0000 134.5171 57.6504 50.7248 53.1534 7.4853 23.0175 147.6292 178.4271 142.0053 261.7447 165.6599 67.5615 210.2124 83.9096 130.9821 110.9891 118.8452 296.2389 97.7954 65.4250 104.1822 164.5003 38.5042 189.6894 38.1628 214.8080 153.8854 177.2422 204.6423 112.7747 159.9589 43.9197 27.5525 128.8635 146.2710 195.8343 190.0273 119.0716 161.9979 87.5943 176.8514 141.4564 200.5394 121.6365 91.9186 212.2113 167.4500 148.4330 39.1997
55.0262 24.7027 129.9600 135.6748 227.0169 57.8148 131.5136 131.6352 120.6446 167.2594 105.9177 165.5577 7.6755 71.9508 118.6933 56.8319 100.5733 100.6516 15.5999 161.4714 40.1191 53.4293 145.9364 167.5019 191.0195 147.0930 87.0656 121.0580 66.2418 11.6325 134.5171 0.0000 105.6193 117.4380 22.1103 119.3544 160.1041 57.1881 147.0036 106.5716 91.2898 17.4891 104.4540 69.2918 50.1439 85.2850 273.0094 140.3578 94.6092 63.4425 20.4710 51.8686 169.0795 167.5071 233.5659 85.8433 181.5843 112.9736 100.5237 56.8270 23.4019 81.0311 258.0476 101.2334 69.1956 162.2670 172.6153 151.6665 133.2716 15.9223 38.9839 59.4470 4.9210 201.6151 115.1504 105.6943 166.8507 199.8382 28.8832 12.0522
37.0200 56.0473 24.4869 130.6456 117.3973 79.1819 83.5437 96.0019 145.7562 193.3719 182.8573 107.3366 71.1356 186.4530 37.2546 64.2495 81.3574 107.8718 57.4578 145.6719 62.0098 78.0907 92.6121 131.5457 207.9848 116.2695 97.8292 26.6719 84.1387 79.0791 57.6504 105.6193 0.0000 214.1952 55.1687 13.5696 54.1851 40.7360 135.1756 141.8559 169.2795 23.3714 143.2745 41.6417 183.6628 77.1661 128.4255 174.2010 128.4132 130.4547 2.7242 218.4705 22.5473 92.4141 137.9428 144.6681 150.3690 113.9993 85.6874 174.5226 30.7721 118.5795 130.8898 39.0493 116.1896 89.8785 136.6014 70.7401 70.5752 102.2427 45.7958 21.2436 27.9606 88.7244 91.7649 40.7428 31.1328 87.6364 132.9480 157.8004
91.6064 96.8496 52.2155 51.5496 129.3822 40.4443 140.8857 91.3965 159.9496 176.4723 93.5966 112.8537 64.6943 80.9732 60.1548 261.3970 14.9593 43.6006 28.9166 67.2365 91.2062 175.6419 183.4185 103.3663 162.2518 134.6124 184.0726 86.4531 45.4617 81.5240 50.7248 117.4380 214.1952 0.0000 71.1966 90.6855 70.5418 175.4287 127.7522 199.1768 85.4778 25.2237 218.2088 122.8136 153.9550 54.5025 102.0626 112.2432 98.6835 78.8923 200.7713 84.9761 90.4717 113.1571 150.0003 136.5398 162.8638 206.1269 10.6235 151.4653 100.1444 127.7905 144.4968 73.3107 186.9043 222.8578 155.9234 158.6611 42.6811 132.1911 161.6090 61.3050 139.7476 68.8946 89.5593 157.7649 233.7445 63.5211 142.2557 98.3399
154.4019 50.5516 51.1412 78.0747 228.3934 64.5681 172.9094 10.4225 125.4148 100.8977 38.3166 68.9159 91.6248 39.5354 127.1269 74.6307 71.9024 112.7896 86.2149 16.5234 168.4333 128.5700 28.8555 90.4776 68.8915 119.9204 0.1131 87.9857 120.5189 149.3383 53.1534 22.1103 55.1687 71.1966 0.0000 17.1178 160.8662 111.7850 96.4287 25.2599 7.4261 108.7967 182.3675 87.3627 70.5869 121.2395 89.3973 46.2274 88.2020 148.4811 226.3416 34.0197 28.1128 57.5540 3.2424 71.4238 48.5652 147.4647 41.6283 44.8111 83.2384 214.9745 98.9757 32.2025 148.4593 46.6124 15.8788 88.9995 126.2478 122.0217 286.3900 61.2238 132.3485 100.5773 72.2936 167.6367 9.7904 88.7087 71.1577 118.8447
126.8900 71.3661 13.1954 97.6515 76.3645 65.6266 42.8654 97.2288 30.1654 82.1866 64.0224 60.4929 80.8170 98.1782 32.0831 177.1091 93.1108 78.4286 88.7096 82.7861 197.5815 69.2652 61.4369 218.1036 12.8702 192.7536 87.8397 120.4980 158.3344 79.0931 7.4853 119.3544 13.5696 90.6855 17.1178 0.0000 150.0837 159.5939 115.1053 59.7544 67.7996 75.5610 32.6094 18.6501 177.4043 83.2160 132.3383 34.3767 30.2745 8.0469 132.9349 61.0392 126.3398 50.4228 203.1764 115.4249 49.4936 203.5458 136.5342 166.5955 43.1557 155.4966 125.6688 67.4460 88.0283 188.5534 149.9619 158.6458 88.0691 89.4004 60.8315 100.1150 61.7994 79.6952 46.7723 144.3042 212.0635 159.5416 237.3053 50.6009
148.3124 172.5141 44.5980 180.3590 120.7080 76.6262 50.8891 8.7372 165.3315 48.7645 95.6144 179.0534 196.6233 45.5523 49.4964 56.1993 141.1744 160.5169 48.8994 62.3873 78.4037 133.3959 209.0339 32.8243 121.1579 98.2695 83.0036 124.7300 80.9156 54.2743 23.0175 160.1041 54.1851 70.5418 160.8662 150.0837 0.0000 70.1613 179.4971 103.5347 116.3432 96.7361 76.9321 173.9931 80.2667 133.0684 180.0602 148.8345 82.8981 104.8988 176.6221 58.5964 20.6981 150.4655 201.3343 124.1868 203.1141 128.0067 161.4913 65.5926 92.3650 49.7119 113.2814 113.0988 197.1325 104.2324 76.1361 32.6760 33.2511 101.0853 24.3165 62.9311 230.4534 95.8046 26.1161 43.2189 151.8290 127.2189 34.5199 64.5648
93.1461 30.3765 71.9718 72.5962 116.0232 71.7512 136.6461 83.9569 31.4751 57.9322 71.1488 145.8184 174.9092 128.2320 69.1542 172.0538 43.0194 124.8912 64.1449 147.2412 60.0632 125.7584 258.0147 120.5158 76.7269 101.8948 74.7177 67.6507 181.2291 140.9253 147.6292 57.1881 40.7360 175.4287 111.7850 159.5939 70.1613 0.0000 104.6299 39.9892 94.9757 79.8253 65.4158 61.4744 52.7105 104.3012 125.2370 143.2132 132.5404 87.0618 115.5054 45.8429 63.9742 111.3820 132.9232 94.3305 20.8982 173.5536 136.6482 152.3710 133.1224 124.8028 58.5435 34.3354 71.1599 59.2193 86.6141 28.4407 135.4712 109.1695 23.0156 107.0981 241.8397 225.0160 153.9819 139.4390 20.0339 247.0478 2.3876 101.0134
125.4000 108.7058 15.9955 94.0886 77.8061 153.6055 82.4037 5.0856 165.3836 153.2262 132.0208 115.5390 205.7145 47.1219 37.4325 184.8620 185.2360 87.1802 131.3109 134.4464 77.9272 33.7663 58.7689 59.4227 114.7944 13.7145 162.5414 72.3151 58.7350 163.6234 178.4271 147.0036 135.1756 127.7522 96.4287 115.1053 179.4971 104.6299 0.0000 229.8095 156.4600 61.4208 153.5322 112.2617 68.9988 121.9048 65.6059 138.6148 91.5039 6.0929 77.0213 109.5445 109.1514 141.5478 78.2191 76.5655 82.0151 83.4897 136.0808 76.7822 223.4580 190.2920 105.2452 115.0534 132.8895 30.0540 67.3244 101.5836 142.9414 132.4007 122.6094 110.3289 92.7094 23.9131 119.2175 12.4930 24.6454 64.4354 37.2596 166.2865
101.6105 126.3202 97.6446 93.9642 23.9603 125.5676 45.1850 75.9362 54.8552 85.9922 36.4777 117.0644 115.4573 101.7987 106.1370 83.7788 0.8187 182.5820 132.6047 226.9568 137.1216 34.6136 34.0857 9.6863 77.8013 128.3932 107.3115 172.6511 65.1916 78.2824 142.0053 106.5716 141.8559 199.1768 25.2599 59.7544 103.5347 39.9892 229.8095 0.0000 53.4037 89.5821 55.0447 155.0647 65.1979 64.1681 73.2861 211.8033 184.2575 55.7643 201.1668 36.5185 64.1396 191.0084 64.0546 146.0261 179.8715 187.3430 170.9580 146.1762 113.1138 146.8062 143.8595 253.6349 138.0106 110.5817 108.2669 74.8049 45.0476 59.7225 90.9518 29.6941 169.5261 61.9185 84.3719 113.3883 136.5508 81.6342 148.3940 0.1340
83.3989 82.4869 46.9919 128.5660 62.9943 27.6152 30.2926 5.0206 45.1322 132.7285 38.6139 42.3900 61.9361 112.8258 66.5186 183.1025 12.3660 111.7222 48.1630 142.4471 82.5161 81.3175 177.1284 157.8152 151.6710 53.1415 70.9672 128.3297 64.8316 106.6695 261.7447 91.2898 169.2795 85.4778 7.4261 67.7996 116.3432 94.9757 156.4600 53.4037 0.0000 27.2579 127.3632 82.3293 129.2282 5.7930 59.9284 70.0936 96.5154 4.7214 41.1727 73.4496 145.6179 28.2997 84.4142 25.0041 74.9252 127.2719 122.3357 118.9420 173.3024 24.2727 115.8249 140.6028 114.4894 124.3112 80.7886 72.2487 81.3809 141.2967 180.9496 96.7024 200.6373 230.3707 83.7641 156.1181 86.2831 60.3571 228.1974 95.1676
263.7680 91.9758 41.7305 262.8009 84.4910 61.3319 190.2432 172.5779 90.5619 194.9608 127.7751 59.0427 220.0511 79.5479 31.9290 153.0311 86.8627 143.7104 15.4772 106.4479 55.7534 93.5185 197.0794 184.2938 133.2632 61.8008 88.6790 112.8564 198.7858 146.9414 165.6599 17.4891 23.3714 25.2237 108.7967 75.5610 96.7361 79.8253 61.4208 89.5821 27.2579 0.0000 22.9419 153.2811 140.1036 95.9625 58.4811 22.9296 17.1556 87.8425 116.8371 125.0616 101.3742 97.5401 131.6654 0.8416 104.5554 122.3187 81.1084 130.4324 146.8939 58.3441 113.5435 204.1147 168.4548 130.2944 20.5657 24.0885 112.0626 26.4624 31.3127 53.5084 71.1878 147.9601 85.0539 91.4878 179.2931 131.3591 154.2958 66.3667
116.0908 14.6643 78.6362 70.0984 111.1934 130.4760 119.1996 211.9403 20.2945 249.4448 132.3876 248.3107 102.3910 17.5953 87.1144 116.7805 17.6447 56.6695 156.9522 67.7148 67.5336 114.6274 75.1641 26.6254 103.3940 89.0766 42.2309 92.5543 220.1057 18.6057 67.5615 104.4540 143.2745 218.2088 182.3675 32.6094 76.9321 65.4158 153.5322 55.0447 127.3632 22.9419 0.0000 79.2564 27.8701 101.0099 101.4611 167.0517 140.9755 117.9601 129.8847 170.9069 94.1531 94.2159 86.1659 146.6731 174.6832 2.8032 55.0046 67.9878 171.5007 71.8954 65.4521 135.0683 55.7617 126.2493 231.9126 138.1987 81.9743 131.3187 167.2532 127.4721 139.3003 180.3365 195.5547 97.6784 26.9576 106.5152 136.0724 80.4998
71.2145 139.7466 11.4188 46.9117 90.7260 54.2157 122.1907 56.0250 147.5501 47.2187 68.9523 63.3736 91.4687 134.8204 178.6364 17.3865 215.4308 86.0642 60.0469 111.1355 123.9717 76.2809 112.9708 186.1910 108.1417 46.9990 116.9880 127.9873 111.0615 136.7789 210.2124 69.2918 41.6417 122.8136 87.3627 18.6501 173.9931 61.4744 112.2617 155.0647 82.3293 153.2811 79.2564 0.0000 171.8291 121.0443 83.1740 112.4958 48.5135 39.8449 148.5152 163.5350 106.1032 108.1933 137.7555 147.5164 26.2316 45.7267 32.6356 154.9496 73.6347 20.9896 195.5640 174.8738 75.8026 13.4225 125.3386 86.7134 2.1182 61.1074 182.4776 136.0179 15.4312 163.3557 95.1637 159.3704 3.2675 153.8250 33.7487 87.6086
112.7661 183.0891 0.3545 217.1930 155.6481 161.8703 27.4741 40.1235 143.9756 227.0194 132.5809 166.1908 24.5357 38.4679 100.5758 122.6949 58.0013 146.1012 74.1960 182.2707 33.7139 38.7837 100.6498 93.4656 129.6557 98.4427 67.9201 132.9583 67.2186 126.2882 83.9096 50.1439 183.6628 153.9550 70.5869 177.4043 80.2667 52.7105 68.9988 65.1979 129.2282 140.1036 27.8701 171.8291 0.0000 83.4786 88.1148 180.3876 179.8276 2.9739 123.7097 168.7083 188.4680 109.7123 96.4157 70.6338 81.6759 71.4440 77.2490 213.5368 106.5795 18.0695 181.5025 42.1917 190.6860 178.9449 122.3514 72.1225 108.2957 90.0892 192.2681 90.0687 45.0808 148.2803 139.6669 99.1055 193.2670 65.1725 40.3224 157.9648
176.2360 114.1904 188.8505 162.2310 6.9245 149.8510 58.2146 264.5899 175.1213 61.6209 93.0116 65.3117 119.2358 33.6465 74.7170 62.7219 195.9315 85.5691 112.0930 98.7383 115.6240 97.8711 158.9339 61.8887 121.4472 42.2890 45.9143 73.8715 162.4955 130.9642 130.9821 85.2850 77.1661 54.5025 121.2395 83.2160 133.0684 104.3012 121.9048 64.1681 5.7930 95.9625 101.0099 121.0443 83.4786 0.0000 168.0908 161.7804 162.2252 67.8609 88.8644 164.1898 44.2361 147.4318 177.4141 102.7435 198.1973 116.7987 188.4296 81.6274 116.1965 169.0347 97.5304 58.6716 139.8870 68.8326 158.1106 127.7821 128.6453 70.8225 30.4905 56.1821 121.7141 68.4244 197.6953 102.5046 60.0978 84.5561 149.4812 116.6382
64.4137 185.6107 22.4521 107.6911 177.4306 180.7875 73.9709 138.7141 70.3199 98.3453 37.3980 60.9994 14.1898 172.5555 76.9913 113.1711 49.4764 81.9631 107.8507 32.6941 90.8553 78.1183 137.9839 281.4655 32.2437 154.0621 123.9636 40.5393 135.5069 134.4164 110.9891 273.0094 128.4255 102.0626 89.3973 132.3383 180.0602 125.2370 65.6059 73.2861 59.9284 58.4811 101.4611 83.1740 88.1148 168.0908 0.0000 121.4374 48.4980 61.4886 83.5836 128.4999 179.9252 92.0868 62.5930 130.7109 104.4974 63.5306 87.9304 195.1096 54.7147 163.9195 73.8172 3.6350 110.4409 0.8131 9.9225 99.5837 118.9768 124.5093 154.1370 118.8214 137.5887 95.4345 73.9374 45.5912 24.7872 119.4970 41.5476 106.7054
75.1185 154.9936 222.5120 23.4931 68.5430 30.8425 160.9891 207.3599 39.4980 224.9354 158.3064 156.5838 4.8920 116.6814 102.8976 22.7834 138.1288 88.5747 103.3714 104.3183 154.6948 109.5869 131.9214 70.8376 117.1851 110.0290 15.0282 111.4237 90.7910 90.5543 118.8452 140.3578 174.2010 112.2432 46.2274 34.3767 148.8345 143.2132 138.6148 211.8033 70.0936 22.9296 167.0517 112.4958 180.3876 161.7804 121.4374 0.0000 98.4051 137.6236 144.8315 120.6699 152.7705 79.7371 80.5356 83.2017 97.1109 129.1501 62.8730 144.8308 87.0054 63.1687 145.4430 118.1609 91.1297 9.8347 166.1979 156.8584 96.1476 122.7139 18.8044 39.2725 92.7117 128.9578 80.1651 165.1859 153.8517 133.9120 132.3890 173.4681
129.0092 134.8666 174.8287 139.5088 65.0217 196.6621 120.7432 41.7994 149.4097 109.0533 129.7850 11.6328 102.2104 70.3633 151.4558 159.9881 52.8076 41.0785 93.4384 199.4637 84.1160 35.3512 148.0470 149.1987 163.1210 133.7268 118.1918 122.3365 131.7033 165.8947 296.2389 94.6092 128.4132 98.6835 88.2020 30.2745 82.8981 132.5404 91.5039 184.2575 96.5154 17.1556 140.9755 48.5135 179.8276 162.2252 48.4980 98.4051 0.0000 157.2724 179.4667 31.8569 141.3649 87.6126 86.1284 207.6284 74.9827 161.7355 154.4140 79.1566 120.8442 99.0279 141.1816 93.2834 151.4318 193.3447 145.3496 79.0173 57.0513 4.0301 71.0764 79.4974 160.6182 154.8371 66.8997 81.3533 61.7864 121.0316 205.3820 125.1638
13.5834 62.6602 21.5605 192.6806 95.3672 190.2640 46.7483 108.9203 93.0450 162.8562 1.0755 201.9475 55.9041 85.9441 104.6618 105.3358 143.8220 58.5319 120.2169 32.8851 81.4933 60.3441 89.1410 139.3672 95.9805 148.7082 47.0664 39.7977 45.8866 81.3161 97.7954 63.4425 130.4547 78.8923 148.4811 8.0469 104.8988 87.0618 6.0929 55.7643 4.7214 87.8425 117.9601 39.8449 2.9739 67.8609 61.4886 137.6236 157.2724 0.0000 161.0123 171.6488 43.5356 139.5275 68.9044 156.5330 66.3634 58.5118 57.3745 143.8008 88.2498 96.9363 152.8384 71.5568 79.8283 122.7569 137.5438 98.0755 111.1365 104.5028 144.5352 102.0746 144.1944 71.8615 176.8693 152.0028 67.6931 104.6435 131.0168 140.2390
131.0814 69.0203 173.7215 87.5938 54.1506 107.7338 28.9623 20.0208 67.8442 3.0889 66.1191 106.0869 165.2917 99.9120 123.6580 43.3604 138.6140 4.3148 130.2060 55.8998 108.8415 113.5473 116.6578 98.0264 42.0473 108.3983 89.2111 87.2900 36.8188 156.2841 65.4250 20.4710 2.7242 200.7713 226.3416 132.9349 176.6221 115.5054 77.0213 201.1668 41.1727 116.8371 129.8847 148.5152 123.7097 88.8644 83.5836 144.8315 179.4667 161.0123 0.0000 128.6673 83.2110 115.5421 73.5175 18.7440 188.2953 63.6212 146.8944 120.1464 31.6119 172.0541 49.2293 39.4194 33.2181 102.6586 120.3762 191.2358 106.9753 146.4053 78.6828 192.8883 103.1058 72.0215 117.9999 154.9504 15.2422 167.2891 87.9891 69.3013
156.5019 124.2760 65.0562 157.8928 4.4218 185.3146 146.4831 17.7935 46.3176 259.0770 195.2192 105.5925 139.3463 43.6473 67.5161 63.7234 93.6494 151.5967 149.7030 135.9061 39.1915 204.2566 191.7763 151.2908 200.0468 68.3434 94.2336 149.6379 90.6051 33.4336 104.1822 51.8686 218.4705 84.9761 34.0197 61.0392 58.5964 45.8429 109.5445 36.5185 73.4496 125.0616 170.9069 163.5350 168.7083 164.1898 128.4999 120.6699 31.8569 171.6488 128.6673 0.0000 125.8150 71.9655 105.1863 226.1247 120.6606 91.6909 123.2039 86.2149 88.4343 81.6541 69.8562 74.1493 56.8010 61.7015 82.3894 27.7907 38.6937 81.7583 54.6293 59.4327 35.3658 123.0217 87.4391 96.8674 64.7060 126.0658 158.8654 50.1646
93.2016 90.6705 39.2632 39.4170 139.0008 28.4324 51.5399 0.2575 235.9428 102.4171 27.8542 95.9202 90.2685 194.3074 96.6896 118.3737 234.0607 79.6155 80.4367 168.5429 114.9642 3.3097 143.6250 123.7858 100.0073 31.6846 119.4350 95.7813 25.2245 143.6444 164.5003 169.0795 22.5473 90.4717 28.1128 126.3398 20.6981 63.9742 109.1514 64.1396 145.6179 101.3742 94.1531 106.1032 188.4680 44.2361 179.9252 152.7705 141.3649 43.5356 83.2110 125.8150 0.0000 41.7713 15.9835 120.3808 173.7573 137.5655 67.9386 116.4859 120.9781 197.1051 52.3491 160.6190 54.8189 112.3465 144.0855 93.6658 146.8461 254.4330 21.0626 17.2476 58.8541 100.1501 96.0321 93.5352 25.0111 204.8222 33.7245 108.5003
131.2461 61.5429 94.3752 88.7236 47.6167 36.8336 67.2194 104.2511 118.8438 72.9260 111.4393 121.5139 8.9154 108.5780 53.1657 50.6992 54.6086 57.9173 195.3845 71.2956 89.7502 65.0135 93.7675 114.0955 179.8955 64.2475 136.6065 68.0102 187.8049 84.1148 38.5042 167.5071 92.4141 113.1571 57.5540 50.4228 150.4655 111.3820 141.5478 191.0084 28.2997 97.5401 94.2159 108.1933 109.7123 147.4318 92.0868 79.7371 87.6126 139.5275 115.5421 71.9655 41.7713 0.0000 181.0085 174.0702 24.1432 60.6324 84.2194 61.5557 108.8956 100.1763 131.3594 146.8174 133.2644 168.6653 119.7439 65.0526 96.7520 210.3035 136.8707 21.8722 135.3735 63.6453 207.0101 51.5154 137.5212 150.1890 61.7448 203.2441
163.1200 90.7630 127.8044 115.4066 118.1264 87.3631 129.5641 161.8858 107.6443 96.9708 61.2546 99.9143 39.0380 202.9448 81.7827 102.1257 36.0636 51.6159 135.4275 43.3119 149.9303 252.5499 137.5128 183.2777 209.9617 159.7046 32.0028 156.4019 211.2957 111.1733 189.6894 233.5659 137.9428 150.0003 3.2424 203.1764 201.3343 132.9232 78.2191 64.0546 84.4142 131.6654 86.1659 137.7555 96.4157 177.4141 62.5930 80.5356 86.1284 68.9044 73.5175 105.1863 15.9835 181.0085 0.0000 129.2929 11.6286 94.2200 155.2567 111.7754 165.9092 145.0189 71.9907 39.2626 140.3183 105.6319 42.9112 128.0390 60.4691 35.9692 69.0544 99.5414 84.0283 137.7250 43.0039 41.8990 79.7922 101.4921 77.4787 73.5240
106.5695 135.3548 101.2144 191.7975 72.2168 87.0751 104.1700 15.0440 195.6930 175.9370 150.5453 82.2643 65.3602 150.9346 215.7978 79.6752 79.5964 129.3652 162.8211 94.5214 172.3096 120.1156 86.2152 238.2634 90.2324 89.4465 63.5460 203.7288 84.5341 235.8605 38.1628 85.8433 144.6681 136.5398 71.4238 115.4249 124.1868 94.3305 76.5655 146.0261 25.0041 0.8416 146.6731 147.5164 70.6338 102.7435 130.7109 83.2017 207.6284 156.5330 18.7440 226.1247 120.3808 174.0702 129.2929 0.0000 180.8603 119.7200 171.9662 159.9141 65.9816 117.5012 150.6964 102.5746 11.8386 64.4698 167.0845 109.0210 108.6291 88.5480 165.8664 170.5885 59.4260 82.6857 132.1028 37.3412 144.7642 152.3209 63.1555 85.3398
181.7356 16.7457 40.1982 160.8737 109.4759 53.0224 86.2984 54.8513 99.5945 165.3562 198.8736 66.6995 255.3567 118.7242 106.4025 109.8090 24.7763 91.2327 96.3027 153.1163 77.0572 60.0029 94.0527 72.5841 152.9153 24.4369 123.6264 148.9147 93.6598 92.0825 214.8080 181.5843 150.3690 162.8638 48.5652 49.4936 203.1141 20.8982 82.0151 179.8715 74.9252 104.5554 174.6832 26.2316 81.6759 198.1973 104.4974 97.1109 74.9827 66.3634 188.2953 120.6606 173.7573 24.1432 11.6286 180.8603 0.0000 107.0086 76.5965 72.6275 145.7627 155.3573 54.8631 128.4070 187.7268 102.9504 130.5655 76.3511 98.7060 112.3893 49.1389 81.9820 44.2834 161.2557 167.5298 154.2150 6.6972 40.5435 42.6021 126.5811
22.4413 191.3908 159.0837 186.8249 100.6042 91.5878 122.6133 220.5104 124.4652 202.3983 108.9965 68.7481 140.8175 134.6330 62.5113 98.4353 145.8262 18.2136 162.7226 91.4525 190.1914 117.7526 189.2388 128.5301 97.8884 179.9184 80.3174 145.1157 125.1343 61.5563 153.8854 112.9736 113.9993 206.1269 147.4647 203.5458 128.0067 173.5536 83.4897 187.3430 127.2719 122.3187 2.8032 45.7267 71.4440 116.7987 63.5306 129.1501 161.7355 58.5118 63.6212 91.6909 137.5655 60.6324 94.2200 119.7200 107.0086 0.0000 17.5696 105.7646 105.1116 3.9591 108.9360 36.9927 38.6410 118.2026 18.5310 143.5071 97.8260 27.9879 22.5200 122.7061 112.0015 98.4655 68.4999 209.5378 156.2116 122.3414 250.2883 155.0901
142.4347 148.1195 174.4135 3.1437 170.9742 133.5452 146.1817 127.4082 181.1049 93.6080 156.0132 77.5393 75.2106 163.7799 201.4851 87.5609 56.0195 172.3643 88.7563 110.8490 17.2104 160.1069 131.7300 107.0913 18.1752 209.4129 0.4651 68.4849 98.6260 139.6407 177.2422 100.5237 85.6874 10.6235 41.6283 136.5342 161.4913 136.6482 136.0808 170.9580 122.3357 81.1084 55.0046 32.6356 77.2490 188.4296 87.9304 62.8730 154.4140 57.3745 146.8944 123.2039 67.9386 84.2194 155.2567 171.9662 76.5965 17.5696 0.0000 85.7627 195.6786 54.5251 128.8349 163.3423 93.3414 63.8089 94.5408 81.8263 253.9464 114.6145 108.8244 186.8912 96.2932 36.8925 134.1963 60.3029 35.3353 129.1958 232.2941 207.4800
