80
0.0000 132.4812 78.5106 117.3695 113.2921 101.1682 73.7357 97.7192 220.6471 141.3368 5.2167 130.4251 57.9006 129.0311 64.1237 200.3075 155.9782 151.2542 227.1323 58.7152 22.3128 141.2727 72.4045 36.0518 81.2908 26.8528 56.7687 196.6133 148.6042 102.2975 126.5677 166.0306 107.5428 110.1235 60.0205 78.3482 122.8238 126.0547 131.5377 178.2826 142.7583 77.5236 138.3330 115.6576 41.2180 183.9481 48.3347 107.7370 77.9788 164.1124 108.1389 1.8564 142.1573 169.9121 167.9285 129.9009 158.4382 138.0018 60.0261 104.4608 205.8286 192.7477 25.0199 142.1844 115.5568 168.8442 179.9581 19.2299 127.0753 154.8635 87.9203 103.1656 77.3158 70.5150 182.2563 117.3367 89.5070 249.6153 71.2373 64.7230
132.4812 0.0000 0.9545 217.6134 79.2275 81.7860 43.9134 178.5651 27.7366 96.7108 70.1437 172.8717 90.8636 123.6479 167.2567 51.0762 135.0955 35.0349 124.1443 161.8736 8.9261 157.0156 210.7612 129.6797 81.2386 26.7220 230.4612 109.3556 155.4669 93.4104 138.7335 141.2584 106.4317 5.7068 62.0297 13.9944 103.8550 63.5382 154.5356 215.0622 90.7877 111.7846 55.4311 128.2839 92.0787 50.3930 267.4945 89.7643 138.9440 102.8858 84.9430 153.0632 85.2250 122.7594 143.7098 129.2931 176.6614 132.9587 173.9294 52.0272 170.3687 132.5353 114.6155 142.9173 172.0156 35.6041 179.5774 171.8790 30.2373 186.3983 184.5913 213.0631 118.1595 111.4547 167.3158 99.5964 243.0851 77.4792 138.0857 102.8155
78.5106 0.9545 0.0000 120.2653 101.8231 61.6761 76.5779 108.0514 85.1611 76.3279 153.1358 56.0071 122.3427 88.2386 132.3810 146.0409 133.6951 90.6941 49.9702 6.4155 101.9241 178.7338 119.3006 135.4069 204.8071 120.6477 152.6755 101.4370 106.6966 115.7536 136.5029 72.5885 23.0670 243.3522 119.5788 167.1890 133.7083 115.9894 141.3764 100.9284 135.0791 93.2846 30.6436 114.5184 138.0563 33.0449 139.9963 183.3920 152.0680 179.1723 183.6683 257.7974 130.5845 183.7303 121.5958 46.9036 116.9060 62.1110 45.6987 26.2313 166.4468 133.2279 116.9658 142.0415 102.7691 251.6982 102.5040 70.5348 193.7718 130.0774 115.7583 158.9101 82.5648 109.2140 103.5053 146.7721 130.0656 188.0672 107.5502 79.2887
117.3695 217.6134 120.2653 0.0000 44.8795 17.2465 79.1349 208.3087 211.9587 23.9760 11.5533 179.1994 40.9660 40.8613 152.3742 54.6196 177.2453 132.6258 39.6547 84.9026 93.0075 113.5279 199.9802 117.0414 95.2345 97.8954 107.1185 107.2369 48.3318 120.3269 186.0158 170.1939 91.0646 238.8041 74.9752 23.9634 176.1991 50.9689 1.8936 240.1262 43.9081 120.4319 108.9398 32.1434 106.1490 59.7030 154.0195 179.5153 127.0756 160.2674 54.0323 179.9593 96.7802 109.5385 62.4225 92.9946 147.3595 1.7057 118.4998 114.3302 146.5568 154.3894 57.7611 106.9116 159.7548 39.4277 213.8336 85.8059 106.1034 126.7855 121.1653 32.4044 159.7457 24.4417 88.6996 7.8184 89.3556 13.5658 156.4062 127.1897
113.2921 79.2275 101.8231 44.8795 0.0000 142.0128 97.9972 160.6013 79.4470 108.7410 185.0855 20.6397 111.1324 100.5656 109.1856 90.0330 51.6608 67.2661 116.5776 84.2670 163.1603 92.7681 114.4757 213.2590 143.9579 121.7099 120.3248 176.8495 83.3609 156.2054 45.0923 84.3165 148.6050 110.6402 53.2828 109.3705 94.5511 156.4123 168.2031 41.0454 151.5978 71.1895 25.3238 19.1321 154.6930 160.7384 51.7875 123.2565 169.7760 105.0712 68.7463 163.5808 154.5895 100.5700 93.1500 105.8491 29.0725 73.8438 129.3257 58.7646 93.5619 213.7233 59.0047 101.6187 103.0875 89.4875 9.6119 100.7262 65.3866 199.4236 27.6084 169.7952 2.3025 113.2571 86.9427 142.4860 99.7760 57.9773 92.5674 123.4692
101.1682 81.7860 61.6761 17.2465 142.0128 0.0000 164.6896 122.8648 33.3662 41.4934 70.6425 100.9454 68.5447 96.3328 40.1628 141.7802 111.0362 179.4533 15.2837 118.4778 106.1536 102.6327 186.0855 104.5061 149.5035 140.1597 71.0344 125.7441 98.0561 77.9318 50.2688 114.8063 69.2325 216.2882 117.2010 123.5906 57.9151 29.1110 168.1519 170.8249 111.5790 107.8614 75.6691 93.1668 87.8247 96.3520 165.1459 152.6885 89.1821 180.1447 162.9381 64.1949 84.7308 162.7181 62.6270 76.1266 169.2078 155.9667 101.0596 37.3639 119.4037 122.0936 138.6080 13.1261 104.4521 42.9757 111.2397 81.9897 122.1904 110.8557 142.1155 78.1759 271.2541 113.6325 79.3872 160.1377 89.9227 145.1555 47.1980 181.0165
73.7357 43.9134 76.5779 79.1349 97.9972 164.6896 0.0000 116.1322 54.4912 53.0018 165.6548 78.0088 191.3315 231.4336 57.0673 178.5018 146.1574 89.7129 11.5286 68.5739 49.9038 60.4866 45.5828 130.8866 72.9083 65.5931 114.0373 82.8592 60.0656 87.4315 160.8312 9.0413 25.1797 73.9742 188.8907 89.8653 139.4269 61.5925 42.0511 99.2439 92.3448 132.4869 54.6329 148.9680 78.7489 108.0636 150.3516 108.1717 83.5186 114.4827 153.6536 102.8390 7.2179 173.5517 123.5701 41.4564 85.7639 48.5150 216.8123 60.6090 40.1137 25.4485 133.4082 93.0220 148.6164 111.6273 191.2220 109.2219 166.3699 183.7118 73.9684 135.0218 163.7704 127.2726 47.6156 183.8299 38.4785 29.2198 128.6499 198.0101
97.7192 178.5651 108.0514 208.3087 160.6013 122.8648 116.1322 0.0000 179.2515 168.1839 201.9430 68.0239 137.6201 84.5673 173.2200 21.0492 178.1108 36.5797 122.0166 127.3725 165.4304 40.3952 130.3243 30.2669 89.5773 211.1704 149.3608 171.0750 146.8310 121.4434 218.0085 28.9487 78.4013 83.4012 124.6210 81.9997 106.7189 208.0943 118.4614 130.1895 169.4835 83.0828 44.6770 70.7742 148.7841 160.6725 115.2720 118.8258 110.8952 152.7172 68.8054 76.5202 72.3544 150.0937 22.5586 139.1086 145.0926 200.7593 203.1140 152.2061 111.6338 120.8113 207.1861 106.6383 132.5701 150.4420 118.0215 104.7212 100.8341 33.4649 55.3097 107.0025 118.8690 140.2559 46.2323 62.2487 187.7257 191.5283 288.9999 103.8755
220.6471 27.7366 85.1611 211.9587 79.4470 33.3662 54.4912 179.2515 0.0000 76.3659 253.7401 128.7604 82.3623 167.9479 193.6449 284.3047 133.0860 180.4970 57.1301 141.5650 160.3143 61.8350 10.1907 168.2616 187.7288 70.5983 122.5072 63.8285 58.7726 99.7428 91.5752 131.2501 136.3488 89.0743 46.7840 87.0929 138.1098 172.4661 50.3032 216.7101 49.9687 213.7561 19.2322 193.1987 58.7764 63.6588 54.4351 76.1368 167.3365 16.9820 115.6240 66.3107 125.5598 193.9681 161.8298 167.5873 139.6893 25.8593 114.1984 2.1344 77.1886 116.1759 68.8385 129.9673 2.5930 45.8412 204.0538 73.9704 139.7280 110.7674 256.5598 75.1206 106.8464 120.4376 138.0734 180.6861 142.5167 107.8466 7.2425 73.7448
141.3368 96.7108 76.3279 23.9760 108.7410 41.4934 53.0018 168.1839 76.3659 0.0000 10.7358 57.4605 204.5025 137.9048 125.8983 34.5521 100.8031 103.7851 146.1684 135.3790 164.3633 110.4800 38.7015 207.9143 147.0383 120.2952 163.6722 144.0837 128.4332 185.3776 116.7022 210.1381 81.7070 145.1044 109.8461 155.7508 66.1138 67.9981 5.2432 200.6102 186.7841 156.6036 181.5003 120.1450 15.8652 13.3448 45.9096 57.1299 121.2847 70.5258 97.4725 40.0673 63.1244 106.5230 63.5698 39.4003 123.8859 181.1211 226.1578 62.7107 59.4290 180.9100 133.5865 168.1280 47.5857 91.7516 106.0052 39.4522 116.2727 145.2708 185.8256 146.7314 44.3073 22.5058 167.9759 195.8590 161.6163 111.8320 209.2201 42.4023
5.2167 70.1437 153.1358 11.5533 185.0855 70.6425 165.6548 201.9430 253.7401 10.7358 0.0000 87.7891 71.3642 2.1267 72.6818 154.4453 139.6769 115.9315 57.8752 40.3094 144.0028 226.7746 130.7260 51.4779 188.6799 115.9370 103.2779 106.7321 43.2742 77.5858 94.7638 15.9775 64.5921 123.4881 179.9322 124.3833 42.7320 67.6681 101.9693 146.1225 116.0815 142.1864 95.3700 238.5145 70.9502 63.8471 6.0707 27.7819 110.3974 50.0442 81.3699 111.1114 83.6728 161.5935 95.7369 147.0367 44.6012 81.1885 137.9513 66.0709 114.2369 130.3705 21.0241 94.6314 39.4137 168.6006 160.2484 74.9411 11.6998 109.1579 89.4554 78.4970 50.5736 173.3509 106.1206 124.4870 124.1584 123.0587 148.9178 127.4883
130.4251 172.8717 56.0071 179.1994 20.6397 100.9454 78.0088 68.0239 128.7604 57.4605 87.7891 0.0000 68.7741 160.4642 96.2550 45.5074 40.8683 88.3569 134.0200 123.0936 130.6952 37.1283 1.8598 147.5004 184.9507 158.5687 191.1434 149.9214 108.8421 169.6144 53.1050 137.6373 76.0154 158.7355 93.6617 112.3939 55.5781 135.5954 89.1481 146.6812 115.7641 44.9814 127.5326 166.4610 169.3531 100.9410 42.2871 81.5855 264.1473 37.1979 213.5040 75.7139 185.8130 144.1786 231.1676 159.9449 77.8661 221.4858 85.5815 37.1594 16.7338 110.3118 13.1024 264.4539 206.5776 137.6588 70.3754 62.4886 148.6952 99.3710 139.4721 271.1814 54.4289 164.3998 77.6732 191.8953 16.4829 75.8856 12.6856 169.0322
57.9006 90.8636 122.3427 40.9660 111.1324 68.5447 191.3315 137.6201 82.3623 204.5025 71.3642 68.7741 0.0000 80.0724 63.0543 122.7416 50.2739 42.2045 173.9937 116.6316 196.3945 56.0119 139.8392 73.1030 105.9855 136.4586 161.7079 188.4333 192.6815 91.5293 103.4547 177.8925 72.1008 94.3633 115.4075 46.8616 233.8425 50.7595 93.4318 103.2344 190.8184 196.9631 79.3099 148.0853 132.7709 161.8186 37.0968 78.5128 69.9278 161.2382 153.8291 185.3539 41.2194 201.8833 81.5222 68.0170 61.4655 145.6007 98.0552 133.8804 116.8643 103.7843 234.6149 35.0638 107.1961 126.6406 98.1499 133.6907 162.9167 22.4315 67.6195 51.2944 140.2695 5.2191 108.9486 122.2649 184.5636 133.5535 172.7804 115.4638
129.0311 123.6479 88.2386 40.8613 100.5656 96.3328 231.4336 84.5673 167.9479 137.9048 2.1267 160.4642 80.0724 0.0000 218.0073 186.3080 94.8551 176.1921 103.0266 180.2065 50.5775 124.8533 176.3629 194.7273 116.7656 70.1013 81.6453 177.4874 127.5197 182.8897 58.2244 66.3243 102.0145 132.7168 137.6786 161.1950 166.9017 249.0110 60.2329 179.2164 133.0022 94.1091 20.9997 175.8501 115.2867 104.9836 153.3459 71.2398 77.8623 38.3844 208.6789 225.2906 142.2353 185.7054 170.6009 93.2978 174.8310 26.7437 19.4239 119.4439 91.7159 91.6590 93.1833 195.9883 109.9404 218.9462 152.5903 98.1599 156.8970 194.8102 112.7872 131.4121 163.5753 96.6083 71.1775 8.0405 116.0879 178.1351 175.2031 59.1059
64.1237 167.2567 132.3810 152.3742 109.1856 40.1628 57.0673 173.2200 193.6449 125.8983 72.6818 96.2550 63.0543 218.0073 0.0000 58.3580 147.8862 126.5365 51.2272 156.0506 113.6261 93.3377 58.0597 57.8596 121.2640 135.2773 151.0874 147.1860 172.2975 126.3937 86.2596 161.9053 117.1948 91.3978 166.0167 68.1068 104.6203 87.3255 103.9953 138.4213 107.9200 177.6169 123.5571 94.1833 170.4464 97.6235 114.5112 192.2679 137.9586 118.3178 126.5789 154.7333 31.3373 160.2172 111.1264 73.3210 103.1587 32.8361 105.3085 74.3639 155.0557 112.0069 253.5066 82.0603 111.9954 125.7311 117.4415 96.7024 83.8242 76.2072 134.6238 153.7131 88.9704 83.5126 121.8934 191.6283 134.5786 114.7281 72.9377 44.5795
200.3075 51.0762 146.0409 54.6196 90.0330 141.7802 178.5018 21.0492 284.3047 34.5521 154.4453 45.5074 122.7416 186.3080 58.3580 0.0000 50.5559 185.3623 116.0548 134.3292 158.9190 135.4026 27.1717 41.9097 193.3876 125.4512 73.5609 178.6336 111.9105 33.4830 62.7624 97.0238 111.3989 78.1093 121.4250 125.8885 33.1515 205.7701 29.2826 154.2444 160.2656 17.2560 128.4912 136.4438 40.1225 183.6430 186.5490 55.4042 174.1448 105.4266 125.7425 76.1043 30.7329 120.0248 106.1772 34.6336 174.2601 120.6866 146.7772 95.7228 134.9834 49.7135 135.2334 103.0114 132.0617 150.3686 95.5721 165.7878 121.7840 263.0975 134.8498 11.6959 148.9840 79.0898 151.5740 129.4531 133.5641 90.7850 39.1946 90.4808
155.9782 135.0955 133.6951 177.2453 51.6608 111.0362 146.1574 178.1108 133.0860 100.8031 139.6769 40.8683 50.2739 94.8551 147.8862 50.5559 0.0000 152.7826 139.7170 58.9756 81.4666 181.5962 116.8746 160.3694 74.6987 218.3065 100.7086 236.7389 89.0527 113.9608 157.8523 10.7960 144.9689 105.9469 45.3414 78.1229 134.5365 77.1280 136.9556 23.3328 137.1826 118.0293 132.6278 54.8932 118.5437 201.8229 69.8498 150.8797 110.4574 75.0901 18.9208 109.2172 154.2196 51.6976 163.7125 112.4726 113.5265 74.4751 42.4361 162.4102 118.1815 104.0759 80.7405 133.9366 138.6162 115.1446 60.9838 94.6846 31.1514 113.0169 64.0901 92.9848 128.9467 203.8485 84.2021 170.6689 35.8503 93.9136 73.3513 83.5725
151.2542 35.0349 90.6941 132.6258 67.2661 179.4533 89.7129 36.5797 180.4970 103.7851 115.9315 88.3569 42.2045 176.1921 126.5365 185.3623 152.7826 0.0000 60.8221 29.6800 110.1931 93.5014 87.0300 123.0968 39.3059 70.5497 61.3124 91.1719 89.1559 117.8654 126.8819 134.3557 35.6988 33.7733 80.2662 123.5722 59.2068 17.5557 95.6402 176.0405 132.0297 64.4742 116.8772 50.5406 194.4674 2.6443 152.2791 73.6038 206.3589 134.3881 121.5671 54.9806 35.1181 229.5785 62.0463 70.5896 228.8073 95.8117 130.4559 77.4200 216.9477 124.0415 144.6047 117.7313 76.0505 74.8770 28.1042 128.3206 172.2647 89.5345 113.1382 85.5504 226.4954 139.8890 63.1104 87.2527 60.9185 135.2676 161.0894 83.8744
227.1323 124.1443 49.9702 39.6547 116.5776 15.2837 11.5286 122.0166 57.1301 146.1684 57.8752 134.0200 173.9937 103.0266 51.2272 116.0548 139.7170 60.8221 0.0000 50.3435 128.8510 107.4916 241.8404 14.7934 117.6857 182.8264 85.6630 181.9666 101.6266 20.4875 106.1428 4.1406 135.1787 110.4100 124.2874 102.2408 46.5108 71.4450 128.2089 18.3537 57.0954 95.2557 24.1692 174.1945 135.6955 70.3989 75.5351 161.5891 47.6517 139.9264 42.0686 153.5585 115.1910 16.1644 222.3630 86.4180 60.4465 119.3019 172.9996 148.6651 145.4255 70.2674 101.3782 97.0126 152.2048 4.3783 110.4031 54.0909 131.5906 130.7936 237.7960 171.1190 35.2972 113.6239 99.7707 126.5509 24.3698 102.7083 140.7398 115.1873
58.7152 161.8736 6.4155 84.9026 84.2670 118.4778 68.5739 127.3725 141.5650 135.3790 40.3094 123.0936 116.6316 180.2065 156.0506 134.3292 58.9756 29.6800 50.3435 0.0000 55.4108 26.3016 31.4433 123.1506 90.6663 117.5660 172.0715 109.9939 39.7769 65.5214 178.2574 115.6713 236.4338 176.3676 185.5532 147.3645 196.1246 182.0006 146.0668 115.1906 110.1205 27.4781 6.2442 182.4804 84.7471 65.4136 13.6902 119.0780 41.2150 99.9168 160.5179 100.3219 96.9916 103.0216 61.3861 65.6366 200.7440 98.5403 113.2789 80.4785 40.9354 122.4407 15.2578 62.6871 173.4052 8.1079 72.2337 96.8698 28.3032 95.8439 104.0696 150.2229 103.6470 99.1487 108.9312 126.2329 114.1838 81.3424 10.4475 191.7341
22.3128 8.9261 101.9241 93.0075 163.1603 106.1536 49.9038 165.4304 160.3143 164.3633 144.0028 130.6952 196.3945 50.5775 113.6261 158.9190 81.4666 110.1931 128.8510 55.4108 0.0000 127.7784 170.5314 81.7189 85.1837 131.8151 132.8692 27.7568 104.1116 188.5833 202.0148 172.2494 71.5551 106.5408 54.1560 167.2491 81.9965 83.9608 77.6387 17.3679 78.0508 73.6672 188.4095 170.2170 77.3950 72.6449 9.1942 81.5470 145.6190 110.4807 139.9985 49.2641 141.6840 89.4002 108.8173 78.9498 126.0234 184.2462 199.3501 175.7904 10.0540 36.0627 111.8101 25.9580 109.8681 116.0605 73.6816 66.9318 127.4503 60.7781 106.5456 63.5372 66.4637 34.2207 149.9205 118.2546 47.1370 35.2878 163.2567 137.6434
141.2727 157.0156 178.7338 113.5279 92.7681 102.6327 60.4866 40.3952 61.8350 110.4800 226.7746 37.1283 56.0119 124.8533 93.3377 135.4026 181.5962 93.5014 107.4916 26.3016 127.7784 0.0000 110.6051 55.2266 14.9046 96.8043 72.1840 59.3775 95.7704 139.7663 143.5087 164.3234 74.9074 5.2576 182.5990 45.1037 119.8652 107.3415 99.8557 229.7371 62.2987 89.9271 85.4971 95.7880 99.6993 148.7043 20.3735 18.4359 239.0696 118.2670 114.7510 99.8137 187.9872 35.5023 58.8965 233.7456 78.9533 121.5000 16.3900 128.1731 95.1210 108.5434 141.0059 87.6832 115.3274 104.5686 107.8419 96.3282 142.2959 110.5084 37.1436 69.7634 47.8940 133.7576 49.2438 171.9887 65.7086 58.6208 126.1072 193.2836
72.4045 210.7612 119.3006 199.9802 114.4757 186.0855 45.5828 130.3243 10.1907 38.7015 130.7260 1.8598 139.8392 176.3629 58.0597 27.1717 116.8746 87.0300 241.8404 31.4433 170.5314 110.6051 0.0000 200.8565 137.3142 124.6397 79.7650 17.2306 181.4230 236.8326 89.4222 102.5063 138.5990 19.3445 34.0530 16.7316 72.4634 51.5472 166.1569 80.9686 34.5572 62.4831 168.9654 104.4651 127.2900 134.1807 107.1671 68.0084 113.3181 136.3762 185.6784 60.4827 230.9196 121.1935 94.3674 179.8147 124.2920 132.9610 73.3000 114.9773 71.3862 131.4549 122.6638 129.9456 60.3175 12.2383 125.5833 101.3761 92.2143 170.5792 66.3877 93.0177 54.7098 15.2565 183.4179 112.1290 225.5132 138.8616 16.3136 196.8358
36.0518 129.6797 135.4069 117.0414 213.2590 104.5061 130.8866 30.2669 168.2616 207.9143 51.4779 147.5004 73.1030 194.7273 57.8596 41.9097 160.3694 123.0968 14.7934 123.1506 81.7189 55.2266 200.8565 0.0000 17.2436 62.3154 123.9460 62.7624 5.8631 67.1300 153.0335 138.7927 54.1806 85.1535 115.2700 130.3846 12.5753 31.0889 110.9649 6.6827 130.3834 110.2178 144.3873 145.7798 75.8956 128.5162 99.3628 127.3412 94.6877 44.5055 130.1723 98.6462 116.6799 105.2027 145.8264 183.7754 111.7653 80.5106 173.6226 127.4761 62.2663 92.0607 41.5242 100.6916 47.4226 34.9492 83.4839 94.0927 60.7871 153.0603 70.6837 50.5443 149.4718 79.6613 183.3490 91.4131 60.2897 123.2988 149.2526 61.8004
81.2908 81.2386 204.8071 95.2345 143.9579 149.5035 72.9083 89.5773 187.7288 147.0383 188.6799 184.9507 105.9855 116.7656 121.2640 193.3876 74.6987 39.3059 117.6857 90.6663 85.1837 14.9046 137.3142 17.2436 0.0000 118.4226 134.1490 142.8991 85.7015 38.6730 91.7723 38.8596 132.1492 19.2498 134.4133 138.5043 85.0679 57.4454 143.7921 87.0431 60.6572 78.3360 114.7944 159.4608 86.2502 198.2603 70.3352 60.1793 96.5810 67.8997 146.2702 149.9773 114.8991 105.8647 103.8801 102.2036 33.3783 184.0861 78.5189 99.5306 151.3794 76.3580 1.7430 174.3817 162.6913 137.8933 131.9985 83.2867 105.9109 193.3652 179.2338 91.8621 40.8418 128.2499 203.0240 87.4716 178.8970 104.7705 45.8524 122.9622
26.8528 26.7220 120.6477 97.8954 121.7099 140.1597 65.5931 211.1704 70.5983 120.2952 115.9370 158.5687 136.4586 70.1013 135.2773 125.4512 218.3065 70.5497 182.8264 117.5660 131.8151 96.8043 124.6397 62.3154 118.4226 0.0000 121.3033 95.5899 136.8789 106.2915 134.9734 128.2545 14.2217 89.7022 284.2425 111.3404 10.6180 147.2209 60.0734 110.0099 122.3215 109.4756 86.8399 38.4747 102.8649 198.0195 108.9065 108.1149 99.7605 145.6349 9.8592 81.4133 115.4312 70.7191 64.4013 79.0752 142.9157 121.2394 157.5701 209.9940 141.9521 87.3340 110.2839 55.4164 48.6013 115.4811 57.6417 62.4477 55.3434 125.3600 99.8243 92.2683 165.5745 153.8210 216.0471 15.8678 10.9531 85.4203 171.8300 141.1693
56.7687 230.4612 152.6755 107.1185 120.3248 71.0344 114.0373 149.3608 122.5072 163.6722 103.2779 191.1434 161.7079 81.6453 151.0874 73.5609 100.7086 61.3124 85.6630 172.0715 132.8692 72.1840 79.7650 123.9460 134.1490 121.3033 0.0000 44.2254 49.5537 108.1617 89.9351 156.8765 216.0067 175.4031 194.5703 13.1652 105.6519 92.6088 77.4559 100.0393 29.6374 130.4419 142.9030 81.9733 45.3096 208.1286 96.9512 87.4385 38.4962 150.9128 55.9739 70.8324 48.8674 124.1252 126.1255 68.0608 2.9438 45.9429 198.5936 144.2012 32.5719 150.8321 75.8268 53.6382 123.0577 16.3167 108.3542 5.6374 144.1133 59.6136 146.9692 102.4702 93.7276 140.9060 114.6793 164.2309 152.9290 141.6502 127.8276 60.1428
196.6133 109.3556 101.4370 107.2369 176.8495 125.7441 82.8592 171.0750 63.8285 144.0837 106.7321 149.9214 188.4333 177.4874 147.1860 178.6336 236.7389 91.1719 181.9666 109.9939 27.7568 59.3775 17.2306 62.7624 142.8991 95.5899 44.2254 0.0000 120.0033 188.2540 126.0805 36.0947 201.4033 4.5932 33.6713 148.0371 216.7307 121.7963 67.5974 70.6158 92.0479 84.3272 68.1165 31.0676 90.5632 134.1854 153.6890 108.0060 106.6389 94.2493 145.6097 115.7471 210.0615 137.9718 12.8876 221.7242 111.5356 135.8576 162.2998 128.0887 84.9265 82.8394 130.9120 144.8534 159.3142 137.9850 29.2968 197.2534 285.0201 140.9479 25.5703 33.1581 67.6124 118.5728 144.7544 151.2873 114.0011 79.9727 210.2029 34.7995
148.6042 155.4669 106.6966 48.3318 83.3609 98.0561 60.0656 146.8310 58.7726 128.4332 43.2742 108.8421 192.6815 127.5197 172.2975 111.9105 89.0527 89.1559 101.6266 39.7769 104.1116 95.7704 181.4230 5.8631 85.7015 136.8789 49.5537 120.0033 0.0000 47.6327 74.3473 106.0620 109.0493 170.2522 180.6075 109.7306 62.8375 30.2626 121.2072 53.9563 78.1516 19.4333 152.3302 59.1706 61.6323 206.2463 136.3203 50.4435 127.2516 23.0957 11.8344 140.0750 73.2020 117.3573 42.6289 55.5886 165.9885 47.8004 183.5245 89.2827 45.8827 159.8903 89.3198 175.9148 143.7676 77.1846 131.4430 49.2945 145.1001 109.5049 62.3956 224.2304 201.6038 138.6169 79.2516 114.8105 150.0004 62.8471 60.0721 220.2184
102.2975 93.4104 115.7536 120.3269 156.2054 77.9318 87.4315 121.4434 99.7428 185.3776 77.5858 169.6144 91.5293 182.8897 126.3937 33.4830 113.9608 117.8654 20.4875 65.5214 188.5833 139.7663 236.8326 67.1300 38.6730 106.2915 108.1617 188.2540 47.6327 0.0000 103.2753 132.4128 46.0333 209.2384 50.8598 89.4034 40.4617 69.7667 34.9753 140.6783 107.3165 151.5763 56.0665 96.3517 29.8699 154.7852 80.7612 221.8957 166.9327 87.0397 26.3855 54.0906 218.3397 128.2428 133.5706 144.9724 89.7798 35.7442 123.1138 188.2515 151.5170 129.4878 48.3952 60.5001 80.5074 188.1459 154.5196 38.2081 108.2949 139.0708 209.2593 66.5953 5.2112 83.9119 52.4514 119.3599 125.3935 100.0433 189.4179 74.8105
126.5677 138.7335 136.5029 186.0158 45.0923 50.2688 160.8312 218.0085 91.5752 116.7022 94.7638 53.1050 103.4547 58.2244 86.2596 62.7624 157.8523 126.8819 106.1428 178.2574 202.0148 143.5087 89.4222 153.0335 91.7723 134.9734 89.9351 126.0805 74.3473 103.2753 0.0000 37.6734 49.4929 156.8698 107.1067 70.1396 58.2352 65.1497 66.8233 172.0698 120.7082 136.4435 58.6608 104.6750 142.6901 148.1566 128.5925 91.9240 61.0145 163.1709 94.6459 44.5664 245.9514 160.0601 139.9203 131.1674 167.9081 90.1427 187.2556 69.4081 12.1046 193.3404 156.5285 119.9429 8.5112 185.4618 74.5787 54.0259 107.5523 94.9738 89.8672 79.5715 30.9100 108.8531 102.8574 187.1584 55.0376 82.1879 114.3745 48.2785
166.0306 141.2584 72.5885 170.1939 84.3165 114.8063 9.0413 28.9487 131.2501 210.1381 15.9775 137.6373 177.8925 66.3243 161.9053 97.0238 10.7960 134.3557 4.1406 115.6713 172.2494 164.3234 102.5063 138.7927 38.8596 128.2545 156.8765 36.0947 106.0620 132.4128 37.6734 0.0000 99.8110 132.9031 165.9542 66.7268 38.3381 95.5485 62.6437 233.1800 17.7268 117.8157 27.0065 105.2732 45.6087 70.7948 119.3578 148.2810 133.0186 56.1213 104.1533 120.9638 133.1530 21.4084 105.7443 156.1596 60.8902 61.2211 48.0275 133.5099 107.9168 106.6864 186.0766 42.4698 50.1620 54.6481 71.4174 93.4334 124.2439 102.9132 133.8080 72.9047 32.1183 80.3170 115.7907 130.2051 18.4259 14.9823 140.3205 107.9492
107.5428 106.4317 23.0670 91.0646 148.6050 69.2325 25.1797 78.4013 136.3488 81.7070 64.5921 76.0154 72.1008 102.0145 117.1948 111.3989 144.9689 35.6988 135.1787 236.4338 71.5551 74.9074 138.5990 54.1806 132.1492 14.2217 216.0067 201.4033 109.0493 46.0333 49.4929 99.8110 0.0000 87.3423 105.3927 71.4941 132.5406 190.0879 55.5152 114.9656 146.2910 140.4715 74.3992 146.0566 53.7639 199.3977 40.6400 176.0429 206.7748 10.5866 162.5368 121.7380 151.8405 90.4042 111.8780 41.1854 269.5562 80.5995 16.1863 76.1658 146.4501 240.9904 129.8944 137.6512 213.2634 267.5684 73.0576 143.1469 86.1142 129.0027 131.4576 59.3319 113.5344 148.3474 49.7964 42.7304 37.1920 100.2820 104.1899 91.1064
110.1235 5.7068 243.3522 238.8041 110.6402 216.2882 73.9742 83.4012 89.0743 145.1044 123.4881 158.7355 94.3633 132.7168 91.3978 78.1093 105.9469 33.7733 110.4100 176.3676 106.5408 5.2576 19.3445 85.1535 19.2498 89.7022 175.4031 4.5932 170.2522 209.2384 156.8698 132.9031 87.3423 0.0000 105.4140 114.2274 42.7815 54.1027 54.6074 11.4873 173.4084 199.3600 98.5676 157.2702 151.6189 101.3936 209.4144 68.9913 145.6188 148.1816 103.2430 43.0032 119.7480 99.7219 142.7015 257.9324 187.5145 119.3653 72.3106 162.8490 93.4103 92.5900 127.4467 166.0588 119.7164 169.6410 167.4329 99.4608 51.8220 69.8390 140.4912 88.9504 229.0838 119.0347 198.7560 156.4901 87.7290 71.1053 56.4064 84.9916
60.0205 62.0297 119.5788 74.9752 53.2828 117.2010 188.8907 124.6210 46.7840 109.8461 179.9322 93.6617 115.4075 137.6786 166.0167 121.4250 45.3414 80.2662 124.2874 185.5532 54.1560 182.5990 34.0530 115.2700 134.4133 284.2425 194.5703 33.6713 180.6075 50.8598 107.1067 165.9542 105.3927 105.4140 0.0000 43.1928 120.1713 145.6917 75.9599 103.2359 207.9500 66.9542 185.2144 139.9625 178.4296 137.5404 166.7266 166.8270 68.0551 147.5776 85.6666 101.4958 172.9094 154.6287 135.0072 89.9664 68.3377 127.9605 91.5918 51.3451 82.7866 150.1032 54.0605 63.6164 172.9687 38.4403 162.8461 116.8416 125.3795 27.4185 54.0446 176.7034 18.2800 127.7897 110.1925 96.0680 200.4130 119.2752 174.4076 153.0165
78.3482 13.9944 167.1890 23.9634 109.3705 123.5906 89.8653 81.9997 87.0929 155.7508 124.3833 112.3939 46.8616 161.1950 68.1068 125.8885 78.1229 123.5722 102.2408 147.3645 167.2491 45.1037 16.7316 130.3846 138.5043 111.3404 13.1652 148.0371 109.7306 89.4034 70.1396 66.7268 71.4941 114.2274 43.1928 0.0000 126.3923 175.7343 106.5576 128.2891 66.6009 67.1333 67.2028 63.1354 198.5153 110.2545 56.3580 178.5819 53.8666 145.2699 14.3797 103.3533 139.6855 152.1801 116.6821 100.7231 180.6320 87.3212 120.8436 37.6075 116.3277 104.9354 163.4614 20.0463 48.7392 62.9446 56.5867 140.6401 124.4062 76.5151 69.8571 168.6930 56.0644 121.1670 218.7338 158.1550 139.1377 77.6071 73.4741 162.2662
122.8238 103.8550 133.7083 176.1991 94.5511 57.9151 139.4269 106.7189 138.1098 66.1138 42.7320 55.5781 233.8425 166.9017 104.6203 33.1515 134.5365 59.2068 46.5108 196.1246 81.9965 119.8652 72.4634 12.5753 85.0679 10.6180 105.6519 216.7307 62.8375 40.4617 58.2352 38.3381 132.5406 42.7815 120.1713 126.3923 0.0000 186.6207 110.7964 140.2848 48.5490 214.8892 75.6943 94.4776 120.7728 132.3322 178.1258 235.3401 163.3486 97.4043 66.1191 112.7108 52.8533 137.4462 78.5234 33.7998 160.7211 113.8900 130.7855 190.0800 58.7107 130.1635 66.2171 148.3513 77.4567 44.4418 155.2112 261.3830 225.3745 128.1866 142.1541 135.3834 207.1050 27.8222 59.6892 156.8229 146.3872 76.7434 155.4719 79.0152
126.0547 63.5382 115.9894 50.9689 156.4123 29.1110 61.5925 208.0943 172.4661 67.9981 67.6681 135.5954 50.7595 249.0110 87.3255 205.7701 77.1280 17.5557 71.4450 182.0006 83.9608 107.3415 51.5472 31.0889 57.4454 147.2209 92.6088 121.7963 30.2626 69.7667 65.1497 95.5485 190.0879 54.1027 145.6917 175.7343 186.6207 0.0000 163.4876 216.2242 122.0721 143.1027 159.1393 176.9175 51.5003 69.1826 5.9734 54.9606 195.7741 155.8296 76.4886 75.5034 136.7507 79.9325 28.2941 120.5163 86.8585 117.6862 114.6157 88.4181 156.6806 122.7100 14.5405 49.6220 127.8528 177.6014 93.7925 203.7047 97.4857 80.3862 212.1303 79.0452 101.4172 58.1721 66.4108 186.0651 60.3556 87.3070 160.1472 47.9340
131.5377 154.5356 141.3764 1.8936 168.2031 168.1519 42.0511 118.4614 50.3032 5.2432 101.9693 89.1481 93.4318 60.2329 103.9953 29.2826 136.9556 95.6402 128.2089 146.0668 77.6387 99.8557 166.1569 110.9649 143.7921 60.0734 77.4559 67.5974 121.2072 34.9753 66.8233 62.6437 55.5152 54.6074 75.9599 106.5576 110.7964 163.4876 0.0000 91.2723 66.0969 55.4480 172.4891 107.0957 158.5620 124.0547 181.6570 224.1059 101.0324 84.9556 103.1885 80.3416 87.2855 111.5825 126.4800 122.9932 56.2616 53.6253 185.6137 57.4940 61.2003 89.4354 121.4107 59.5239 140.6800 72.2558 149.2645 160.4905 84.4575 50.1737 99.1446 75.7269 93.5089 109.6943 73.4387 68.8133 56.4875 60.6199 74.3403 86.6850
178.2826 215.0622 100.9284 240.1262 41.0454 170.8249 99.2439 130.1895 216.7101 200.6102 146.1225 146.6812 103.2344 179.2164 138.4213 154.2444 23.3328 176.0405 18.3537 115.1906 17.3679 229.7371 80.9686 6.6827 87.0431 110.0099 100.0393 70.6158 53.9563 140.6783 172.0698 233.1800 114.9656 11.4873 103.2359 128.2891 140.2848 216.2242 91.2723 0.0000 53.6724 79.8616 53.8905 17.9905 77.6715 165.0356 72.3673 150.0098 123.7560 101.3101 60.4118 5.4862 65.4351 23.1025 197.3031 61.2363 76.0632 203.5441 49.7946 110.4432 71.1630 131.7744 129.4645 81.3597 178.3366 35.5466 113.7649 81.3050 144.7466 93.4223 62.5510 115.7238 155.3873 171.2224 115.6419 148.5924 134.4151 71.2003 137.8252 65.8188
142.7583 90.7877 135.0791 43.9081 151.5978 111.5790 92.3448 169.4835 49.9687 186.7841 116.0815 115.7641 190.8184 133.0022 107.9200 160.2656 137.1826 132.0297 57.0954 110.1205 78.0508 62.2987 34.5572 130.3834 60.6572 122.3215 29.6374 92.0479 78.1516 107.3165 120.7082 17.7268 146.2910 173.4084 207.9500 66.6009 48.5490 122.0721 66.0969 53.6724 0.0000 29.3995 111.7762 222.6572 38.9991 20.4308 91.3083 128.0642 136.3687 230.6595 6.8405 116.2845 95.1971 97.6743 58.5502 72.0856 41.6558 146.7263 3.5509 20.6948 18.2119 167.7761 111.1093 145.5506 41.1885 78.6597 121.7747 16.4272 86.2963 19.7121 68.8892 105.7542 36.2954 82.2504 80.4478 108.2491 64.4938 56.8563 251.3942 50.7460
77.5236 111.7846 93.2846 120.4319 71.1895 107.8614 132.4869 83.0828 213.7561 156.6036 142.1864 44.9814 196.9631 94.1091 177.6169 17.2560 118.0293 64.4742 95.2557 27.4781 73.6672 89.9271 62.4831 110.2178 78.3360 109.4756 130.4419 84.3272 19.4333 151.5763 136.4435 117.8157 140.4715 199.3600 66.9542 67.1333 214.8892 143.1027 55.4480 79.8616 29.3995 0.0000 130.2176 114.7376 266.9472 88.5569 166.5184 254.9738 105.8251 144.5073 10.9555 184.3515 106.5158 132.4433 165.4912 11.0153 188.4020 117.6460 108.8402 140.4698 111.9732 55.4808 161.0686 98.1917 60.0585 203.1579 73.1698 137.8903 94.1820 32.1258 212.4292 139.7579 206.6267 67.2836 34.5704 85.6275 0.2465 130.4438 50.2243 79.0364
138.3330 55.4311 30.6436 108.9398 25.3238 75.6691 54.6329 44.6770 19.2322 181.5003 95.3700 127.5326 79.3099 20.9997 123.5571 128.4912 132.6278 116.8772 24.1692 6.2442 188.4095 85.4971 168.9654 144.3873 114.7944 86.8399 142.9030 68.1165 152.3302 56.0665 58.6608 27.0065 74.3992 98.5676 185.2144 67.2028 75.6943 159.1393 172.4891 53.8905 111.7762 130.2176 0.0000 84.3190 52.8233 199.8531 146.8557 120.7820 11.3996 176.2697 96.7785 89.1086 119.0796 100.7621 150.8139 140.1515 134.9903 126.0658 136.3009 190.0944 109.7585 74.5251 41.7773 195.6602 75.3554 98.7499 89.5251 57.3970 177.0733 17.8169 27.5057 103.8166 104.2809 123.5739 4.6306 138.0515 172.9596 116.7340 74.1354 123.2380
115.6576 128.2839 114.5184 32.1434 19.1321 93.1668 148.9680 70.7742 193.1987 120.1450 238.5145 166.4610 148.0853 175.8501 94.1833 136.4438 54.8932 50.5406 174.1945 182.4804 170.2170 95.7880 104.4651 145.7798 159.4608 38.4747 81.9733 31.0676 59.1706 96.3517 104.6750 105.2732 146.0566 157.2702 139.9625 63.1354 94.4776 176.9175 107.0957 17.9905 222.6572 114.7376 84.3190 0.0000 172.6004 23.7826 65.9962 133.9950 88.5248 39.4085 10.6035 115.9110 23.4933 92.2094 94.2619 101.2569 98.7887 172.4041 55.3771 85.7048 113.4864 68.3346 174.1512 57.5721 74.1868 147.9004 131.2016 134.7590 152.1168 123.0029 57.6083 149.7957 248.1154 165.7915 99.8808 163.9820 109.0343 51.2715 76.2114 95.7626
41.2180 92.0787 138.0563 106.1490 154.6930 87.8247 78.7489 148.7841 58.7764 15.8652 70.9502 169.3531 132.7709 115.2867 170.4464 40.1225 118.5437 194.4674 135.6955 84.7471 77.3950 99.6993 127.2900 75.8956 86.2502 102.8649 45.3096 90.5632 61.6323 29.8699 142.6901 45.6087 53.7639 151.6189 178.4296 198.5153 120.7728 51.5003 158.5620 77.6715 38.9991 266.9472 52.8233 172.6004 0.0000 61.0860 69.0521 12.4586 41.5954 158.9093 87.8748 64.0233 90.0214 111.8069 80.4802 94.5841 119.8037 44.0404 132.6996 64.4725 144.2983 137.6956 83.4531 59.0312 132.1578 25.3951 94.5564 53.9081 127.2760 74.5522 96.3359 84.1799 152.9131 169.7980 64.0071 103.0579 25.5848 68.8717 100.2269 151.8431
183.9481 50.3930 33.0449 59.7030 160.7384 96.3520 108.0636 160.6725 63.6588 13.3448 63.8471 100.9410 161.8186 104.9836 97.6235 183.6430 201.8229 2.6443 70.3989 65.4136 72.6449 148.7043 134.1807 128.5162 198.2603 198.0195 208.1286 134.1854 206.2463 154.7852 148.1566 70.7948 199.3977 101.3936 137.5404 110.2545 132.3322 69.1826 124.0547 165.0356 20.4308 88.5569 199.8531 23.7826 61.0860 0.0000 24.8138 173.1784 46.3968 30.8530 101.5092 98.1134 134.6380 42.0229 23.5752 66.6775 44.4518 43.5891 212.6090 141.1147 162.9857 95.4677 73.0276 128.6916 98.1940 93.9966 70.4431 31.4127 122.1766 80.4474 103.7116 84.2242 83.3025 101.5487 63.4011 200.2980 153.0228 232.4009 66.3631 112.7186
48.3347 267.4945 139.9963 154.0195 51.7875 165.1459 150.3516 115.2720 54.4351 45.9096 6.0707 42.2871 37.0968 153.3459 114.5112 186.5490 69.8498 152.2791 75.5351 13.6902 9.1942 20.3735 107.1671 99.3628 70.3352 108.9065 96.9512 153.6890 136.3203 80.7612 128.5925 119.3578 40.6400 209.4144 166.7266 56.3580 178.1258 5.9734 181.6570 72.3673 91.3083 166.5184 146.8557 65.9962 69.0521 24.8138 0.0000 72.1451 61.3431 33.1114 181.7093 124.2594 25.9074 84.7454 78.0803 7.3198 151.2512 98.1763 48.8185 317.4540 207.4360 110.8811 160.5247 101.5581 59.3102 47.1483 53.1473 96.1968 107.3047 146.6091 45.7382 182.8392 74.5049 124.0508 104.6799 54.1500 139.4077 92.5737 32.0800 171.2959
107.7370 89.7643 183.3920 179.5153 123.2565 152.6885 108.1717 118.8258 76.1368 57.1299 27.7819 81.5855 78.5128 71.2398 192.2679 55.4042 150.8797 73.6038 161.5891 119.0780 81.5470 18.4359 68.0084 127.3412 60.1793 108.1149 87.4385 108.0060 50.4435 221.8957 91.9240 148.2810 176.0429 68.9913 166.8270 178.5819 235.3401 54.9606 224.1059 150.0098 128.0642 254.9738 120.7820 133.9950 12.4586 173.1784 72.1451 0.0000 22.1443 70.7162 110.8800 178.0458 121.3209 109.5314 68.6250 31.1743 121.6726 206.4893 155.2751 21.5568 107.6684 15.1491 17.1895 52.7603 80.4956 94.8052 94.5776 134.1638 133.2598 121.4514 94.8680 35.9928 152.0171 151.5734 136.3697 189.7829 91.5665 108.9156 114.5063 145.5539
77.9788 138.9440 152.0680 127.0756 169.7760 89.1821 83.5186 110.8952 167.3365 121.2847 110.3974 264.1473 69.9278 77.8623 137.9586 174.1448 110.4574 206.3589 47.6517 41.2150 145.6190 239.0696 113.3181 94.6877 96.5810 99.7605 38.4962 106.6389 127.2516 166.9327 61.0145 133.0186 206.7748 145.6188 68.0551 53.8666 163.3486 195.7741 101.0324 123.7560 136.3687 105.8251 11.3996 88.5248 41.5954 46.3968 61.3431 22.1443 0.0000 71.9556 190.8651 89.9033 126.0656 198.6928 110.3006 140.4501 7.8460 60.7779 140.1138 69.1362 148.4842 112.8502 116.1795 132.8294 130.1436 31.2120 224.9304 169.4937 88.5328 84.2079 40.6749 24.8313 125.6745 88.9745 21.6593 103.7306 134.5353 96.1944 93.1664 64.8334
164.1124 102.8858 179.1723 160.2674 105.0712 180.1447 114.4827 152.7172 16.9820 70.5258 50.0442 37.1979 161.2382 38.3844 118.3178 105.4266 75.0901 134.3881 139.9264 99.9168 110.4807 118.2670 136.3762 44.5055 67.8997 145.6349 150.9128 94.2493 23.0957 87.0397 163.1709 56.1213 10.5866 148.1816 147.5776 145.2699 97.4043 155.8296 84.9556 101.3101 230.6595 144.5073 176.2697 39.4085 158.9093 30.8530 33.1114 70.7162 71.9556 0.0000 40.3244 71.0456 128.9470 61.4043 80.6838 107.2120 96.7973 108.5853 157.6727 142.1379 114.8750 169.8043 95.9594 215.4233 182.1675 165.4416 110.8200 76.0133 147.1889 61.3485 27.4468 102.4671 135.9830 90.3591 120.5037 195.0597 110.2107 77.1794 25.7755 91.8827
108.1389 84.9430 183.6683 54.0323 68.7463 162.9381 153.6536 68.8054 115.6240 97.4725 81.3699 213.5040 153.8291 208.6789 126.5789 125.7425 18.9208 121.5671 42.0686 160.5179 139.9985 114.7510 185.6784 130.1723 146.2702 9.8592 55.9739 145.6097 11.8344 26.3855 94.6459 104.1533 162.5368 103.2430 85.6666 14.3797 66.1191 76.4886 103.1885 60.4118 6.8405 10.9555 96.7785 10.6035 87.8748 101.5092 181.7093 110.8800 190.8651 40.3244 0.0000 229.1349 146.6702 169.9280 132.3247 115.0272 133.9999 131.6671 133.1355 118.5346 31.0524 238.0059 211.7298 156.4513 163.3467 115.5255 32.1977 64.9513 169.2209 117.7236 103.8127 43.2188 231.6041 142.0472 85.7027 96.6194 124.8209 128.9701 102.6521 76.3473
1.8564 153.0632 257.7974 179.9593 163.5808 64.1949 102.8390 76.5202 66.3107 40.0673 111.1114 75.7139 185.3539 225.2906 154.7333 76.1043 109.2172 54.9806 153.5585 100.3219 49.2641 99.8137 60.4827 98.6462 149.9773 81.4133 70.8324 115.7471 140.0750 54.0906 44.5664 120.9638 121.7380 43.0032 101.4958 103.3533 112.7108 75.5034 80.3416 5.4862 116.2845 184.3515 89.1086 115.9110 64.0233 98.1134 124.2594 178.0458 89.9033 71.0456 229.1349 0.0000 70.9559 6.3177 18.7375 151.5104 115.5461 90.3265 21.7819 128.6697 84.7507 0.4093 73.6161 61.3461 84.4591 153.0743 246.0022 16.1489 50.2195 84.3577 54.3567 109.3630 129.7517 123.5338 67.8057 177.8598 130.1912 32.4768 174.7504 53.4486
142.1573 85.2250 130.5845 96.7802 154.5895 84.7308 7.2179 72.3544 125.5598 63.1244 83.6728 185.8130 41.2194 142.2353 31.3373 30.7329 154.2196 35.1181 115.1910 96.9916 141.6840 187.9872 230.9196 116.6799 114.8991 115.4312 48.8674 210.0615 73.2020 218.3397 245.9514 133.1530 151.8405 119.7480 172.9094 139.6855 52.8533 136.7507 87.2855 65.4351 95.1971 106.5158 119.0796 23.4933 90.0214 134.6380 25.9074 121.3209 126.0656 128.9470 146.6702 70.9559 0.0000 132.2905 81.8714 51.8092 77.1443 115.8130 120.0513 71.7510 133.0781 4.2817 88.5058 125.3855 72.1545 94.3440 64.1350 183.5258 139.4920 84.9784 98.7492 34.1452 126.3351 115.7607 75.9484 114.9740 81.0115 174.5982 38.4100 171.1578
169.9121 122.7594 183.7303 109.5385 100.5700 162.7181 173.5517 150.0937 193.9681 106.5230 161.5935 144.1786 201.8833 185.7054 160.2172 120.0248 51.6976 229.5785 16.1644 103.0216 89.4002 35.5023 121.1935 105.2027 105.8647 70.7191 124.1252 137.9718 117.3573 128.2428 160.0601 21.4084 90.4042 99.7219 154.6287 152.1801 137.4462 79.9325 111.5825 23.1025 97.6743 132.4433 100.7621 92.2094 111.8069 42.0229 84.7454 109.5314 198.6928 61.4043 169.9280 6.3177 132.2905 0.0000 243.0781 209.8098 118.6160 158.7892 7.8079 147.7793 165.7517 59.7043 227.2445 72.2287 135.0695 162.0027 69.6659 92.5213 81.0279 95.1145 135.1359 88.1182 1.3391 48.7598 44.3165 39.3151 60.6594 104.6420 81.6665 85.4741
167.9285 143.7098 121.5958 62.4225 93.1500 62.6270 123.5701 22.5586 161.8298 63.5698 95.7369 231.1676 81.5222 170.6009 111.1264 106.1772 163.7125 62.0463 222.3630 61.3861 108.8173 58.8965 94.3674 145.8264 103.8801 64.4013 126.1255 12.8876 42.6289 133.5706 139.9203 105.7443 111.8780 142.7015 135.0072 116.6821 78.5234 28.2941 126.4800 197.3031 58.5502 165.4912 150.8139 94.2619 80.4802 23.5752 78.0803 68.6250 110.3006 80.6838 132.3247 18.7375 81.8714 243.0781 0.0000 30.5256 44.1680 2.0108 172.3982 102.7232 46.0317 110.8333 93.7248 22.4004 114.2092 73.9887 59.9392 77.8096 179.5517 0.4865 33.2966 185.7925 120.7606 39.7025 96.9104 205.7853 86.3589 83.6732 92.8390 172.1986
129.9009 129.2931 46.9036 92.9946 105.8491 76.1266 41.4564 139.1086 167.5873 39.4003 147.0367 159.9449 68.0170 93.2978 73.3210 34.6336 112.4726 70.5896 86.4180 65.6366 78.9498 233.7456 179.8147 183.7754 102.2036 79.0752 68.0608 221.7242 55.5886 144.9724 131.1674 156.1596 41.1854 257.9324 89.9664 100.7231 33.7998 120.5163 122.9932 61.2363 72.0856 11.0153 140.1515 101.2569 94.5841 66.6775 7.3198 31.1743 140.4501 107.2120 115.0272 151.5104 51.8092 209.8098 30.5256 0.0000 57.1304 105.6181 121.5615 156.5543 133.0318 89.3045 118.6690 65.4509 173.8499 53.0270 184.5530 71.8784 126.4883 98.5562 70.5874 208.7619 93.9718 55.9326 102.8473 15.7192 161.0652 156.8762 60.8078 133.5484
158.4382 176.6614 116.9060 147.3595 29.0725 169.2078 85.7639 145.0926 139.6893 123.8859 44.6012 77.8661 61.4655 174.8310 103.1587 174.2601 113.5265 228.8073 60.4465 200.7440 126.0234 78.9533 124.2920 111.7653 33.3783 142.9157 2.9438 111.5356 165.9885 89.7798 167.9081 60.8902 269.5562 187.5145 68.3377 180.6320 160.7211 86.8585 56.2616 76.0632 41.6558 188.4020 134.9903 98.7887 119.8037 44.4518 151.2512 121.6726 7.8460 96.7973 133.9999 115.5461 77.1443 118.6160 44.1680 57.1304 0.0000 198.7580 44.2025 152.9484 56.2142 98.5186 104.1814 171.4540 166.1870 167.1295 46.2010 45.4274 70.6671 59.8141 45.6531 82.9661 218.5775 112.3550 60.0936 136.4179 86.9085 67.3278 70.8461 85.6619
138.0018 132.9587 62.1110 1.7057 73.8438 155.9667 48.5150 200.7593 25.8593 181.1211 81.1885 221.4858 145.6007 26.7437 32.8361 120.6866 74.4751 95.8117 119.3019 98.5403 184.2462 121.5000 132.9610 80.5106 184.0861 121.2394 45.9429 135.8576 47.8004 35.7442 90.1427 61.2211 80.5995 119.3653 127.9605 87.3212 113.8900 117.6862 53.6253 203.5441 146.7263 117.6460 126.0658 172.4041 44.0404 43.5891 98.1763 206.4893 60.7779 108.5853 131.6671 90.3265 115.8130 158.7892 2.0108 105.6181 198.7580 0.0000 115.8026 54.9199 89.1601 73.8755 200.4674 143.9800 21.8906 165.4490 31.3547 170.0683 42.8885 26.2001 116.4270 123.1327 22.7812 76.1955 109.9776 216.7046 167.1254 124.1401 144.6518 175.4864
