80
0.0000 90.4571 93.4782 158.0990 121.9533 78.0678 93.7288 186.8072 152.3719 132.5175 24.1145 79.3916 67.0129 32.4383 95.3692 112.4513 116.3487 188.0777 126.0836 100.4584 224.3943 101.1020 143.0858 61.7335 95.6691 121.2067 132.0993 139.6103 53.6802 119.8196 12.9979 72.5941 186.8015 96.4269 54.3122 174.3499 123.4498 92.0261 176.0426 28.4913 139.5363 28.8507 149.2048 126.3365 190.1303 100.3750 108.1474 4.0702 54.9675 126.9770 164.3964 16.4723 88.0375 147.0206 80.3827 114.9424 202.3948 127.0828 109.5388 29.8977 56.6210 55.3983 62.1056 124.5525 48.5641 152.5902 95.1107 186.6555 76.0399 178.5134 226.5594 128.1157 197.7940 54.4655 189.6260 1.4383 235.8715 67.2550 127.7385 52.6126
90.4571 0.0000 64.6793 83.9726 73.3822 125.9640 59.4283 9.3839 19.3494 88.9984 71.7028 85.0941 90.4269 130.0377 207.6003 180.0257 80.3047 5.3325 69.5809 102.1794 30.8382 183.0795 116.5261 57.8305 115.1832 94.7128 69.8886 71.1267 130.3250 95.6814 113.2414 53.6058 78.4866 95.4616 105.7093 87.6145 74.9693 172.9444 12.6350 198.5016 31.9690 93.8475 73.6248 165.9093 153.4163 102.9136 148.8298 147.1353 47.6096 157.3886 131.3841 161.7412 128.2504 134.4891 79.6399 78.7364 90.3567 144.9267 117.6731 197.5914 203.7529 172.6408 77.0353 145.3593 66.5628 64.1937 124.0777 24.9328 54.1890 74.7061 112.1174 22.5206 71.1634 153.8298 46.2093 202.7341 17.4958 113.4474 33.0239 184.9333
93.4782 64.6793 0.0000 36.0468 120.2453 65.6776 22.4654 47.4657 79.3979 178.0622 85.0998 96.4181 96.3831 183.6593 154.1276 62.3541 132.5633 37.6278 52.9503 169.2800 20.2589 134.8816 163.8936 103.7317 124.1428 69.2830 88.0152 120.6993 143.6121 90.0823 118.9507 149.4154 19.9611 93.2375 31.7233 89.2952 19.6845 4.4636 29.5731 36.6967 158.4371 152.6218 13.9150 65.1052 46.4971 179.9620 102.2589 87.9643 50.2548 88.9119 106.4156 114.0522 184.9560 265.3149 160.9537 61.0537 130.2630 80.1371 115.2159 46.4407 118.1028 121.9065 2.4576 114.2622 137.6502 137.7637 109.6470 136.7511 99.3231 84.4892 4.9556 74.5427 133.5386 59.0620 72.3553 63.4298 91.7663 63.8504 45.4259 188.0099
158.0990 83.9726 36.0468 0.0000 203.9682 153.6569 71.5582 106.7018 133.8526 105.9363 10.8465 74.5997 194.6229 60.0327 99.4462 101.6486 23.8092 110.8276 154.3106 101.8251 245.3327 26.2888 36.9813 117.6896 49.6252 193.4779 80.3486 55.2283 55.7248 207.1146 113.7805 172.2757 80.3452 126.7635 154.7176 97.3304 276.4988 186.8657 73.5792 66.0782 79.4711 40.0167 158.4515 54.2460 165.8541 136.4511 94.4877 29.3213 66.8343 174.5901 99.6989 124.2714 108.9367 37.2265 31.0197 211.8988 150.4467 135.6368 136.6642 129.0931 59.2613 148.5166 136.6442 75.2333 81.1077 34.4625 169.7962 115.3832 153.5852 130.9507 141.1596 110.5535 19.9997 118.8831 93.2362 99.6313 146.7343 175.5349 132.5641 127.7578
121.9533 73.3822 120.2453 203.9682 0.0000 136.4237 125.6573 84.6238 129.8698 51.6796 124.2168 62.6930 55.0344 67.3121 14.2342 270.8030 88.2106 26.3832 135.3018 1.7031 54.5181 23.5942 226.5839 104.6740 192.1349 86.2171 74.0246 76.3273 133.7296 91.6953 25.6721 130.3917 34.1783 108.3612 48.0474 85.9954 69.9394 180.2492 54.1993 132.7672 90.4850 143.8855 165.5550 119.4842 13.7604 59.6002 114.7293 124.8003 40.5776 136.1756 65.3380 44.9839 32.1738 128.7840 106.7939 134.0262 56.4260 69.5090 151.0473 93.0192 67.3874 54.2242 103.3680 132.6284 69.8182 104.7284 68.6303 151.3591 128.8430 222.1581 32.0176 163.2588 149.3233 93.5176 41.0763 169.4728 53.5960 118.1693 135.1068 41.0818
78.0678 125.9640 65.6776 153.6569 136.4237 0.0000 74.0660 86.7792 191.1530 184.0584 81.7775 181.8952 109.0599 127.4924 139.5927 103.6635 86.6817 192.8644 79.3783 59.1220 135.4414 75.2236 57.1231 96.6783 66.9083 140.7043 77.5174 139.9003 84.9967 127.3217 110.0570 102.4278 65.0930 95.0330 87.3362 46.8687 119.4352 41.7320 85.3014 190.4396 120.3464 17.1692 29.1237 196.3673 172.0437 178.8122 61.1570 11.2097 135.4068 92.6958 42.6596 111.8986 112.8521 82.0473 124.7157 46.9287 180.6586 14.2236 89.1753 131.3170 126.5358 35.5047 107.3965 73.4474 122.9268 137.3404 119.8986 126.8328 53.8655 94.9080 165.4770 73.5891 65.5142 65.7156 112.1027 143.6024 127.2381 102.1369 66.2060 134.7803
93.7288 59.4283 22.4654 71.5582 125.6573 74.0660 0.0000 112.1877 126.0414 107.7066 117.6015 80.6785 16.0323 128.3249 130.9014 105.4081 47.4780 141.7082 157.7654 33.5163 85.8050 258.5844 200.5630 31.3011 117.2164 103.7387 38.0091 98.9064 54.4348 46.3094 150.3988 144.0145 115.7874 39.8623 37.5302 170.0764 112.3118 94.9249 172.7826 120.6343 131.1338 85.5398 165.3624 95.4197 120.1020 192.7291 60.9709 114.1865 105.2495 116.8796 186.8731 82.8367 140.3108 88.6769 62.9605 129.8973 203.3173 120.2850 100.7940 64.5112 133.2825 193.6501 135.0050 186.1532 151.6582 97.4095 45.7855 100.3117 86.3885 73.6624 106.0554 176.1152 134.2141 129.5034 34.6714 160.6660 172.2416 0.5501 69.1858 104.6708
186.8072 9.3839 47.4657 106.7018 84.6238 86.7792 112.1877 0.0000 129.0380 159.0970 32.9276 128.8147 23.5751 181.1534 31.3365 260.9507 204.2588 54.8560 49.0577 3.4640 133.0542 190.9295 73.9659 75.9489 94.4719 49.5841 90.5142 60.1954 66.0406 158.1746 98.0462 35.3649 28.3603 179.3768 133.9564 54.6385 61.4477 52.6071 109.0370 126.4379 73.6167 152.2288 193.3130 101.0503 136.5373 0.3394 71.2365 310.7089 52.6771 92.9678 132.4250 53.5455 42.4071 111.7455 136.6151 7.4862 148.7599 102.8667 78.8259 17.4943 128.0651 81.2593 157.2317 181.1817 97.7733 64.0240 57.6713 167.9497 154.2753 59.7783 101.0019 110.4684 153.7664 125.8566 134.2249 15.5040 103.0874 137.5892 175.1323 186.4289
152.3719 19.3494 79.3979 133.8526 129.8698 191.1530 126.0414 129.0380 0.0000 83.2559 74.9361 6.2079 149.3262 156.9908 23.1295 76.3809 33.9998 77.6998 74.4712 23.7121 78.5196 165.2679 210.8123 191.0014 243.6359 191.4061 95.9098 66.1263 112.5027 92.5992 98.0356 89.3186 86.5195 112.9240 97.7921 45.4327 66.8037 130.3530 86.1477 108.3126 89.5535 64.2241 67.9624 146.7656 61.7561 79.5877 78.2101 122.7902 158.2193 186.6934 203.7969 110.8726 117.0615 72.7087 37.7960 94.2656 152.3015 137.8422 157.3282 122.3107 26.4518 37.2921 55.3403 103.1439 200.5493 123.4918 28.9971 100.5760 85.3609 71.3742 122.3422 108.3084 30.3829 153.0441 118.5278 84.0396 15.1279 114.0297 171.3880 91.9436
132.5175 88.9984 178.0622 105.9363 51.6796 184.0584 107.7066 159.0970 83.2559 0.0000 47.5019 25.5811 154.7354 113.7287 131.6754 80.3560 107.8556 109.8951 147.7345 254.5167 90.1556 172.5692 23.3614 51.1652 210.5941 90.5370 60.2841 112.2512 176.2996 69.4343 70.7136 104.0263 40.4667 178.0323 53.0994 89.3010 91.3027 137.8462 32.9094 33.1405 136.3726 87.6230 96.7691 47.9069 45.7214 91.5414 131.6643 119.6327 118.7295 37.5394 143.7498 177.7291 25.7807 170.3843 81.7760 70.9205 120.6505 118.5087 214.0473 87.7818 173.9421 75.1326 23.8870 98.6312 146.6865 117.3294 29.8120 78.2276 107.1979 50.2964 122.2224 20.3944 66.5740 66.7701 91.0901 116.5216 3.1332 138.8758 114.3159 149.1596
24.1145 71.7028 85.0998 10.8465 124.2168 81.7775 117.6015 32.9276 74.9361 47.5019 0.0000 87.8921 16.7922 123.6354 124.1599 135.8219 69.7219 196.3733 49.7991 32.1701 112.1612 61.9093 170.2790 5.3129 90.3150 131.7581 132.2020 195.1762 66.7120 90.1564 46.5477 105.9381 128.3563 73.3360 139.4235 97.5182 43.0165 189.8383 143.9114 221.8993 135.1922 157.9794 100.4235 6.6985 43.4131 70.6654 163.7771 177.4577 53.6073 122.7110 115.9791 186.9898 175.3504 83.7359 79.7511 183.9688 196.6615 145.0626 78.3225 139.3291 19.2613 103.1230 177.7600 65.1642 176.3305 58.9040 107.8940 200.5012 103.3400 11.9199 59.7941 103.1413 82.6444 166.5431 129.4906 32.7991 82.5998 39.4343 98.3665 68.8506
79.3916 85.0941 96.4181 74.5997 62.6930 181.8952 80.6785 128.8147 6.2079 25.5811 87.8921 0.0000 127.9047 52.0002 23.2049 98.9623 37.1276 74.6402 69.4382 67.7217 90.3699 186.5855 160.1345 187.3217 64.7586 84.3285 76.4394 7.7024 142.2769 77.3823 122.9993 116.9371 52.0496 55.4577 105.8676 49.8699 77.7906 192.2867 176.5114 77.6860 111.7731 65.2092 152.1073 70.0247 84.4660 38.3777 181.3197 27.6131 122.4815 92.1740 98.8172 113.8400 139.0624 137.0854 50.8228 130.7675 57.2564 69.6584 217.9526 168.5571 73.6716 178.6367 99.9786 1.2114 33.1552 260.2153 158.4329 125.8115 92.6347 81.3693 78.1859 58.3441 129.3330 44.0161 167.4217 189.2222 160.1009 140.4656 131.9812 56.1249
67.0129 90.4269 96.3831 194.6229 55.0344 109.0599 16.0323 23.5751 149.3262 154.7354 16.7922 127.9047 0.0000 208.7516 70.2204 114.0421 55.1849 60.3120 103.1876 24.7553 179.0173 22.2764 116.7652 69.6546 129.6084 172.6349 139.0519 108.7566 49.6344 24.6470 147.1042 77.1305 135.9870 30.4750 128.7026 143.1581 200.1523 126.3302 30.2808 69.2994 194.0559 147.5351 75.7440 25.1577 83.3496 132.4812 90.4244 81.0528 180.4736 161.0100 112.8899 190.9631 88.1365 36.4682 116.5987 16.7123 215.5619 76.3433 89.2634 79.9938 65.6053 58.8197 44.7730 63.2935 5.4234 179.9331 121.7970 83.2700 107.8740 132.3833 71.4264 193.7233 152.4713 74.9078 97.6185 87.3968 34.1569 202.0128 192.0861 10.2852
32.4383 130.0377 183.6593 60.0327 67.3121 127.4924 128.3249 181.1534 156.9908 113.7287 123.6354 52.0002 208.7516 0.0000 156.4105 157.5612 96.5206 97.7182 143.2115 88.5400 66.4379 132.9682 135.9321 60.2550 120.5411 92.9940 163.0800 92.8334 162.1950 177.4607 55.8251 170.5438 140.8179 81.3924 35.2634 27.6286 96.5826 146.6042 122.8924 172.0871 118.3597 19.6748 26.1751 112.6740 192.3324 115.7661 95.3837 127.0209 111.9912 222.6458 167.8134 20.1086 34.5908 86.0592 159.6163 119.9673 58.4060 70.7485 80.6913 112.9135 81.4252 85.4928 232.2212 145.2211 68.8238 142.7160 113.9965 132.7958 17.5490 37.2579 127.3181 202.3423 44.2445 122.3467 187.0442 174.8299 95.3229 129.1272 172.0433 158.4090
95.3692 207.6003 154.1276 99.4462 14.2342 139.5927 130.9014 31.3365 23.1295 131.6754 124.1599 23.2049 70.2204 156.4105 0.0000 72.2368 146.9208 161.9895 123.6916 11.7891 164.1308 30.1501 157.1161 137.7674 138.1999 3.4391 85.9591 53.3944 2.7493 85.4595 58.6886 111.5090 104.4794 105.0252 39.4312 41.1022 220.3728 131.7876 8.5642 3.8707 196.8487 81.6726 194.4998 160.9641 163.0620 35.3070 219.5339 90.2723 169.4393 171.7200 85.9704 5.3940 128.3802 92.2271 69.3702 61.0567 139.3209 82.6543 35.5025 9.3082 136.1627 21.4281 131.7326 94.3314 162.1488 12.1247 57.2726 42.6401 98.6283 138.0235 142.0474 172.9540 16.0931 121.3452 127.6727 114.1178 63.2244 124.6040 30.4401 91.6743
112.4513 180.0257 62.3541 101.6486 270.8030 103.6635 105.4081 260.9507 76.3809 80.3560 135.8219 98.9623 114.0421 157.5612 72.2368 0.0000 3.3144 201.0829 121.7413 84.5774 119.1312 151.2180 56.6712 87.6083 57.6595 84.2833 95.8020 76.6925 56.5226 204.3689 83.7972 46.1524 62.4179 108.0305 145.5534 48.2958 100.3619 97.1629 38.6431 52.3835 1.6873 59.4070 239.3684 222.1894 212.4346 69.4299 60.5182 17.8263 55.9924 108.0826 91.3246 19.7190 17.5863 116.5188 193.9060 21.4871 134.4371 71.0596 179.4558 133.7403 89.2496 125.4317 143.5127 73.3207 149.7649 152.5597 139.4533 150.2790 11.9239 145.7891 68.4095 118.0582 73.3012 35.5761 93.9775 112.5813 90.7087 21.1763 68.9193 37.9917
116.3487 80.3047 132.5633 23.8092 88.2106 86.6817 47.4780 204.2588 33.9998 107.8556 69.7219 37.1276 55.1849 96.5206 146.9208 3.3144 0.0000 82.0584 142.3456 95.3951 203.8098 42.4025 66.6817 113.7856 139.3500 62.5327 213.9062 78.2885 125.2865 170.3644 42.7037 24.6028 106.3732 191.3595 179.4250 51.5444 63.7740 130.3284 52.6019 21.3417 173.9275 103.5183 98.4672 85.4710 56.6408 214.1352 156.4738 58.1248 88.1784 96.6496 132.2591 152.8729 94.3579 261.8384 83.2339 155.9830 166.3642 166.5532 159.2555 66.1466 140.6612 200.5575 80.4668 1.3460 91.2010 41.2910 99.0854 154.8028 143.7102 4.3727 196.4916 147.6964 156.5412 201.6914 24.9258 101.4016 48.2723 88.1529 49.3167 42.6079
188.0777 5.3325 37.6278 110.8276 26.3832 192.8644 141.7082 54.8560 77.6998 109.8951 196.3733 74.6402 60.3120 97.7182 161.9895 201.0829 82.0584 0.0000 103.0767 159.2860 131.9111 118.5971 196.4333 38.9114 118.3055 146.9756 139.7771 67.0749 144.2576 143.2729 105.6724 149.1972 101.3469 47.1377 96.4880 127.8793 129.3755 75.0112 116.8876 182.9093 147.5682 99.5471 108.4185 128.3216 99.1955 30.4157 69.1627 152.1553 242.0556 89.3719 158.9091 79.0977 184.5025 44.0827 93.8090 200.1559 75.2265 60.0597 78.8013 114.8042 88.8103 64.0457 74.9686 74.7885 42.7295 92.4018 251.3390 199.1556 77.4847 154.7205 72.1496 9.6668 66.3024 78.4422 23.4089 154.8502 95.2313 127.6399 127.6947 47.4009
126.0836 69.5809 52.9503 154.3106 135.3018 79.3783 157.7654 49.0577 74.4712 147.7345 49.7991 69.4382 103.1876 143.2115 123.6916 121.7413 142.3456 103.0767 0.0000 71.5956 50.9066 110.5753 94.1797 177.7666 154.8226 115.7308 156.7013 145.5080 91.1585 17.8556 166.6988 144.8668 140.9898 38.0666 68.3949 135.4189 142.8680 77.3963 22.3726 29.3520 30.6463 72.9982 53.5123 29.2081 119.9739 114.6699 151.8636 108.5597 135.4689 191.5622 179.1190 247.6423 72.8640 134.5266 57.5733 58.9963 144.0056 3.6588 167.9673 213.4061 113.6868 54.9845 33.4071 77.4346 36.3186 127.2456 103.1093 207.1679 115.8797 29.9819 94.2059 104.0079 114.5151 46.9751 194.1546 106.2171 152.1424 118.5079 18.3256 121.6207
100.4584 102.1794 169.2800 101.8251 1.7031 59.1220 33.5163 3.4640 23.7121 254.5167 32.1701 67.7217 24.7553 88.5400 11.7891 84.5774 95.3951 159.2860 71.5956 0.0000 54.6437 90.5616 215.3828 88.8840 68.4261 89.6871 119.8929 156.0804 131.7307 130.8603 98.8429 110.6299 109.1931 210.9612 101.5630 65.3578 245.5545 99.7426 174.1657 137.8466 78.7437 66.7285 125.6760 246.3942 122.7326 85.3180 131.9453 121.8848 78.7906 5.2741 194.3351 0.0294 9.4627 49.3302 72.0904 173.5967 110.5967 111.7468 261.6663 79.8049 81.3093 53.1508 171.8455 83.9828 37.0352 25.7523 67.8953 10.7787 203.0964 119.9880 117.4113 173.1469 142.1430 167.2106 180.7552 101.7700 33.2790 121.3099 12.2251 32.3474
224.3943 30.8382 20.2589 245.3327 54.5181 135.4414 85.8050 133.0542 78.5196 90.1556 112.1612 90.3699 179.0173 66.4379 164.1308 119.1312 203.8098 131.9111 50.9066 54.6437 0.0000 120.4332 185.2227 100.0298 146.5520 8.4921 148.6083 153.4045 33.0743 177.2599 64.4011 86.5038 157.5729 77.0036 184.7911 94.6440 30.4438 217.6068 8.2089 59.7598 46.9506 199.3588 164.8141 37.5310 139.8359 126.4621 91.3120 217.9648 56.2022 77.8467 55.6848 45.9691 122.4949 53.7385 141.3876 161.4056 74.8786 148.6346 126.6068 43.7764 21.6665 190.3843 175.4598 66.0396 102.1838 92.6076 92.1377 96.7934 120.8085 109.6837 197.3185 22.0767 142.1717 125.3995 104.0926 9.0046 129.1200 236.5642 65.1358 138.7343
101.1020 183.0795 134.8816 26.2888 23.5942 75.2236 258.5844 190.9295 165.2679 172.5692 61.9093 186.5855 22.2764 132.9682 30.1501 151.2180 42.4025 118.5971 110.5753 90.5616 120.4332 0.0000 125.8929 196.2311 113.5971 187.7014 87.7133 31.4646 36.4453 143.3762 142.2945 129.6356 76.7154 18.8207 124.7416 133.9203 78.5351 178.9767 36.0251 194.9617 81.6912 41.7576 96.1070 71.3029 235.7396 91.7013 173.6046 161.5101 197.6204 75.2293 55.9213 111.4101 149.4657 105.8296 81.0922 95.5526 136.6718 154.4746 51.2982 183.9747 199.6246 54.9078 75.2559 79.7154 81.7728 93.9147 77.7474 124.1487 139.3014 42.3373 84.2915 60.2979 98.9531 129.8748 43.4152 66.8492 145.5781 170.9702 0.3232 94.2424
143.0858 116.5261 163.8936 36.9813 226.5839 57.1231 200.5630 73.9659 210.8123 23.3614 170.2790 160.1345 116.7652 135.9321 157.1161 56.6712 66.6817 196.4333 94.1797 215.3828 185.2227 125.8929 0.0000 133.6178 89.9645 102.4365 186.8590 156.5379 33.9825 113.5480 172.9670 30.6785 93.1336 41.6235 155.2189 140.5135 93.2554 128.6030 78.4311 173.1961 108.7269 88.3739 129.9209 175.7612 94.9779 201.5215 182.9012 108.3714 71.2647 196.3901 70.9936 79.9511 70.5060 188.0039 85.7714 154.2175 129.5118 89.2633 41.5266 150.1508 74.3262 123.1633 209.5857 57.7656 18.9017 149.4096 118.4151 125.1190 164.7943 101.6368 192.9672 152.3863 134.0289 105.4559 111.6579 107.4461 128.4381 119.3603 114.5435 47.4849
61.7335 57.8305 103.7317 117.6896 104.6740 96.6783 31.3011 75.9489 191.0014 51.1652 5.3129 187.3217 69.6546 60.2550 137.7674 87.6083 113.7856 38.9114 177.7666 88.8840 100.0298 196.2311 133.6178 0.0000 40.2901 37.2491 52.5292 119.6507 63.6896 101.3755 118.1768 43.2529 176.6827 59.9429 77.2613 181.9143 131.9212 84.8360 52.7441 102.2435 140.7051 107.0796 73.3834 79.0016 36.1030 83.7611 128.7726 203.4612 74.0949 162.6332 102.8952 149.3556 51.7148 179.0496 91.9164 144.2949 108.2184 64.7519 100.8839 94.8197 137.6880 27.5444 122.5131 108.5873 117.2358 140.7267 133.6546 98.8478 153.5246 145.4717 40.8874 106.7965 163.0460 107.0314 120.5324 104.7103 169.3139 100.1423 25.5937 51.6649
95.6691 115.1832 124.1428 49.6252 192.1349 66.9083 117.2164 94.4719 243.6359 210.5941 90.3150 64.7586 129.6084 120.5411 138.1999 57.6595 139.3500 118.3055 154.8226 68.4261 146.5520 113.5971 89.9645 40.2901 0.0000 173.2661 139.4785 84.6326 136.4493 114.5219 160.3792 226.0122 179.7718 115.4981 86.7377 89.0353 156.6381 181.2422 142.1998 129.3118 113.2377 129.7144 140.9150 143.4625 60.4102 60.9239 22.4071 73.8260 50.9171 214.3132 159.8254 167.9213 79.6905 169.9248 144.1572 15.0125 241.7269 95.3681 57.2719 30.3572 88.8936 167.5226 139.7424 99.2051 45.4509 23.1154 77.9393 168.7663 80.5728 106.1556 67.6888 15.2027 129.2688 47.3312 109.5664 77.3471 154.3702 170.4275 127.6799 49.5045
121.2067 94.7128 69.2830 193.4779 86.2171 140.7043 103.7387 49.5841 191.4061 90.5370 131.7581 84.3285 172.6349 92.9940 3.4391 84.2833 62.5327 146.9756 115.7308 89.6871 8.4921 187.7014 102.4365 37.2491 173.2661 0.0000 209.2726 38.2037 80.6916 136.2348 129.7939 72.8100 163.6607 39.6521 58.6309 6.4813 196.4059 109.4430 53.0091 199.4824 254.2658 53.9300 87.5769 75.1549 83.1187 124.0132 22.3999 82.0875 125.6165 100.2730 141.5807 174.7274 19.5689 201.1496 118.2379 139.9534 167.2318 183.4914 69.5151 203.2593 106.3842 106.9872 43.8916 129.8149 148.5333 60.7091 29.1335 82.9123 62.4494 139.3525 117.7610 80.6614 210.7060 94.0721 49.6181 123.2929 104.7398 128.4751 74.7108 46.1270
132.0993 69.8886 88.0152 80.3486 74.0246 77.5174 38.0091 90.5142 95.9098 60.2841 132.2020 76.4394 139.0519 163.0800 85.9591 95.8020 213.9062 139.7771 156.7013 119.8929 148.6083 87.7133 186.8590 52.5292 139.4785 209.2726 0.0000 68.5915 227.0555 155.8958 64.7142 138.1439 43.4778 227.1960 55.1880 12.8210 113.5435 91.2055 1.6861 155.5645 88.5812 56.3208 138.9451 37.0616 58.1246 174.0137 116.1817 150.4112 108.3407 90.8615 58.0323 19.0182 74.6929 117.3696 31.8753 180.5574 73.0342 198.4246 133.2095 54.8944 145.2152 137.0102 26.2437 91.4798 112.8409 20.7834 19.6646 143.5706 110.9900 53.7915 27.0762 74.4320 132.9534 178.8180 170.0469 179.2109 287.6850 172.2823 173.4646 98.4767
139.6103 71.1267 120.6993 55.2283 76.3273 139.9003 98.9064 60.1954 66.1263 112.2512 195.1762 7.7024 108.7566 92.8334 53.3944 76.6925 78.2885 67.0749 145.5080 156.0804 153.4045 31.4646 156.5379 119.6507 84.6326 38.2037 68.5915 0.0000 43.4678 109.2069 69.8527 157.4275 81.5870 146.9369 91.5901 185.5406 188.5926 229.4095 96.2628 128.5323 25.4521 73.3675 35.3112 68.3589 72.3787 270.6008 111.0806 68.7997 93.6586 15.1906 21.8918 115.6215 207.5745 121.4374 125.7093 52.8782 116.5599 100.9386 160.3789 174.6874 55.8701 124.7969 58.6733 155.7121 112.9100 71.8172 63.7298 143.2321 88.1618 75.1277 194.5422 6.0400 115.2687 21.8590 114.4923 58.1883 118.9071 149.1006 139.8261 93.9065
53.6802 130.3250 143.6121 55.7248 133.7296 84.9967 54.4348 66.0406 112.5027 176.2996 66.7120 142.2769 49.6344 162.1950 2.7493 56.5226 125.2865 144.2576 91.1585 131.7307 33.0743 36.4453 33.9825 63.6896 136.4493 80.6916 227.0555 43.4678 0.0000 12.2293 171.6449 182.1476 160.7701 18.6019 97.0642 81.0339 205.2914 163.6426 145.9060 73.9375 62.0202 186.0279 49.3861 2.3705 175.9418 97.0870 154.3778 72.3077 116.6377 129.2658 121.8325 120.6716 106.5798 106.4328 24.7143 108.2264 51.4712 53.6616 73.7895 47.3000 90.1360 47.6136 144.1786 214.0076 155.7848 95.0851 222.7030 90.3854 166.6413 115.5037 89.7361 10.1764 90.8594 346.5631 77.8560 194.8285 118.0558 54.1403 152.6489 111.4120
119.8196 95.6814 90.0823 207.1146 91.6953 127.3217 46.3094 158.1746 92.5992 69.4343 90.1564 77.3823 24.6470 177.4607 85.4595 204.3689 170.3644 143.2729 17.8556 130.8603 177.2599 143.3762 113.5480 101.3755 114.5219 136.2348 155.8958 109.2069 12.2293 0.0000 83.7989 62.7610 148.9800 88.8454 92.9029 156.3456 24.6727 92.2938 16.0785 50.9657 24.9617 99.8206 141.7002 167.3276 183.2978 63.6563 130.0838 39.1073 124.3163 127.2365 109.6330 115.3826 36.7685 116.8008 229.2093 32.3809 129.5829 117.8557 180.9304 156.7477 95.0678 139.2888 128.9370 75.7033 127.0280 115.7916 98.5155 109.2491 96.0083 125.6712 69.6698 49.5830 128.9060 14.6897 98.1571 145.6424 100.8065 85.0966 116.1552 73.6792
12.9979 113.2414 118.9507 113.7805 25.6721 110.0570 150.3988 98.0462 98.0356 70.7136 46.5477 122.9993 147.1042 55.8251 58.6886 83.7972 42.7037 105.6724 166.6988 98.8429 64.4011 142.2945 172.9670 118.1768 160.3792 129.7939 64.7142 69.8527 171.6449 83.7989 0.0000 29.7315 192.9225 26.9311 24.4972 37.2636 135.9390 225.0252 180.6404 66.5545 157.4838 96.9449 49.7560 37.3886 62.8776 42.8139 41.4755 227.3589 84.5915 106.1658 5.2604 145.2050 132.1316 40.4772 107.4008 257.8253 152.3168 69.9238 118.4568 164.5146 140.2739 111.4198 171.3061 58.1405 53.5308 165.5783 106.6337 173.8184 93.3853 105.0098 59.4069 77.0503 171.5241 176.8673 162.9680 78.5518 141.3390 48.1051 113.7783 152.9515
72.5941 53.6058 149.4154 172.2757 130.3917 102.4278 144.0145 35.3649 89.3186 104.0263 105.9381 116.9371 77.1305 170.5438 111.5090 46.1524 24.6028 149.1972 144.8668 110.6299 86.5038 129.6356 30.6785 43.2529 226.0122 72.8100 138.1439 157.4275 182.1476 62.7610 29.7315 0.0000 99.2758 168.7825 98.4918 26.7487 180.9152 71.1429 195.4035 112.0875 10.6988 220.3610 141.2059 36.9884 65.2186 78.8280 90.2678 162.7034 36.5012 34.4922 81.7866 84.3620 64.9862 192.7429 78.4695 29.4540 68.6933 169.8853 111.2701 20.1727 133.1653 70.2102 51.2045 211.8391 91.4264 115.6914 224.4889 96.4659 83.5065 47.5024 81.5936 26.6283 159.9463 206.5103 9.8148 28.0735 84.1795 103.9433 37.3127 37.9307
186.8015 78.4866 19.9611 80.3452 34.1783 65.0930 115.7874 28.3603 86.5195 40.4667 128.3563 52.0496 135.9870 140.8179 104.4794 62.4179 106.3732 101.3469 140.9898 109.1931 157.5729 76.7154 93.1336 176.6827 179.7718 163.6607 43.4778 81.5870 160.7701 148.9800 192.9225 99.2758 0.0000 196.4822 111.8724 181.9510 94.7010 120.7520 118.8258 119.4876 52.2941 133.4191 20.3312 131.7716 78.3787 121.5796 114.2481 150.7406 79.0303 212.2295 127.2866 91.7838 41.1399 172.9001 285.9281 157.4032 176.6226 132.1169 19.5588 102.7004 80.7104 123.5769 88.7693 142.5897 116.5815 178.2298 132.7701 62.8228 38.6317 38.4812 100.6936 114.7402 64.3648 138.3341 127.3857 113.6457 67.2170 36.9636 181.8247 107.0727
96.4269 95.4616 93.2375 126.7635 108.3612 95.0330 39.8623 179.3768 112.9240 178.0323 73.3360 55.4577 30.4750 81.3924 105.0252 108.0305 191.3595 47.1377 38.0666 210.9612 77.0036 18.8207 41.6235 59.9429 115.4981 39.6521 227.1960 146.9369 18.6019 88.8454 26.9311 168.7825 196.4822 0.0000 97.9050 124.5959 63.8394 86.4035 66.9268 146.4684 171.1660 146.3737 136.0028 157.5812 60.2767 138.4155 87.6919 57.8066 43.1526 127.2964 49.9649 115.8151 160.6033 37.6831 120.2996 144.6449 116.3190 20.1965 134.5140 194.2442 34.6920 124.2243 139.7968 81.1973 171.1663 193.5879 106.3841 44.1372 196.8769 131.1211 106.5497 110.1995 56.7070 34.3367 186.1418 268.0648 52.6388 48.2574 66.0372 145.7108
54.3122 105.7093 31.7233 154.7176 48.0474 87.3362 37.5302 133.9564 97.7921 53.0994 139.4235 105.8676 128.7026 35.2634 39.4312 145.5534 179.4250 96.4880 68.3949 101.5630 184.7911 124.7416 155.2189 77.2613 86.7377 58.6309 55.1880 91.5901 97.0642 92.9029 24.4972 98.4918 111.8724 97.9050 0.0000 129.3007 221.8897 48.1345 238.8224 172.7237 55.4680 195.9248 119.9584 137.3173 93.0440 88.7763 188.8754 95.9300 141.9236 109.7843 90.3597 138.7541 134.4369 94.5617 63.8622 145.8279 80.9775 119.5045 53.2987 116.7690 76.2957 136.7335 222.8857 156.8973 171.2499 30.5700 127.8564 173.8335 237.1742 75.9796 113.1119 121.3758 49.8039 81.6414 47.6993 125.5431 73.2464 62.9192 94.9025 175.7753
174.3499 87.6145 89.2952 97.3304 85.9954 46.8687 170.0764 54.6385 45.4327 89.3010 97.5182 49.8699 143.1581 27.6286 41.1022 48.2958 51.5444 127.8793 135.4189 65.3578 94.6440 133.9203 140.5135 181.9143 89.0353 6.4813 12.8210 185.5406 81.0339 156.3456 37.2636 26.7487 181.9510 124.5959 129.3007 0.0000 44.8920 75.1890 113.9056 4.4308 78.6624 136.7770 42.6429 124.1378 163.7275 134.0659 164.2071 81.9811 117.0496 39.5594 124.1481 52.4610 85.5352 198.0208 36.3416 109.9371 106.0568 176.1837 172.5878 67.9352 130.6394 174.8619 4.1619 155.2074 87.9604 68.6171 199.8298 97.7539 100.4897 113.2965 65.9228 182.3365 13.6880 217.4917 126.8683 100.4309 180.9060 80.1310 145.1250 119.0808
123.4498 74.9693 19.6845 276.4988 69.9394 119.4352 112.3118 61.4477 66.8037 91.3027 43.0165 77.7906 200.1523 96.5826 220.3728 100.3619 63.7740 129.3755 142.8680 245.5545 30.4438 78.5351 93.2554 131.9212 156.6381 196.4059 113.5435 188.5926 205.2914 24.6727 135.9390 180.9152 94.7010 63.8394 221.8897 44.8920 0.0000 47.4870 128.4370 83.1535 135.4133 65.6498 182.1858 100.8759 111.2850 189.1923 101.4480 80.6536 85.2255 84.1095 153.1208 141.1087 12.1809 57.2432 57.8094 92.3932 20.2422 139.9633 78.8183 124.4782 201.8942 94.0265 86.7079 115.3909 79.0559 123.6959 149.4400 117.5657 11.3993 152.6310 55.8947 59.3215 155.3413 180.3535 183.0819 30.1881 84.5170 73.3531 133.9877 132.5560
92.0261 172.9444 4.4636 186.8657 180.2492 41.7320 94.9249 52.6071 130.3530 137.8462 189.8383 192.2867 126.3302 146.6042 131.7876 97.1629 130.3284 75.0112 77.3963 99.7426 217.6068 178.9767 128.6030 84.8360 181.2422 109.4430 91.2055 229.4095 163.6426 92.2938 225.0252 71.1429 120.7520 86.4035 48.1345 75.1890 47.4870 0.0000 99.6017 123.8654 169.7482 40.7034 26.2607 153.7359 69.5938 122.7854 165.5130 36.0910 89.0827 85.8354 155.1034 67.8870 169.9213 51.9642 49.3183 177.7827 155.3015 108.1978 77.4087 58.9820 98.3437 88.0031 148.4445 106.5493 52.0645 72.4285 84.3404 131.3218 146.0938 57.1339 103.1233 144.5179 143.8624 176.2351 68.5073 60.9128 66.6376 154.9827 53.7316 92.1334
176.0426 12.6350 29.5731 73.5792 54.1993 85.3014 172.7826 109.0370 86.1477 32.9094 143.9114 176.5114 30.2808 122.8924 8.5642 38.6431 52.6019 116.8876 22.3726 174.1657 8.2089 36.0251 78.4311 52.7441 142.1998 53.0091 1.6861 96.2628 145.9060 16.0785 180.6404 195.4035 118.8258 66.9268 238.8224 113.9056 128.4370 99.6017 0.0000 114.8819 181.4493 97.2502 170.3776 6.1703 50.7742 88.8355 102.5083 172.5601 47.3778 13.2184 80.4235 81.6169 86.0776 116.6348 120.6952 38.1696 109.9289 85.7391 132.7680 112.6336 187.2594 160.4803 85.1007 68.1857 161.4157 120.4848 82.8253 137.3288 97.0456 32.8959 34.5755 121.7175 87.2288 86.9622 146.9832 117.9708 81.8421 104.5080 183.8129 255.2737
28.4913 198.5016 36.6967 66.0782 132.7672 190.4396 120.6343 126.4379 108.3126 33.1405 221.8993 77.6860 69.2994 172.0871 3.8707 52.3835 21.3417 182.9093 29.3520 137.8466 59.7598 194.9617 173.1961 102.2435 129.3118 199.4824 155.5645 128.5323 73.9375 50.9657 66.5545 112.0875 119.4876 146.4684 172.7237 4.4308 83.1535 123.8654 114.8819 0.0000 53.8600 152.5058 138.4164 112.8014 194.9357 94.2887 181.9278 16.4613 115.0332 107.2299 158.5255 10.5897 59.5528 17.5260 101.5115 206.0457 255.6057 105.2756 167.1014 171.6752 113.0348 109.1002 217.8265 19.0890 99.5370 116.3370 106.2481 16.0362 87.3667 91.7533 237.3464 76.3346 83.1446 41.8192 91.1894 151.1672 147.9662 139.5022 119.8571 230.3152
139.5363 31.9690 158.4371 79.4711 90.4850 120.3464 131.1338 73.6167 89.5535 136.3726 135.1922 111.7731 194.0559 118.3597 196.8487 1.6873 173.9275 147.5682 30.6463 78.7437 46.9506 81.6912 108.7269 140.7051 113.2377 254.2658 88.5812 25.4521 62.0202 24.9617 157.4838 10.6988 52.2941 171.1660 55.4680 78.6624 135.4133 169.7482 181.4493 53.8600 0.0000 15.8622 181.6938 89.5165 93.6007 29.1089 171.6130 72.1683 174.6401 96.1962 82.4477 50.6610 171.9408 73.6320 108.6968 16.3037 91.2003 84.5950 183.7991 78.3829 30.7736 160.0759 81.6652 224.5370 85.9863 241.9426 109.2270 54.9557 191.8873 126.4646 43.2132 105.7305 110.5219 140.6350 55.5670 76.5000 197.2087 108.0143 147.6088 127.4744
28.8507 93.8475 152.6218 40.0167 143.8855 17.1692 85.5398 152.2288 64.2241 87.6230 157.9794 65.2092 147.5351 19.6748 81.6726 59.4070 103.5183 99.5471 72.9982 66.7285 199.3588 41.7576 88.3739 107.0796 129.7144 53.9300 56.3208 73.3675 186.0279 99.8206 96.9449 220.3610 133.4191 146.3737 195.9248 136.7770 65.6498 40.7034 97.2502 152.5058 15.8622 0.0000 83.0540 113.5985 198.0813 124.1838 229.3945 69.1819 108.9732 98.5753 138.3783 49.2259 37.5474 220.5998 183.0005 186.7727 104.9895 195.1182 73.9614 46.2757 81.1060 105.8040 111.8455 172.0546 21.5754 103.2424 67.1483 170.6501 34.7553 22.5136 64.7711 31.8316 52.8617 23.5657 108.2890 254.2512 46.5624 39.5405 30.1342 57.7293
149.2048 73.6248 13.9150 158.4515 165.5550 29.1237 165.3624 193.3130 67.9624 96.7691 100.4235 152.1073 75.7440 26.1751 194.4998 239.3684 98.4672 108.4185 53.5123 125.6760 164.8141 96.1070 129.9209 73.3834 140.9150 87.5769 138.9451 35.3112 49.3861 141.7002 49.7560 141.2059 20.3312 136.0028 119.9584 42.6429 182.1858 26.2607 170.3776 138.4164 181.6938 83.0540 0.0000 65.9992 128.9620 104.3058 53.9556 94.2752 87.0410 65.5518 170.5167 144.1697 135.3016 164.2964 78.5381 96.8118 111.2633 99.6143 169.9345 164.6839 51.7672 116.1785 121.9601 69.9289 34.6816 12.5649 49.2292 39.2649 19.4978 181.6002 17.1043 27.8401 94.2246 138.2084 10.5640 171.5474 50.1450 157.6645 38.9105 121.4172
126.3365 165.9093 65.1052 54.2460 119.4842 196.3673 95.4197 101.0503 146.7656 47.9069 6.6985 70.0247 25.1577 112.6740 160.9641 222.1894 85.4710 128.3216 29.2081 246.3942 37.5310 71.3029 175.7612 79.0016 143.4625 75.1549 37.0616 68.3589 2.3705 167.3276 37.3886 36.9884 131.7716 157.5812 137.3173 124.1378 100.8759 153.7359 6.1703 112.8014 89.5165 113.5985 65.9992 0.0000 89.0343 139.2966 70.1928 64.4659 107.7311 140.2426 38.7538 20.1927 161.0213 139.3846 68.8982 71.7175 164.3343 10.2894 156.5308 49.8756 64.2824 26.3320 71.8076 162.2706 91.3467 149.7712 100.7808 99.4078 81.7919 147.9818 49.3011 201.1818 91.9891 202.8070 97.6951 62.6005 100.7894 26.0297 221.4613 145.5754
190.1303 153.4163 46.4971 165.8541 13.7604 172.0437 120.1020 136.5373 61.7561 45.7214 43.4131 84.4660 83.3496 192.3324 163.0620 212.4346 56.6408 99.1955 119.9739 122.7326 139.8359 235.7396 94.9779 36.1030 60.4102 83.1187 58.1246 72.3787 175.9418 183.2978 62.8776 65.2186 78.3787 60.2767 93.0440 163.7275 111.2850 69.5938 50.7742 194.9357 93.6007 198.0813 128.9620 89.0343 0.0000 91.5467 14.0048 30.9609 112.3786 149.5248 29.9481 50.5050 100.9514 156.2362 100.9121 152.7495 140.5891 271.0153 223.8163 238.0127 162.4337 153.4662 23.4459 131.3966 124.5677 175.0568 92.8520 87.8078 45.6438 58.7532 63.0192 69.7314 86.7358 29.6337 105.6477 96.9187 67.2317 175.7427 99.7081 113.3899
100.3750 102.9136 179.9620 136.4511 59.6002 178.8122 192.7291 0.3394 79.5877 91.5414 70.6654 38.3777 132.4812 115.7661 35.3070 69.4299 214.1352 30.4157 114.6699 85.3180 126.4621 91.7013 201.5215 83.7611 60.9239 124.0132 174.0137 270.6008 97.0870 63.6563 42.8139 78.8280 121.5796 138.4155 88.7763 134.0659 189.1923 122.7854 88.8355 94.2887 29.1089 124.1838 104.3058 139.2966 91.5467 0.0000 164.6652 159.7289 8.0255 159.9108 158.0487 63.5914 77.4799 75.1119 30.2107 45.0250 40.3770 205.3135 124.2009 91.2100 81.2538 94.6839 83.9707 73.0525 97.8206 124.1702 68.2091 159.4327 155.3305 175.7364 41.7249 115.8509 39.3921 77.1167 164.2870 60.5111 112.3400 196.6661 123.9551 22.4793
108.1474 148.8298 102.2589 94.4877 114.7293 61.1570 60.9709 71.2365 78.2101 131.6643 163.7771 181.3197 90.4244 95.3837 219.5339 60.5182 156.4738 69.1627 151.8636 131.9453 91.3120 173.6046 182.9012 128.7726 22.4071 22.3999 116.1817 111.0806 154.3778 130.0838 41.4755 90.2678 114.2481 87.6919 188.8754 164.2071 101.4480 165.5130 102.5083 181.9278 171.6130 229.3945 53.9556 70.1928 14.0048 164.6652 0.0000 197.8511 97.7306 85.0370 160.3613 65.7249 31.2111 82.4829 125.2378 161.9618 83.9468 5.3875 80.9756 134.7292 89.5019 167.4796 103.4135 127.5535 133.1845 121.6928 63.0286 203.8031 235.1769 119.5946 162.1972 58.7261 214.0775 158.0820 88.7211 223.5992 79.0287 59.0966 142.7465 54.9135
4.0702 147.1353 87.9643 29.3213 124.8003 11.2097 114.1865 310.7089 122.7902 119.6327 177.4577 27.6131 81.0528 127.0209 90.2723 17.8263 58.1248 152.1553 108.5597 121.8848 217.9648 161.5101 108.3714 203.4612 73.8260 82.0875 150.4112 68.7997 72.3077 39.1073 227.3589 162.7034 150.7406 57.8066 95.9300 81.9811 80.6536 36.0910 172.5601 16.4613 72.1683 69.1819 94.2752 64.4659 30.9609 159.7289 197.8511 0.0000 113.7783 73.5780 114.0909 88.6634 89.9557 61.1929 66.9117 76.2690 38.1360 63.3179 54.1594 58.1801 148.2867 60.5916 164.1251 212.5379 130.8432 86.9864 142.2936 33.4284 78.2612 51.8503 113.3854 183.0397 183.0110 34.7279 122.4014 173.9243 118.5694 147.8876 202.7305 54.2997
54.9675 47.6096 50.2548 66.8343 40.5776 135.4068 105.2495 52.6771 158.2193 118.7295 53.6073 122.4815 180.4736 111.9912 169.4393 55.9924 88.1784 242.0556 135.4689 78.7906 56.2022 197.6204 71.2647 74.0949 50.9171 125.6165 108.3407 93.6586 116.6377 124.3163 84.5915 36.5012 79.0303 43.1526 141.9236 117.0496 85.2255 89.0827 47.3778 115.0332 174.6401 108.9732 87.0410 107.7311 112.3786 8.0255 97.7306 113.7783 0.0000 19.7349 95.2732 88.1992 110.4127 106.8640 34.3117 81.5112 186.3794 150.9042 160.2644 58.3524 165.8184 125.7896 69.5350 44.0202 147.8476 61.5318 78.6620 160.0347 84.0053 53.4040 43.8677 64.1754 150.9186 22.1649 128.9762 147.7334 120.6442 74.2195 48.4239 148.4568
126.9770 157.3886 88.9119 174.5901 136.1756 92.6958 116.8796 92.9678 186.6934 37.5394 122.7110 92.1740 161.0100 222.6458 171.7200 108.0826 96.6496 89.3719 191.5622 5.2741 77.8467 75.2293 196.3901 162.6332 214.3132 100.2730 90.8615 15.1906 129.2658 127.2365 106.1658 34.4922 212.2295 127.2964 109.7843 39.5594 84.1095 85.8354 13.2184 107.2299 96.1962 98.5753 65.5518 140.2426 149.5248 159.9108 85.0370 73.5780 19.7349 0.0000 93.2962 133.2400 72.2899 85.0847 116.2875 154.0260 52.7675 144.8046 228.4610 151.9479 52.6292 42.8106 156.6744 212.6844 71.6313 159.6649 137.5732 111.4038 23.9728 76.5009 105.4079 35.4275 66.5691 90.9661 184.3870 64.6032 69.8788 74.4296 156.0259 72.2352
164.3964 131.3841 106.4156 99.6989 65.3380 42.6596 186.8731 132.4250 203.7969 143.7498 115.9791 98.8172 112.8899 167.8134 85.9704 91.3246 132.2591 158.9091 179.1190 194.3351 55.6848 55.9213 70.9936 102.8952 159.8254 141.5807 58.0323 21.8918 121.8325 109.6330 5.2604 81.7866 127.2866 49.9649 90.3597 124.1481 153.1208 155.1034 80.4235 158.5255 82.4477 138.3783 170.5167 38.7538 29.9481 158.0487 160.3613 114.0909 95.2732 93.2962 0.0000 177.8353 162.5219 89.4400 221.0228 74.0485 33.1770 91.0922 191.4727 42.1546 29.2999 95.1385 84.3527 63.6415 135.3183 32.8856 110.1104 49.7566 97.6871 107.2342 154.7862 145.3526 130.3109 239.2023 170.8293 157.3484 106.4360 133.6507 103.3632 67.6459
16.4723 161.7412 114.0522 124.2714 44.9839 111.8986 82.8367 53.5455 110.8726 177.7291 186.9898 113.8400 190.9631 20.1086 5.3940 19.7190 152.8729 79.0977 247.6423 0.0294 45.9691 111.4101 79.9511 149.3556 167.9213 174.7274 19.0182 115.6215 120.6716 115.3826 145.2050 84.3620 91.7838 115.8151 138.7541 52.4610 141.1087 67.8870 81.6169 10.5897 50.6610 49.2259 144.1697 20.1927 50.5050 63.5914 65.7249 88.6634 88.1992 133.2400 177.8353 0.0000 29.5310 77.8457 31.8779 29.4005 141.2696 28.7635 60.4354 141.0294 74.7162 87.5001 10.7913 141.9428 83.5185 119.0195 81.4884 56.1879 66.7830 76.8389 38.0378 112.6449 55.8513 125.8084 208.5574 105.9922 63.0734 150.7911 133.1639 111.4242
88.0375 128.2504 184.9560 108.9367 32.1738 112.8521 140.3108 42.4071 117.0615 25.7807 175.3504 139.0624 88.1365 34.5908 128.3802 17.5863 94.3579 184.5025 72.8640 9.4627 122.4949 149.4657 70.5060 51.7148 79.6905 19.5689 74.6929 207.5745 106.5798 36.7685 132.1316 64.9862 41.1399 160.6033 134.4369 85.5352 12.1809 169.9213 86.0776 59.5528 171.9408 37.5474 135.3016 161.0213 100.9514 77.4799 31.2111 89.9557 110.4127 72.2899 162.5219 29.5310 0.0000 170.2273 122.5776 51.4949 165.3194 110.6885 93.1088 123.1734 42.2202 48.1856 105.6121 116.8107 77.3183 147.5995 155.3211 88.3592 118.1561 141.6506 76.3090 227.9215 127.4665 203.0417 91.7659 62.4104 88.9602 48.5916 224.6637 123.1489
147.0206 134.4891 265.3149 37.2265 128.7840 82.0473 88.6769 111.7455 72.7087 170.3843 83.7359 137.0854 36.4682 86.0592 92.2271 116.5188 261.8384 44.0827 134.5266 49.3302 53.7385 105.8296 188.0039 179.0496 169.9248 201.1496 117.3696 121.4374 106.4328 116.8008 40.4772 192.7429 172.9001 37.6831 94.5617 198.0208 57.2432 51.9642 116.6348 17.5260 73.6320 220.5998 164.2964 139.3846 156.2362 75.1119 82.4829 61.1929 106.8640 85.0847 89.4400 77.8457 170.2273 0.0000 46.3909 74.2373 88.1857 106.5548 199.1608 64.6027 28.1590 79.6089 209.2759 49.3971 81.0392 119.7339 35.4799 108.3931 108.4126 158.6908 151.9360 160.0783 173.1486 67.4442 234.8705 132.7890 114.6466 111.2966 95.6948 98.7186
80.3827 79.6399 160.9537 31.0197 106.7939 124.7157 62.9605 136.6151 37.7960 81.7760 79.7511 50.8228 116.5987 159.6163 69.3702 193.9060 83.2339 93.8090 57.5733 72.0904 141.3876 81.0922 85.7714 91.9164 144.1572 118.2379 31.8753 125.7093 24.7143 229.2093 107.4008 78.4695 285.9281 120.2996 63.8622 36.3416 57.8094 49.3183 120.6952 101.5115 108.6968 183.0005 78.5381 68.8982 100.9121 30.2107 125.2378 66.9117 34.3117 116.2875 221.0228 31.8779 122.5776 46.3909 0.0000 76.6991 171.4205 67.3887 39.5088 152.1629 73.8364 82.5826 80.6869 73.4919 37.2014 102.5606 159.5700 124.1777 76.9084 12.7530 162.0047 146.1082 149.6703 142.1117 152.9396 86.9265 83.9012 186.5937 43.9504 112.5805
114.9424 78.7364 61.0537 211.8988 134.0262 46.9287 129.8973 7.4862 94.2656 70.9205 183.9688 130.7675 16.7123 119.9673 61.0567 21.4871 155.9830 200.1559 58.9963 173.5967 161.4056 95.5526 154.2175 144.2949 15.0125 139.9534 180.5574 52.8782 108.2264 32.3809 257.8253 29.4540 157.4032 144.6449 145.8279 109.9371 92.3932 177.7827 38.1696 206.0457 16.3037 186.7727 96.8118 71.7175 152.7495 45.0250 161.9618 76.2690 81.5112 154.0260 74.0485 29.4005 51.4949 74.2373 76.6991 0.0000 50.6420 76.5300 61.6156 148.2515 169.1392 30.8231 129.7005 40.8815 132.8733 236.3845 163.8063 55.7024 61.1922 35.8254 78.7338 84.3690 67.9608 34.5627 171.1598 19.1690 20.0714 129.8354 46.4554 71.0624
202.3948 90.3567 130.2630 150.4467 56.4260 180.6586 203.3173 148.7599 152.3015 120.6505 196.6615 57.2564 215.5619 58.4060 139.3209 134.4371 166.3642 75.2265 144.0056 110.5967 74.8786 136.6718 129.5118 108.2184 241.7269 167.2318 73.0342 116.5599 51.4712 129.5829 152.3168 68.6933 176.6226 116.3190 80.9775 106.0568 20.2422 155.3015 109.9289 255.6057 91.2003 104.9895 111.2633 164.3343 140.5891 40.3770 83.9468 38.1360 186.3794 52.7675 33.1770 141.2696 165.3194 88.1857 171.4205 50.6420 0.0000 194.3926 236.6343 211.7853 124.6873 185.2284 257.5364 135.4342 67.2400 68.1760 53.2417 98.7557 33.9985 43.9629 57.4899 191.1602 100.0300 213.1619 59.0448 118.0363 43.1676 68.1665 85.5441 11.9317
127.0828 144.9267 80.1371 135.6368 69.5090 14.2236 120.2850 102.8667 137.8422 118.5087 145.0626 69.6584 76.3433 70.7485 82.6543 71.0596 166.5532 60.0597 3.6588 111.7468 148.6346 154.4746 89.2633 64.7519 95.3681 183.4914 198.4246 100.9386 53.6616 117.8557 69.9238 169.8853 132.1169 20.1965 119.5045 176.1837 139.9633 108.1978 85.7391 105.2756 84.5950 195.1182 99.6143 10.2894 271.0153 205.3135 5.3875 63.3179 150.9042 144.8046 91.0922 28.7635 110.6885 106.5548 67.3887 76.5300 194.3926 0.0000 109.8069 92.8519 14.5224 117.6623 105.0278 104.4578 157.7974 111.1641 6.7948 180.7755 155.0727 13.9033 47.8112 58.4498 78.9010 192.3023 88.5911 15.4154 80.7197 111.4727 79.0407 145.6347
