80
0.0000 177.3397 58.4774 94.5231 31.9141 155.9995 64.4012 113.5827 201.0168 38.2720 187.3076 67.2631 168.0860 182.4653 78.7196 144.6248 67.0960 113.9043 84.3798 116.3811 126.3597 73.9409 39.6281 166.4164 95.3601 119.1015 137.3921 47.1941 98.3333 61.4297 88.8827 10.7375 197.1397 38.5659 95.3638 135.9090 99.2661 214.8502 174.7470 90.3033 135.4429 206.6591 99.6027 104.6464 29.0258 76.8016 63.4057 189.8744 108.3788 116.1334 162.9100 189.9054 74.9941 135.6632 93.9476 7.8312 157.6128 208.7505 79.4162 42.9492 50.4481 100.7705 87.7563 152.7011 69.6282 113.3048 111.4890 28.9577 104.7995 135.3055 142.5706 153.1953 124.0463 273.1331 114.6863 30.6515 89.1919 7.5589 105.1744 60.2701
177.3397 0.0000 62.9534 122.0050 99.9837 43.3350 140.7585 120.7605 113.1624 67.7149 73.6954 35.3970 161.2348 87.8431 143.6078 69.4360 45.4424 208.0131 71.0586 43.6140 112.4112 98.9371 83.0590 6.5513 128.8192 212.5013 168.5012 105.8738 200.5573 85.3826 191.2038 175.7261 51.6763 123.9291 126.9474 118.2394 109.0474 9.1582 82.9483 178.1571 19.2356 67.4720 74.9925 56.9614 96.0474 71.4150 168.4600 144.3566 61.8831 38.5373 40.0491 27.4643 77.2497 40.8225 62.9887 113.3100 77.7513 179.0170 13.9133 167.5981 117.2657 135.2085 138.2639 135.3483 198.6490 194.3204 10.7722 122.2924 83.3231 154.6801 42.6850 129.3518 39.2510 131.1555 170.5992 191.3889 141.1212 107.9601 64.2441 139.9248
58.4774 62.9534 0.0000 50.8781 99.0988 46.9504 150.8051 121.7885 83.6926 163.3851 69.6217 69.7987 133.1369 21.2245 115.3458 140.2809 181.3596 120.1933 18.2059 109.1706 130.6801 110.1132 144.7565 32.4344 137.3979 108.1998 85.8217 162.7431 82.6290 19.3778 42.2351 115.3950 132.3691 112.2016 92.7394 134.4789 95.4163 147.5155 144.8753 201.5096 123.8845 9.3851 25.9676 58.1637 173.0821 174.2008 181.1904 186.1165 101.2890 74.5491 110.6055 31.5518 95.7640 132.1796 86.1797 130.4250 177.6500 245.8609 85.9681 82.0301 12.0770 105.4755 132.2297 131.2660 199.0948 107.9959 118.1923 18.8520 139.2795 70.0007 126.9547 48.9832 185.7959 122.6239 47.7784 58.1428 195.1765 269.8853 48.3902 114.4996
94.5231 122.0050 50.8781 0.0000 217.6546 94.9862 67.0590 120.9931 171.7422 156.8817 244.2578 74.6139 139.8314 242.3102 87.8606 132.6359 41.4227 115.4997 150.3084 154.9679 130.8087 48.4353 146.7989 124.0872 84.9659 70.6815 54.7635 63.3372 30.2593 115.6255 133.1322 48.0661 164.9164 97.1854 155.6755 131.8877 182.6864 150.8750 64.9311 16.6626 115.2720 177.5372 252.0620 201.0423 201.0714 75.2981 111.7793 195.2950 114.8043 39.2006 111.6865 22.6955 63.1991 188.5026 185.1154 61.9167 250.2803 114.9769 2.8839 128.9825 138.2685 120.6888 95.9249 2.7910 23.3750 10.5755 207.7897 123.4207 86.5337 41.0475 157.5755 139.5168 46.0945 134.1936 64.0396 162.6732 102.7706 100.6192 72.6011 125.2066
31.9141 99.9837 99.0988 217.6546 0.0000 49.7909 82.9550 142.3638 50.4727 224.1626 123.4767 159.6598 106.0283 68.1843 109.4264 89.8579 170.3887 66.4777 81.0156 94.9406 140.0637 50.6644 19.6728 120.6809 175.8658 83.6848 142.8448 146.5713 54.4487 60.2368 122.1077 132.2312 123.9441 58.0016 121.1017 108.2612 74.5370 41.5849 112.3455 79.9264 123.6371 12.3489 101.5125 134.8218 174.3655 86.4522 96.6583 102.8162 94.2525 133.6794 0.8525 128.3470 59.4734 60.0117 41.0305 176.3570 93.0840 103.3456 164.3835 142.1925 93.3480 96.4972 181.0103 148.6740 119.3689 109.1699 99.9517 122.5992 158.8690 181.7840 104.8281 95.7024 77.8761 107.4015 72.9719 120.0078 113.3266 119.5928 105.5965 138.4818
155.9995 43.3350 46.9504 94.9862 49.7909 0.0000 87.0816 132.1197 181.9620 155.4054 37.0365 201.9380 27.1621 42.3722 82.4944 98.8325 159.7730 139.9861 30.4117 78.9119 75.7565 81.3875 128.2069 60.8264 160.2795 142.9454 39.0638 72.0077 117.8848 202.4127 27.4523 63.7082 42.3761 72.2122 12.8137 126.5932 12.0245 71.0188 198.0377 105.4116 149.1785 15.4317 95.0258 107.1662 177.3027 195.1282 167.5743 52.5259 187.4772 142.3591 70.7819 83.8112 64.4197 29.7629 85.9837 211.0839 215.8726 258.4415 48.4221 59.7311 26.2645 13.2153 109.8849 86.5120 126.4160 54.3934 113.8454 226.8380 79.6354 87.5185 12.5562 23.5421 103.0956 21.4306 64.5646 97.5867 16.6936 119.8998 135.2355 51.0642
64.4012 140.7585 150.8051 67.0590 82.9550 87.0816 0.0000 195.5186 38.9067 144.7620 124.8135 95.0831 72.0891 157.5223 122.9850 109.1406 143.6803 125.0532 22.9359 100.6945 148.5609 146.6702 67.1045 6.3829 89.0105 190.9083 23.4958 31.6352 231.3580 149.9649 39.5469 93.8781 131.8064 27.9310 192.0212 70.5202 161.0542 163.8408 43.1843 170.6460 98.1786 66.5134 178.8361 157.3608 37.8314 210.4406 105.1243 104.7360 61.4775 41.2021 123.0610 96.9557 79.9953 100.2844 121.8895 74.5105 5.5243 111.1560 69.2014 81.4814 127.4011 70.8458 108.3833 124.1258 106.9386 14.6576 203.6469 108.3026 97.4913 18.0757 64.1048 132.2438 91.4224 45.1160 77.0889 80.5932 70.4630 101.3509 60.9689 111.2139
113.5827 120.7605 121.7885 120.9931 142.3638 132.1197 195.5186 0.0000 132.6662 2.2134 169.4640 51.9288 76.2161 18.1440 68.5293 254.8982 130.3794 70.6541 89.9848 8.3709 133.3150 124.0865 158.4055 19.7135 89.4231 89.9691 75.7380 53.1168 110.8597 182.8139 179.9666 199.6906 40.6357 107.6452 82.8621 69.8208 81.6965 80.9392 21.8931 125.6729 149.9968 0.7847 17.1610 31.1890 82.8680 169.5087 49.6960 150.1504 100.5003 164.1709 55.0944 129.9994 67.1512 10.1667 141.4693 170.2613 157.9220 226.6867 70.3305 1.0287 129.4182 132.4910 176.7086 95.0778 90.5658 30.1708 176.1218 43.2908 100.7463 79.8565 119.5195 132.5342 136.5748 76.4572 164.3242 53.1112 116.7818 114.7104 70.5844 77.6733
201.0168 113.1624 83.6926 171.7422 50.4727 181.9620 38.9067 132.6662 0.0000 72.1996 36.6064 115.4566 111.1735 119.4297 147.9980 187.8399 70.2212 160.4897 70.7694 131.7579 260.3075 83.4645 101.0202 90.2493 103.1281 112.1481 117.4699 118.3708 143.3495 131.1874 72.3987 124.2307 134.1068 77.3010 89.5583 136.3222 134.1276 192.8670 162.3693 55.7938 184.5314 130.6281 153.1083 143.3640 35.1323 162.5837 96.6018 67.5421 124.8765 24.2708 67.2987 32.7999 109.2864 126.9243 184.7034 34.7339 169.1206 168.9784 134.0712 119.4266 187.0698 19.6258 97.5789 53.3309 173.4099 75.0236 219.8800 157.3304 101.6778 210.1531 23.2475 91.0598 71.3094 98.4194 118.1776 213.6085 147.6231 196.3018 106.7041 80.6828
38.2720 67.7149 163.3851 156.8817 224.1626 155.4054 144.7620 2.2134 72.1996 0.0000 101.3142 152.0769 171.9473 226.6577 25.6648 8.9108 64.0270 35.1438 86.1075 34.2958 75.1399 64.1775 152.4130 110.7492 179.1672 94.3640 128.9221 104.4690 64.4649 146.1229 53.7026 159.6594 224.6978 64.2322 112.5334 133.3730 48.0889 70.3478 58.6488 60.1175 143.0669 31.1641 87.5961 43.6573 82.5504 143.1430 76.9213 97.7173 102.2275 79.6221 77.7035 58.2824 44.0849 172.2817 64.8086 29.4768 110.6743 83.8176 145.1632 28.7046 192.3165 108.3170 54.1524 34.5765 122.2693 94.5972 133.0254 70.3474 100.5381 91.6149 100.6778 71.4650 159.0903 59.8702 137.0715 181.6512 19.9270 128.7751 143.0728 146.8229
187.3076 73.6954 69.6217 244.2578 123.4767 37.0365 124.8135 169.4640 36.6064 101.3142 0.0000 102.0354 168.6492 201.6050 120.8126 102.6026 59.9053 53.7620 184.9052 92.3224 167.5032 158.8155 224.9833 98.9120 125.6659 201.2118 93.3508 85.8536 226.9971 125.2739 113.9282 142.0864 34.8760 124.3554 179.1064 69.9678 19.9213 84.8322 127.0264 86.2889 156.1286 140.2722 118.8727 165.5404 80.5344 132.4825 131.3278 141.4256 81.7749 93.2660 78.0157 165.8805 118.4466 207.4886 36.8804 59.7684 79.1176 141.8275 112.7388 140.2363 140.6316 243.8452 60.2917 104.0261 26.1863 87.9120 107.8990 50.8923 125.9181 115.0261 67.0779 151.2947 249.6386 139.7533 134.6026 77.8167 11.4521 117.0105 121.0216 21.7742
67.2631 35.3970 69.7987 74.6139 159.6598 201.9380 95.0831 51.9288 115.4566 152.0769 102.0354 0.0000 68.9059 102.3157 110.1294 70.5580 180.5881 80.8307 65.5445 163.0425 17.8260 132.3121 136.0645 69.8483 71.2951 84.9996 223.5081 161.8250 99.3567 2.2167 145.5745 36.8484 96.1525 133.5320 136.8662 51.3797 25.8927 55.0814 24.1434 54.3428 257.0112 152.9523 66.9579 121.8342 82.4907 170.6838 84.1230 107.2380 52.8787 126.3434 131.0005 59.2000 145.7356 131.0958 94.0594 47.7181 31.9761 179.8383 36.4832 153.9240 92.4063 166.5812 95.7404 61.9185 147.7398 82.2934 64.5702 120.2854 104.9927 3.5203 75.7188 139.8792 170.7895 149.9131 72.0207 47.8621 127.8019 143.3710 105.1237 64.2818
168.0860 161.2348 133.1369 139.8314 106.0283 27.1621 72.0891 76.2161 111.1735 171.9473 168.6492 68.9059 0.0000 124.3425 71.1262 88.9299 97.2503 21.7069 98.7720 129.7333 96.4014 123.4522 85.8386 139.5176 162.8611 107.6240 165.1671 137.5984 144.9502 160.8593 82.0028 162.6614 177.9315 174.4569 184.5435 126.7957 160.3936 178.9633 107.3997 68.5221 56.4254 99.4485 84.9999 157.8192 155.9022 19.6904 68.9686 79.1710 125.1298 77.9317 97.2631 95.7315 87.6462 98.4934 51.5809 69.0941 45.8941 128.1008 93.1054 84.7568 244.0514 150.5846 128.4059 65.4707 172.7287 99.4593 64.0946 43.8214 59.6033 105.5332 200.8861 77.5136 98.5995 162.1394 119.8863 61.6136 131.3785 165.2544 111.4985 136.5616
182.4653 87.8431 21.2245 242.3102 68.1843 42.3722 157.5223 18.1440 119.4297 226.6577 201.6050 102.3157 124.3425 0.0000 121.3096 105.5941 134.3799 157.4759 77.9099 71.3440 229.6856 9.4730 120.1453 18.1605 101.5379 32.9706 231.7948 51.5525 104.0592 81.0622 102.8654 56.0197 137.9385 236.4761 117.2724 109.7262 96.3542 185.8393 93.9261 118.3873 3.0846 57.9745 139.1949 118.5478 116.9818 97.4720 109.1344 129.0958 181.8375 133.7917 177.6375 104.2605 71.3994 151.5850 95.1199 86.0067 134.2057 24.6712 88.6838 121.6512 81.1708 91.7890 200.3802 53.9012 92.8689 39.2409 60.8154 1.4616 54.5261 78.6941 166.1049 39.7815 147.4464 212.1440 110.7523 68.2682 65.6310 145.9103 124.9122 95.8924
78.7196 143.6078 115.3458 87.8606 109.4264 82.4944 122.9850 68.5293 147.9980 25.6648 120.8126 110.1294 71.1262 121.3096 0.0000 175.9775 81.6173 63.4129 15.5476 134.6677 87.1034 128.5823 162.4451 135.6574 124.6795 87.0906 102.7201 71.4852 97.0773 220.1270 161.1136 37.0726 138.6451 22.4954 122.3736 60.2656 124.4539 231.1857 208.7922 10.0605 18.4707 77.3453 172.7381 102.7495 100.6251 43.2568 16.5976 21.2340 114.6698 3.0302 20.0706 38.8427 61.9714 87.5676 157.6179 154.1940 147.8688 75.5756 141.8101 164.0571 159.7221 70.9858 93.3144 114.0337 94.3367 175.5950 159.0640 107.7951 136.3584 178.0061 158.2323 27.8155 22.9372 32.8089 92.2254 92.7690 244.2120 123.4755 119.1805 92.3886
144.6248 69.4360 140.2809 132.6359 89.8579 98.8325 109.1406 254.8982 187.8399 8.9108 102.6026 70.5580 88.9299 105.5941 175.9775 0.0000 142.0205 74.5010 38.5074 181.3731 177.8689 102.1437 94.0158 184.3709 156.3820 201.8826 222.1562 154.4423 133.4841 129.7452 104.4921 67.9233 136.8525 114.2065 93.7142 72.1021 178.7037 77.1458 75.3131 51.9350 3.6243 220.7941 124.2602 150.1408 134.6231 99.8531 154.5639 36.0458 80.5730 75.5081 164.9088 42.8808 107.9640 126.8066 78.8886 187.4764 38.4805 104.6939 158.2463 83.0458 92.8905 141.6537 145.2611 45.6976 164.4453 203.5053 87.2510 183.1307 181.0179 167.5574 42.2241 188.0627 100.9268 89.6267 8.4628 70.5505 69.3044 234.4513 66.0407 7.1691
67.0960 45.4424 181.3596 41.4227 170.3887 159.7730 143.6803 130.3794 70.2212 64.0270 59.9053 180.5881 97.2503 134.3799 81.6173 142.0205 0.0000 134.5720 187.0276 64.6239 166.8236 23.9988 88.7388 143.4161 83.0353 22.7384 136.5427 8.0808 158.5355 47.9363 115.1575 38.9965 115.0933 179.7733 84.2449 236.6922 52.4069 38.7456 62.7363 43.9689 207.1747 31.4557 93.8143 158.1593 85.5993 122.0417 227.0467 103.3846 45.6186 107.2477 230.1445 21.6978 112.9949 82.7825 109.4850 82.1330 173.0911 194.9353 22.9889 182.4077 125.9801 116.1428 121.8068 11.4584 47.4022 171.3958 54.5911 91.1232 114.7540 140.3675 165.1646 154.0097 22.3562 119.2527 71.9969 136.2407 120.4585 126.2453 166.9661 155.4365
113.9043 208.0131 120.1933 115.4997 66.4777 139.9861 125.0532 70.6541 160.4897 35.1438 53.7620 80.8307 21.7069 157.4759 63.4129 74.5010 134.5720 0.0000 137.9829 5.9666 99.0765 88.0482 134.9814 143.9387 96.9844 176.8082 185.3054 97.3813 88.2441 153.4185 121.7989 95.3916 185.1775 20.3212 163.5398 184.1003 77.3588 33.1006 59.3358 105.9740 191.5684 122.6225 84.0871 90.7687 215.9770 102.1178 125.3648 48.4027 140.6376 103.2246 103.4361 81.6799 120.9989 72.7362 99.4581 43.3206 91.7578 53.8346 56.6303 151.0719 92.2390 11.4729 151.6327 15.2009 226.5590 66.1842 79.0764 69.0169 19.9914 75.2936 83.3431 101.9005 93.1177 88.8044 259.5763 133.2196 158.5457 129.0031 175.8526 107.5670
84.3798 71.0586 18.2059 150.3084 81.0156 30.4117 22.9359 89.9848 70.7694 86.1075 184.9052 65.5445 98.7720 77.9099 15.5476 38.5074 187.0276 137.9829 0.0000 139.8152 139.7603 13.5571 60.9362 114.3537 7.1771 96.0247 41.1936 49.7276 62.2196 139.7697 131.1681 172.2770 194.0348 155.4221 77.7998 23.9062 219.8047 255.9520 96.5320 225.0857 106.1643 174.1037 84.3698 44.7572 67.0292 2.5303 39.8387 146.4149 152.0676 142.7079 122.8627 28.7316 4.6206 122.6342 76.5521 64.3144 146.1554 87.4598 107.9255 93.9317 140.2583 85.7843 199.5141 166.5840 84.8173 163.6473 120.3372 59.5383 60.7440 160.8393 205.0377 29.1339 162.8620 39.0936 14.1173 122.5077 92.0794 110.5365 54.4446 191.4587
116.3811 43.6140 109.1706 154.9679 94.9406 78.9119 100.6945 8.3709 131.7579 34.2958 92.3224 163.0425 129.7333 71.3440 134.6677 181.3731 64.6239 5.9666 139.8152 0.0000 101.7319 192.5435 179.5757 111.1039 162.9624 31.3381 5.3055 133.3753 95.9710 24.9644 73.8915 135.7926 108.9218 148.0834 127.8412 101.1568 47.0641 153.7558 27.2154 130.8013 164.6877 155.3445 47.1716 133.4702 94.6688 53.6895 214.4943 55.3377 90.0252 124.7514 249.7120 79.0781 77.3223 222.9443 31.4001 90.8270 64.7500 108.2865 92.3895 167.8383 10.4166 140.2096 136.8445 48.0451 48.1038 3.9992 258.6173 60.6124 193.1362 144.9246 90.7644 68.8633 171.6682 211.0788 144.1842 67.9154 143.7792 22.0351 21.3795 58.4992
126.3597 112.4112 130.6801 130.8087 140.0637 75.7565 148.5609 133.3150 260.3075 75.1399 167.5032 17.8260 96.4014 229.6856 87.1034 177.8689 166.8236 99.0765 139.7603 101.7319 0.0000 118.9218 70.7032 93.7882 263.2066 90.2784 33.8756 121.9420 22.5159 163.0622 5.4399 125.0809 95.3177 82.9583 68.0003 125.9636 86.4624 170.9274 117.9236 194.0223 89.6879 111.5555 84.1749 76.7129 95.8561 46.3090 57.3727 119.4293 98.5101 110.5560 77.5462 203.8507 150.1479 206.3941 146.9454 207.6731 163.5284 95.5837 69.0057 42.1517 24.3492 17.1600 114.8546 82.5486 124.6694 47.8602 12.7949 59.6322 182.8662 235.3977 252.2679 166.3308 215.2687 72.0530 54.8485 52.0103 245.5078 146.8645 96.9091 55.7432
73.9409 98.9371 110.1132 48.4353 50.6644 81.3875 146.6702 124.0865 83.4645 64.1775 158.8155 132.3121 123.4522 9.4730 128.5823 102.1437 23.9988 88.0482 13.5571 192.5435 118.9218 0.0000 147.8229 125.7855 75.5731 94.5296 49.0465 119.7942 123.6192 141.8024 15.9059 126.8610 38.6009 184.0301 57.1568 57.5276 157.2488 98.0173 19.2094 68.9936 107.5843 165.3215 90.2364 74.8411 163.7616 101.8306 127.0576 120.4647 132.7677 198.8524 37.8813 199.7695 30.1667 162.5661 99.9083 37.5643 22.6787 40.0258 96.1712 90.1359 123.8713 82.1365 13.4928 129.7829 92.1256 102.3444 29.3701 99.4663 205.0619 156.7934 155.7523 227.3984 203.8157 127.5141 84.7929 0.7442 71.6691 90.8100 8.2825 78.6017
39.6281 83.0590 144.7565 146.7989 19.6728 128.2069 67.1045 158.4055 101.0202 152.4130 224.9833 136.0645 85.8386 120.1453 162.4451 94.0158 88.7388 134.9814 60.9362 179.5757 70.7032 147.8229 0.0000 46.6613 70.2259 175.6485 150.0285 132.0759 75.7742 78.3642 109.7967 169.8541 145.5313 90.0919 91.6849 128.1126 94.4051 113.3461 53.5352 145.4997 63.1955 151.6078 87.4021 145.4806 172.2885 138.3039 95.4218 83.8035 69.0754 129.1328 227.4542 197.0008 46.8565 126.9239 60.3014 92.3076 141.8941 31.1394 16.5507 183.7001 85.0310 106.1971 110.4935 75.7389 40.8285 152.2951 137.5883 138.2024 84.9650 140.3488 191.6700 118.0901 99.3530 83.1007 98.3176 69.8479 134.1070 85.2943 99.5704 127.3141
166.4164 6.5513 32.4344 124.0872 120.6809 60.8264 6.3829 19.7135 90.2493 110.7492 98.9120 69.8483 139.5176 18.1605 135.6574 184.3709 143.4161 143.9387 114.3537 111.1039 93.7882 125.7855 46.6613 0.0000 48.0815 71.6992 36.5930 56.4191 4.7281 83.6749 46.9675 171.3513 108.8189 24.7251 117.0211 172.3410 59.8214 178.7031 111.3779 132.5607 4.8915 130.2972 130.4803 41.3663 150.4985 131.8663 91.8318 28.0421 50.6907 246.5693 20.3022 154.8147 148.1365 72.8474 265.9715 101.5999 50.8300 39.3024 143.1184 150.5112 100.4890 83.4175 140.3093 73.6148 116.9567 57.1873 70.0109 40.5805 27.8349 80.6896 102.8102 148.4099 144.7285 27.2195 123.9851 102.3776 49.7580 102.0857 179.2500 114.2573
95.3601 128.8192 137.3979 84.9659 175.8658 160.2795 89.0105 89.4231 103.1281 179.1672 125.6659 71.2951 162.8611 101.5379 124.6795 156.3820 83.0353 96.9844 7.1771 162.9624 263.2066 75.5731 70.2259 48.0815 0.0000 7.4357 102.3784 135.3501 131.2089 45.7688 83.3876 99.4200 62.2865 94.9589 77.7978 96.8403 97.3473 87.2705 236.4118 55.4215 85.9147 130.9561 71.8666 63.2048 80.4443 149.1308 160.4236 64.4717 39.9273 115.9419 170.0450 80.2956 177.0979 133.9562 138.6336 159.9223 99.1201 17.8614 148.2366 62.2483 98.6591 135.8792 149.5292 19.4849 71.2641 109.3569 53.8069 55.4993 131.3023 84.3717 83.7607 160.7044 44.2959 140.3027 92.5052 213.0261 208.2795 139.9974 151.7915 101.4908
119.1015 212.5013 108.1998 70.6815 83.6848 142.9454 190.9083 89.9691 112.1481 94.3640 201.2118 84.9996 107.6240 32.9706 87.0906 201.8826 22.7384 176.8082 96.0247 31.3381 90.2784 94.5296 175.6485 71.6992 7.4357 0.0000 147.5852 197.6988 174.2966 60.7080 49.0293 144.5739 143.2697 80.7393 82.0775 59.9466 115.4958 143.5065 189.0575 98.9557 41.1376 12.7115 135.1427 71.1405 119.3122 154.0719 40.8892 113.6876 170.8354 75.9656 123.7101 89.3491 121.2969 57.9922 160.9200 155.4815 130.4751 221.8728 32.7451 114.9908 59.5629 4.1036 26.9256 107.7498 132.5310 95.0379 119.9218 118.0667 24.1006 115.5317 95.0688 80.4512 166.7408 5.8417 256.0933 97.8524 102.8582 103.7504 59.0383 85.7832
137.3921 168.5012 85.8217 54.7635 142.8448 39.0638 23.4958 75.7380 117.4699 128.9221 93.3508 223.5081 165.1671 231.7948 102.7201 222.1562 136.5427 185.3054 41.1936 5.3055 33.8756 49.0465 150.0285 36.5930 102.3784 147.5852 0.0000 78.8438 122.8452 204.0331 204.5847 117.9364 196.0660 139.0985 110.0185 155.4218 104.8209 134.7623 171.5428 110.7499 122.4723 161.2863 163.3023 113.3946 57.5446 205.7535 96.9720 118.0999 111.0727 4.9581 135.4598 51.1389 99.5601 96.2682 104.1454 184.3749 27.2736 183.0171 91.3087 46.3265 202.1185 127.0467 89.0074 115.4065 110.5454 164.1776 48.2913 147.1906 111.6937 226.9201 115.4919 54.3079 179.9625 77.7553 127.2243 180.9505 95.9195 132.2275 62.3994 53.1638
47.1941 105.8738 162.7431 63.3372 146.5713 72.0077 31.6352 53.1168 118.3708 104.4690 85.8536 161.8250 137.5984 51.5525 71.4852 154.4423 8.0808 97.3813 49.7276 133.3753 121.9420 119.7942 132.0759 56.4191 135.3501 197.6988 78.8438 0.0000 116.7723 23.0974 131.8178 87.5983 164.4524 84.9807 65.1294 89.0639 173.1736 38.9190 83.6376 189.7166 73.3865 100.9019 240.1479 115.9439 62.6863 53.6390 113.6563 159.8113 91.4124 66.5376 133.3108 46.4320 79.7494 128.2159 80.2831 132.4244 174.3358 14.2070 62.2077 108.9299 183.1260 24.2618 103.3683 160.1734 18.9782 43.6218 72.9542 104.9317 180.3792 179.3145 86.1864 61.5768 103.8058 129.6833 11.2683 74.4712 90.2450 94.2085 113.5147 153.1723
98.3333 200.5573 82.6290 30.2593 54.4487 117.8848 231.3580 110.8597 143.3495 64.4649 226.9971 99.3567 144.9502 104.0592 97.0773 133.4841 158.5355 88.2441 62.2196 95.9710 22.5159 123.6192 75.7742 4.7281 131.2089 174.2966 122.8452 116.7723 0.0000 144.5185 133.2740 93.9782 82.7642 85.6897 170.0713 124.6780 67.0154 110.0248 125.3248 18.9913 137.7374 80.8465 172.9899 54.0889 146.5712 69.9302 15.5908 131.0813 88.4812 148.6434 178.3860 122.9326 105.9533 115.5392 57.2833 111.6434 118.9845 112.4804 120.2503 81.4263 22.0216 158.3162 51.6715 61.4794 122.5084 172.6259 127.1995 28.0417 55.1335 170.3621 51.8517 200.6955 79.3061 31.8109 107.7436 257.1323 153.9447 136.6830 68.5243 182.4254
61.4297 85.3826 19.3778 115.6255 60.2368 202.4127 149.9649 182.8139 131.1874 146.1229 125.2739 2.2167 160.8593 81.0622 220.1270 129.7452 47.9363 153.4185 139.7697 24.9644 163.0622 141.8024 78.3642 83.6749 45.7688 60.7080 204.0331 23.0974 144.5185 0.0000 4.6979 145.9699 133.0361 85.5342 32.8098 70.1701 112.0027 174.8532 78.5309 173.0497 96.9093 113.6190 15.6422 119.7124 147.6525 183.8560 88.8984 159.1245 83.6202 36.6206 102.6920 106.1275 85.4691 2.2437 82.7361 44.4720 72.9237 85.2508 198.8394 27.0309 77.2533 138.8982 224.3707 55.7356 45.8428 87.0416 97.3369 143.0720 39.6286 107.9960 117.2174 83.1757 46.6872 6.2859 125.6783 117.7071 96.7702 137.6995 85.3461 113.5757
88.8827 191.2038 42.2351 133.1322 122.1077 27.4523 39.5469 179.9666 72.3987 53.7026 113.9282 145.5745 82.0028 102.8654 161.1136 104.4921 115.1575 121.7989 131.1681 73.8915 5.4399 15.9059 109.7967 46.9675 83.3876 49.0293 204.5847 131.8178 133.2740 4.6979 0.0000 68.4076 40.3678 3.2221 148.6356 50.7800 43.1981 38.2042 135.3898 61.9611 197.6733 193.2709 85.5464 8.2643 63.6538 190.9607 110.3161 121.5244 44.1523 17.0268 63.7847 57.9779 114.7678 117.5471 74.4410 47.6648 249.0932 96.9599 80.8217 166.3041 9.8941 62.6773 73.3165 144.2719 75.6051 128.7621 129.1179 148.9028 105.5297 97.0038 130.8303 93.5439 209.5688 34.9070 83.4352 104.9603 112.7497 137.8176 197.1085 128.3395
10.7375 175.7261 115.3950 48.0661 132.2312 63.7082 93.8781 199.6906 124.2307 159.6594 142.0864 36.8484 162.6614 56.0197 37.0726 67.9233 38.9965 95.3916 172.2770 135.7926 125.0809 126.8610 169.8541 171.3513 99.4200 144.5739 117.9364 87.5983 93.9782 145.9699 68.4076 0.0000 78.0549 248.3711 167.8303 94.9090 140.4151 27.0917 108.4485 54.4506 152.9686 41.3704 117.8202 57.4152 87.1952 86.7824 159.0701 155.7070 106.3003 155.1045 98.1699 188.1639 50.8699 84.2460 89.5814 195.5680 152.1254 182.7676 68.3593 96.4761 4.9202 240.7562 152.4683 68.7071 90.7342 91.9076 104.7699 8.6946 116.2904 140.0046 89.3504 128.1935 41.7210 200.4933 100.5472 58.1760 91.5594 89.3045 133.0156 122.4381
197.1397 51.6763 132.3691 164.9164 123.9441 42.3761 131.8064 40.6357 134.1068 224.6978 34.8760 96.1525 177.9315 137.9385 138.6451 136.8525 115.0933 185.1775 194.0348 108.9218 95.3177 38.6009 145.5313 108.8189 62.2865 143.2697 196.0660 164.4524 82.7642 133.0361 40.3678 78.0549 0.0000 140.2273 129.0064 28.4368 138.9959 67.2275 147.1408 63.6725 185.9816 122.7125 82.3175 125.6877 155.9125 125.4397 216.6889 95.1960 122.8096 206.5411 218.8967 92.4112 67.5629 145.6065 223.6325 82.6377 130.4688 174.0642 85.6755 82.5898 128.0007 12.6927 191.4668 192.7032 121.5849 109.5981 136.6911 160.7758 36.4733 41.8382 109.5979 88.3639 150.8819 38.3491 74.9839 130.8734 109.3701 94.1921 142.6044 99.8929
38.5659 123.9291 112.2016 97.1854 58.0016 72.2122 27.9310 107.6452 77.3010 64.2322 124.3554 133.5320 174.4569 236.4761 22.4954 114.2065 179.7733 20.3212 155.4221 148.0834 82.9583 184.0301 90.0919 24.7251 94.9589 80.7393 139.0985 84.9807 85.6897 85.5342 3.2221 248.3711 140.2273 0.0000 95.6841 164.7860 14.1678 38.0520 71.2198 52.9020 65.5396 119.3462 15.9401 0.3637 117.5373 5.6853 60.0572 39.2909 133.4559 90.7967 112.2908 31.7580 45.3899 176.9727 231.8984 21.7909 165.3206 112.7687 110.9877 120.7126 3.6311 148.1660 148.2512 141.2582 105.6166 103.2631 66.1514 117.6473 124.2178 127.6478 74.8611 76.4346 156.0151 89.0224 135.4231 158.9213 124.5297 22.6944 68.8786 201.5925
95.3638 126.9474 92.7394 155.6755 121.1017 12.8137 192.0212 82.8621 89.5583 112.5334 179.1064 136.8662 184.5435 117.2724 122.3736 93.7142 84.2449 163.5398 77.7998 127.8412 68.0003 57.1568 91.6849 117.0211 77.7978 82.0775 110.0185 65.1294 170.0713 32.8098 148.6356 167.8303 129.0064 95.6841 0.0000 86.0890 79.2233 66.0449 126.4555 55.5842 2.5169 98.2971 35.8336 8.6594 118.2188 105.4515 115.8262 92.2900 160.2837 88.4902 81.2198 109.9640 225.8487 195.0976 36.1452 107.9062 0.2234 106.6223 243.7277 134.1725 200.0583 106.4220 104.9384 90.5552 53.8926 41.3858 42.9745 52.2238 150.2042 70.6175 68.8253 156.0729 217.3260 129.7314 170.8295 94.3837 98.8438 132.5702 105.8480 40.7997
135.9090 118.2394 134.4789 131.8877 108.2612 126.5932 70.5202 69.8208 136.3222 133.3730 69.9678 51.3797 126.7957 109.7262 60.2656 72.1021 236.6922 184.1003 23.9062 101.1568 125.9636 57.5276 128.1126 172.3410 96.8403 59.9466 155.4218 89.0639 124.6780 70.1701 50.7800 94.9090 28.4368 164.7860 86.0890 0.0000 154.5661 29.4630 190.6175 110.4068 85.7508 30.9189 111.8611 166.3291 74.9680 113.8532 21.4606 41.0588 22.8438 78.7790 36.9860 66.1890 20.1067 113.5570 40.2626 34.4143 94.7379 70.0706 35.6476 77.6417 151.6533 134.9239 158.5119 120.8292 50.7988 170.6785 48.5922 201.3549 69.2838 93.9411 127.8112 45.7437 69.7606 114.5797 98.0612 168.0777 57.7484 170.1569 68.7166 157.9262
99.2661 109.0474 95.4163 182.6864 74.5370 12.0245 161.0542 81.6965 134.1276 48.0889 19.9213 25.8927 160.3936 96.3542 124.4539 178.7037 52.4069 77.3588 219.8047 47.0641 86.4624 157.2488 94.4051 59.8214 97.3473 115.4958 104.8209 173.1736 67.0154 112.0027 43.1981 140.4151 138.9959 14.1678 79.2233 154.5661 0.0000 83.5698 103.5664 102.8588 88.0788 52.5770 140.1692 2.2413 130.4618 72.1510 57.3255 144.2659 172.9782 39.0437 160.5364 154.8617 106.1141 109.5750 136.2862 123.4694 213.0081 161.5673 101.0389 112.5729 89.5837 153.4442 151.4920 122.4156 238.8755 163.9790 36.1708 15.7804 43.4057 181.2380 33.4098 70.6041 205.8863 98.2180 86.9348 176.5780 147.0006 17.7480 75.6113 92.4307
214.8502 9.1582 147.5155 150.8750 41.5849 71.0188 163.8408 80.9392 192.8670 70.3478 84.8322 55.0814 178.9633 185.8393 231.1857 77.1458 38.7456 33.1006 255.9520 153.7558 170.9274 98.0173 113.3461 178.7031 87.2705 143.5065 134.7623 38.9190 110.0248 174.8532 38.2042 27.0917 67.2275 38.0520 66.0449 29.4630 83.5698 0.0000 166.6655 150.5011 32.5153 172.5508 130.5022 104.5211 60.3750 157.1431 157.5129 57.1443 97.6456 90.7201 59.2494 45.5751 49.3342 91.5732 81.4098 76.5201 91.2951 62.2832 131.5911 135.1484 125.8922 134.1155 151.5260 86.4903 153.9918 108.6040 240.8455 106.9795 71.8881 76.9925 67.6597 229.3051 172.3391 129.5189 76.3085 191.1766 69.3776 109.2980 219.0726 192.7347
174.7470 82.9483 144.8753 64.9311 112.3455 198.0377 43.1843 21.8931 162.3693 58.6488 127.0264 24.1434 107.3997 93.9261 208.7922 75.3131 62.7363 59.3358 96.5320 27.2154 117.9236 19.2094 53.5352 111.3779 236.4118 189.0575 171.5428 83.6376 125.3248 78.5309 135.3898 108.4485 147.1408 71.2198 126.4555 190.6175 103.5664 166.6655 0.0000 87.0233 47.8185 35.4268 126.7844 78.9943 138.8676 31.8400 35.0086 124.1528 72.7345 101.4141 96.7563 38.0872 79.2587 81.7637 46.8848 143.8875 53.5808 117.2393 26.0900 137.7975 64.0268 160.6251 163.3791 32.3741 34.4836 168.3659 135.2716 70.9580 25.1745 108.0700 157.3793 53.2728 110.9470 222.5302 98.8440 47.9461 88.5374 63.0544 127.2053 96.5879
90.3033 178.1571 201.5096 16.6626 79.9264 105.4116 170.6460 125.6729 55.7938 60.1175 86.2889 54.3428 68.5221 118.3873 10.0605 51.9350 43.9689 105.9740 225.0857 130.8013 194.0223 68.9936 145.4997 132.5607 55.4215 98.9557 110.7499 189.7166 18.9913 173.0497 61.9611 54.4506 63.6725 52.9020 55.5842 110.4068 102.8588 150.5011 87.0233 0.0000 159.9559 193.4592 91.0914 140.1086 20.1869 168.8205 88.0742 138.7390 135.1823 53.0794 80.8340 112.1926 85.0605 151.7225 113.2270 118.3534 81.7533 24.8306 152.2667 156.8728 43.6400 152.9956 162.6837 91.1764 4.3710 31.5066 115.7902 178.4924 85.4589 82.7692 68.1099 179.8374 72.7394 108.6346 78.8176 183.8913 104.4916 125.3859 95.4584 133.6997
135.4429 19.2356 123.8845 115.2720 123.6371 149.1785 98.1786 149.9968 184.5314 143.0669 156.1286 257.0112 56.4254 3.0846 18.4707 3.6243 207.1747 191.5684 106.1643 164.6877 89.6879 107.5843 63.1955 4.8915 85.9147 41.1376 122.4723 73.3865 137.7374 96.9093 197.6733 152.9686 185.9816 65.5396 2.5169 85.7508 88.0788 32.5153 47.8185 159.9559 0.0000 47.5154 136.4985 70.4618 113.6787 114.6137 133.6340 9.4991 103.2413 178.6671 65.1839 46.0584 22.1389 22.1931 154.0758 177.1100 39.5279 38.8585 174.9814 66.5772 106.2730 6.2341 232.3130 134.8477 132.0228 69.5545 156.4676 227.7082 27.3716 82.2163 203.3748 83.6585 25.4267 252.8996 142.4533 137.1373 94.6517 128.3091 56.5329 97.2083
206.6591 67.4720 9.3851 177.5372 12.3489 15.4317 66.5134 0.7847 130.6281 31.1641 140.2722 152.9523 99.4485 57.9745 77.3453 220.7941 31.4557 122.6225 174.1037 155.3445 111.5555 165.3215 151.6078 130.2972 130.9561 12.7115 161.2863 100.9019 80.8465 113.6190 193.2709 41.3704 122.7125 119.3462 98.2971 30.9189 52.5770 172.5508 35.4268 193.4592 47.5154 0.0000 119.7097 108.4209 130.1739 240.6619 23.0465 117.7370 42.6343 45.5469 204.3486 42.8849 88.5633 141.9386 207.5791 64.0830 73.9425 56.1354 89.7078 180.7202 65.1472 162.4136 70.3190 98.7037 22.2500 177.0341 25.3815 121.0816 47.6008 98.5276 109.7403 180.4646 121.8148 118.7772 109.5266 138.8338 92.1411 28.5232 135.2203 178.5305
99.6027 74.9925 25.9676 252.0620 101.5125 95.0258 178.8361 17.1610 153.1083 87.5961 118.8727 66.9579 84.9999 139.1949 172.7381 124.2602 93.8143 84.0871 84.3698 47.1716 84.1749 90.2364 87.4021 130.4803 71.8666 135.1427 163.3023 240.1479 172.9899 15.6422 85.5464 117.8202 82.3175 15.9401 35.8336 111.8611 140.1692 130.5022 126.7844 91.0914 136.4985 119.7097 0.0000 60.0707 148.9004 64.7277 62.2753 43.9782 91.7731 6.1786 69.2397 88.6123 22.7672 79.1412 127.7320 122.9012 24.9939 156.5447 178.9969 175.3142 49.9095 193.4467 49.3510 74.4749 97.8530 141.7011 46.2101 122.0692 126.0979 95.8530 80.3240 224.7114 145.5962 62.1588 100.7368 151.1878 172.4128 9.6439 130.2033 125.0394
104.6464 56.9614 58.1637 201.0423 134.8218 107.1662 157.3608 31.1890 143.3640 43.6573 165.5404 121.8342 157.8192 118.5478 102.7495 150.1408 158.1593 90.7687 44.7572 133.4702 76.7129 74.8411 145.4806 41.3663 63.2048 71.1405 113.3946 115.9439 54.0889 119.7124 8.2643 57.4152 125.6877 0.3637 8.6594 166.3291 2.2413 104.5211 78.9943 140.1086 70.4618 108.4209 60.0707 0.0000 85.2663 160.9530 152.4219 45.4227 150.0978 116.4276 73.4044 195.2675 124.1362 165.2815 82.3916 96.1512 98.1434 175.4418 59.9730 158.2865 132.7675 138.9764 151.5604 53.2795 111.1473 32.3679 161.2072 131.4125 81.9999 119.5092 154.0181 120.5340 140.3821 81.1703 74.7956 124.4879 184.7985 34.5068 106.4704 178.5984
29.0258 96.0474 173.0821 201.0714 174.3655 177.3027 37.8314 82.8680 35.1323 82.5504 80.5344 82.4907 155.9022 116.9818 100.6251 134.6231 85.5993 215.9770 67.0292 94.6688 95.8561 163.7616 172.2885 150.4985 80.4443 119.3122 57.5446 62.6863 146.5712 147.6525 63.6538 87.1952 155.9125 117.5373 118.2188 74.9680 130.4618 60.3750 138.8676 20.1869 113.6787 130.1739 148.9004 85.2663 0.0000 152.6085 112.5780 80.7479 48.7459 90.8559 55.2628 89.8342 122.6494 85.2557 131.9072 62.6172 34.8251 15.9657 152.8550 115.5278 116.3103 74.9590 143.3564 138.1636 115.6511 51.1057 157.9937 100.7344 144.3977 163.3589 115.5170 70.0499 58.4664 126.0528 60.6600 53.5710 84.5452 13.8378 20.2485 53.2305
76.8016 71.4150 174.2008 75.2981 86.4522 195.1282 210.4406 169.5087 162.5837 143.1430 132.4825 170.6838 19.6904 97.4720 43.2568 99.8531 122.0417 102.1178 2.5303 53.6895 46.3090 101.8306 138.3039 131.8663 149.1308 154.0719 205.7535 53.6390 69.9302 183.8560 190.9607 86.7824 125.4397 5.6853 105.4515 113.8532 72.1510 157.1431 31.8400 168.8205 114.6137 240.6619 64.7277 160.9530 152.6085 0.0000 257.1892 65.0003 158.9923 198.7712 51.8210 75.3463 5.0582 92.1849 101.7921 160.8049 57.0585 99.7605 67.8316 39.1766 80.9267 130.6874 192.4618 16.8338 22.7782 161.5593 36.9601 135.5632 113.4481 9.9392 125.6457 126.6316 70.1707 76.1392 26.4445 40.9964 12.7382 131.9767 158.2137 121.9167
63.4057 168.4600 181.1904 111.7793 96.6583 167.5743 105.1243 49.6960 96.6018 76.9213 131.3278 84.1230 68.9686 109.1344 16.5976 154.5639 227.0467 125.3648 39.8387 214.4943 57.3727 127.0576 95.4218 91.8318 160.4236 40.8892 96.9720 113.6563 15.5908 88.8984 110.3161 159.0701 216.6889 60.0572 115.8262 21.4606 57.3255 157.5129 35.0086 88.0742 133.6340 23.0465 62.2753 152.4219 112.5780 257.1892 0.0000 129.3457 50.6790 125.7561 91.5259 125.3922 120.0231 127.5054 96.5499 176.3211 119.9361 89.3299 120.2102 145.0605 96.3492 26.9726 92.4651 139.8394 39.6731 57.7484 146.4895 91.8510 125.6653 12.3199 53.5867 177.6959 76.1588 133.1482 62.1441 228.7987 159.1440 64.1148 77.0277 162.5327
189.8744 144.3566 186.1165 195.2950 102.8162 52.5259 104.7360 150.1504 67.5421 97.7173 141.4256 107.2380 79.1710 129.0958 21.2340 36.0458 103.3846 48.4027 146.4149 55.3377 119.4293 120.4647 83.8035 28.0421 64.4717 113.6876 118.0999 159.8113 131.0813 159.1245 121.5244 155.7070 95.1960 39.2909 92.2900 41.0588 144.2659 57.1443 124.1528 138.7390 9.4991 117.7370 43.9782 45.4227 80.7479 65.0003 129.3457 0.0000 141.6434 168.2975 55.8351 95.6340 78.2938 138.6931 116.3687 115.8097 52.2737 162.5995 244.4237 82.5101 189.5777 45.7332 102.5213 82.5895 155.1943 106.6377 167.4816 10.4254 99.6488 58.8545 103.0491 174.6842 102.7756 13.9656 90.4722 117.6685 43.5069 105.4507 168.2434 105.0126
108.3788 61.8831 101.2890 114.8043 94.2525 187.4772 61.4775 100.5003 124.8765 102.2275 81.7749 52.8787 125.1298 181.8375 114.6698 80.5730 45.6186 140.6376 152.0676 90.0252 98.5101 132.7677 69.0754 50.6907 39.9273 170.8354 111.0727 91.4124 88.4812 83.6202 44.1523 106.3003 122.8096 133.4559 160.2837 22.8438 172.9782 97.6456 72.7345 135.1823 103.2413 42.6343 91.7731 150.0978 48.7459 158.9923 50.6790 141.6434 0.0000 136.6158 122.9844 159.0760 80.8238 134.8797 55.0050 122.4777 169.7694 17.1501 194.5028 142.8510 50.4652 150.1481 71.2431 126.4128 99.9607 188.0581 154.1713 63.9562 107.8556 124.6551 125.2069 55.0744 156.5878 1.5468 99.4460 90.2574 42.3261 176.2829 74.0765 73.0817
116.1334 38.5373 74.5491 39.2006 133.6794 142.3591 41.2021 164.1709 24.2708 79.6221 93.2660 126.3434 77.9317 133.7917 3.0302 75.5081 107.2477 103.2246 142.7079 124.7514 110.5560 198.8524 129.1328 246.5693 115.9419 75.9656 4.9581 66.5376 148.6434 36.6206 17.0268 155.1045 206.5411 90.7967 88.4902 78.7790 39.0437 90.7201 101.4141 53.0794 178.6671 45.5469 6.1786 116.4276 90.8559 198.7712 125.7561 168.2975 136.6158 0.0000 66.8962 177.5293 140.7159 142.7913 14.0263 244.8744 138.2505 76.6478 155.9606 41.9544 40.7008 32.5142 140.8181 79.0867 17.8477 137.2681 65.8431 114.4453 153.2662 34.2439 248.1820 118.7881 148.3291 167.6428 182.1594 100.7391 162.9987 115.7002 42.7893 151.2146
162.9100 40.0491 110.6055 111.6865 0.8525 70.7819 123.0610 55.0944 67.2987 77.7035 78.0157 131.0005 97.2631 177.6375 20.0706 164.9088 230.1445 103.4361 122.8627 249.7120 77.5462 37.8813 227.4542 20.3022 170.0450 123.7101 135.4598 133.3108 178.3860 102.6920 63.7847 98.1699 218.8967 112.2908 81.2198 36.9860 160.5364 59.2494 96.7563 80.8340 65.1839 204.3486 69.2397 73.4044 55.2628 51.8210 91.5259 55.8351 122.9844 66.8962 0.0000 69.7448 92.4095 231.6754 146.3505 79.3175 61.9393 180.7135 56.2638 2.3495 154.4631 121.8695 40.0086 105.1978 115.0636 76.6460 158.4186 119.2667 28.2484 87.6079 84.1877 129.6818 87.3916 175.0780 8.2815 87.2783 93.3661 80.0034 91.6697 26.1920
189.9054 27.4643 31.5518 22.6955 128.3470 83.8112 96.9557 129.9994 32.7999 58.2824 165.8805 59.2000 95.7315 104.2605 38.8427 42.8808 21.6978 81.6799 28.7316 79.0781 203.8507 199.7695 197.0008 154.8147 80.2956 89.3491 51.1389 46.4320 122.9326 106.1275 57.9779 188.1639 92.4112 31.7580 109.9640 66.1890 154.8617 45.5751 38.0872 112.1926 46.0584 42.8849 88.6123 195.2675 89.8342 75.3463 125.3922 95.6340 159.0760 177.5293 69.7448 0.0000 34.8400 124.6933 73.1143 17.9990 165.7561 171.1194 170.9512 68.7618 15.7973 175.6860 102.9539 70.9559 72.5163 27.6514 100.3784 70.8275 103.1891 62.5525 226.1412 90.5848 143.8645 12.9983 191.5044 27.5985 155.3620 86.1516 46.8240 90.0472
74.9941 77.2497 95.7640 63.1991 59.4734 64.4197 79.9953 67.1512 109.2864 44.0849 118.4466 145.7356 87.6462 71.3994 61.9714 107.9640 112.9949 120.9989 4.6206 77.3223 150.1479 30.1667 46.8565 148.1365 177.0979 121.2969 99.5601 79.7494 105.9533 85.4691 114.7678 50.8699 67.5629 45.3899 225.8487 20.1067 106.1141 49.3342 79.2587 85.0605 22.1389 88.5633 22.7672 124.1362 122.6494 5.0582 120.0231 78.2938 80.8238 140.7159 92.4095 34.8400 0.0000 71.8772 30.4604 33.4794 176.9096 93.1314 58.4495 55.1845 109.9699 90.2040 46.3763 9.3647 48.4619 47.9794 123.3994 229.3477 68.7078 208.4261 73.7783 158.2754 230.4224 82.6578 59.0466 129.3563 92.3147 200.3694 222.3271 36.1703
135.6632 40.8225 132.1796 188.5026 60.0117 29.7629 100.2844 10.1667 126.9243 172.2817 207.4886 131.0958 98.4934 151.5850 87.5676 126.8066 82.7825 72.7362 122.6342 222.9443 206.3941 162.5661 126.9239 72.8474 133.9562 57.9922 96.2682 128.2159 115.5392 2.2437 117.5471 84.2460 145.6065 176.9727 195.0976 113.5570 109.5750 91.5732 81.7637 151.7225 22.1931 141.9386 79.1412 165.2815 85.2557 92.1849 127.5054 138.6931 134.8797 142.7913 231.6754 124.6933 71.8772 0.0000 196.7429 139.5332 56.1532 78.8178 68.9867 174.9523 169.4018 55.8580 135.0045 145.2731 39.8596 124.7733 114.1916 202.8391 170.9592 164.2569 139.9518 129.4029 114.3890 127.1119 28.2844 73.9838 110.5413 107.3834 91.5734 65.2968
93.9476 62.9887 86.1797 185.1154 41.0305 85.9837 121.8895 141.4693 184.7034 64.8086 36.8804 94.0594 51.5809 95.1199 157.6179 78.8886 109.4850 99.4581 76.5521 31.4001 146.9454 99.9083 60.3014 265.9715 138.6336 160.9200 104.1454 80.2831 57.2833 82.7361 74.4410 89.5814 223.6325 231.8984 36.1452 40.2626 136.2862 81.4098 46.8848 113.2270 154.0758 207.5791 127.7320 82.3916 131.9072 101.7921 96.5499 116.3687 55.0050 14.0263 146.3505 73.1143 30.4604 196.7429 0.0000 13.8161 58.5619 86.1264 59.1883 48.8999 0.6849 144.2098 164.1432 107.3762 161.9799 78.2561 149.3648 60.9711 109.2407 161.7766 141.0756 148.4357 155.9936 189.0222 135.4632 111.9152 93.0246 101.5507 174.5408 171.7846
7.8312 113.3100 130.4250 61.9167 176.3570 211.0839 74.5105 170.2613 34.7339 29.4768 59.7684 47.7181 69.0941 86.0067 154.1940 187.4764 82.1330 43.3206 64.3144 90.8270 207.6731 37.5643 92.3076 101.5999 159.9223 155.4815 184.3749 132.4244 111.6434 44.4720 47.6648 195.5680 82.6377 21.7909 107.9062 34.4143 123.4694 76.5201 143.8875 118.3534 177.1100 64.0830 122.9012 96.1512 62.6172 160.8049 176.3211 115.8097 122.4777 244.8744 79.3175 17.9990 33.4794 139.5332 13.8161 0.0000 174.6893 55.7002 181.2958 170.4101 82.3031 115.9769 20.8446 99.8720 141.1027 218.5616 194.8181 95.4733 21.8992 47.6996 42.4354 94.1085 16.7167 141.4107 27.7787 190.1403 43.2221 57.0782 150.6139 131.9130
157.6128 77.7513 177.6500 250.2803 93.0840 215.8726 5.5243 157.9220 169.1206 110.6743 79.1176 31.9761 45.8941 134.2057 147.8688 38.4805 173.0911 91.7578 146.1554 64.7500 163.5284 22.6787 141.8941 50.8300 99.1201 130.4751 27.2736 174.3358 118.9845 72.9237 249.0932 152.1254 130.4688 165.3206 0.2234 94.7379 213.0081 91.2951 53.5808 81.7533 39.5279 73.9425 24.9939 98.1434 34.8251 57.0585 119.9361 52.2737 169.7694 138.2505 61.9393 165.7561 176.9096 56.1532 58.5619 174.6893 0.0000 238.6458 98.5421 73.4256 47.2122 92.1352 47.8261 171.9751 166.6992 43.0890 130.0259 90.5330 132.9576 122.8447 136.5198 50.9086 10.3107 39.2958 92.8890 123.1016 71.5627 103.3356 52.4372 88.6649
208.7505 179.0170 245.8609 114.9769 103.3456 258.4415 111.1560 226.6867 168.9784 83.8176 141.8275 179.8383 128.1008 24.6712 75.5756 104.6939 194.9353 53.8346 87.4598 108.2865 95.5837 40.0258 31.1394 39.3024 17.8614 221.8728 183.0171 14.2070 112.4804 85.2508 96.9599 182.7676 174.0642 112.7687 106.6223 70.0706 161.5673 62.2832 117.2393 24.8306 38.8585 56.1354 156.5447 175.4418 15.9657 99.7605 89.3299 162.5995 17.1501 76.6478 180.7135 171.1194 93.1314 78.8178 86.1264 55.7002 238.6458 0.0000 130.3508 16.4960 123.1293 224.3211 102.3742 100.6252 53.3986 50.3520 185.5205 101.4762 43.5451 102.3516 105.5127 84.3045 167.5582 138.7063 75.6109 159.9759 63.0839 115.5727 127.9486 99.0092
