80
0.0000 95.3905 76.1492 142.9703 186.5147 110.9538 130.6619 144.2570 102.3861 45.8114 25.4830 113.5817 26.0971 178.1353 107.2649 45.5383 106.3465 11.4121 41.5878 120.4902 57.5100 41.7440 73.2507 17.2452 54.0715 18.4172 87.5107 154.9325 211.6862 81.7758 132.2256 204.7207 135.0811 100.5860 91.3669 85.9966 172.2413 101.5797 217.7157 85.3041 94.0867 48.7083 48.1773 75.3258 37.8618 53.6162 168.6219 117.0761 139.1085 172.6723 61.1272 158.6784 190.5368 133.4175 66.5555 115.0560 197.9266 141.0667 71.0212 75.4703 202.8354 79.6233 60.8389 98.7389 220.2075 122.6849 63.7465 114.5217 67.5339 139.5898 92.7030 99.5778 49.9512 50.9024 219.3865 242.8758 162.0862 160.5838 115.1650 155.5943
95.3905 0.0000 183.7556 27.7942 136.1314 49.3555 114.1510 156.5783 154.9910 98.6273 35.1203 132.8056 58.8317 147.7538 36.0135 126.7250 132.5407 62.0927 132.3879 123.1881 139.1866 158.7618 116.9794 174.6781 145.4968 78.1895 93.0177 181.3767 46.4916 131.9411 13.3528 148.5716 189.8133 71.8331 22.9809 61.9042 64.8073 128.4369 138.4030 62.6569 67.8448 57.0476 127.5279 15.6270 88.6452 183.1151 122.6704 95.6775 87.2429 162.2959 183.9859 177.2354 116.1435 66.6017 67.2959 161.0480 140.2366 41.2570 46.9461 60.0825 14.0797 97.8393 113.4810 133.7950 151.5061 101.7519 66.4556 0.4479 118.0156 61.4243 193.4127 67.5651 85.9596 110.0504 154.7696 44.1678 158.2327 85.8834 97.1318 110.5533
76.1492 183.7556 0.0000 176.5819 65.3334 83.4752 38.2506 120.8047 71.7196 126.7481 95.1046 107.6041 92.6075 25.7814 177.0061 49.6878 4.9286 48.8998 13.4727 97.5660 101.7302 103.0202 50.2668 80.7478 52.6089 83.3350 42.1028 237.8136 153.1393 45.5164 43.3714 44.4235 50.7498 130.9969 228.1227 68.7838 136.5545 113.5225 102.9362 10.5149 172.2076 113.4142 116.3954 68.4016 5.0713 131.5386 63.8877 160.0962 162.6953 115.8407 119.1428 170.2618 91.0245 41.3411 74.7616 104.8498 39.0974 54.7607 100.8362 109.6772 160.8329 203.0910 121.3594 34.6220 134.7185 2.6465 59.4413 71.3363 89.9117 34.3194 137.2155 168.7982 112.4578 25.2753 163.7985 58.7554 64.5984 123.1999 29.5690 228.5170
142.9703 27.7942 176.5819 0.0000 32.2740 162.6220 88.5360 173.2195 90.0490 17.6392 103.4768 144.8751 41.3145 46.9459 95.6111 160.5323 112.4948 92.2720 92.0455 53.1763 70.2042 134.6741 126.5713 15.7654 99.9412 121.2180 33.9493 51.1717 27.0746 92.5116 42.1251 115.7035 66.6936 122.4974 12.3769 96.5120 130.4530 68.8346 44.7531 145.5067 52.5611 18.7110 82.3202 120.4471 150.2387 177.8027 26.7289 146.3464 101.5588 107.6258 40.7477 38.4866 194.4815 58.0241 130.8827 44.3733 34.3729 90.3869 148.2992 140.1256 119.5225 21.0863 148.1163 80.5963 71.6445 102.9015 68.5259 138.1210 112.7589 63.8645 92.6743 116.2061 109.5734 120.7551 43.2236 173.0629 124.3682 198.5504 86.8549 101.7587
186.5147 136.1314 65.3334 32.2740 0.0000 30.4826 152.2082 215.3523 77.7263 177.5069 13.3445 83.6593 116.0794 10.7078 159.9042 59.8943 55.8996 32.6477 150.2891 101.0040 106.4235 101.4909 53.2810 45.6572 91.8585 29.5802 77.9603 99.4560 155.6791 104.7006 120.7134 108.5322 142.8253 116.5426 68.9812 92.3948 130.4706 100.0119 116.8500 145.8617 82.5378 124.2875 53.6044 125.5698 56.6236 126.7918 215.0090 148.3303 167.9680 58.2539 50.9588 72.5464 79.1662 2.2977 170.3545 23.1876 117.0402 151.7361 143.2041 4.8203 145.0348 170.7088 145.7831 34.2951 46.4386 53.7161 185.0280 17.3964 44.7133 95.0850 87.3139 109.0130 160.5330 115.6421 92.5257 59.6108 112.6071 153.6733 145.4746 127.2612
110.9538 49.3555 83.4752 162.6220 30.4826 0.0000 43.9182 96.3401 182.1219 26.0678 59.1099 70.9779 117.5725 118.7542 216.3949 158.9627 89.4686 142.9113 186.9886 167.3165 134.4463 50.7501 151.3203 72.5878 28.0319 117.0466 99.7008 93.7125 86.8830 34.1971 60.9974 175.5962 215.2912 135.3241 271.4616 111.0999 29.9438 102.2249 160.8822 109.6638 58.0694 74.4691 20.7902 19.3601 100.5014 122.4199 105.7412 173.9090 3.2052 201.0093 77.3923 188.9028 11.8170 135.7407 91.8330 71.5067 84.4991 104.9060 115.5453 195.4633 81.2191 95.2719 55.1083 98.5089 186.4728 151.2886 153.2268 128.8408 14.0582 87.1011 9.1584 148.5339 145.5226 171.1802 9.4469 110.4080 72.3226 157.1020 144.9684 20.3626
130.6619 114.1510 38.2506 88.5360 152.2082 43.9182 0.0000 183.0802 159.6289 91.0781 67.4836 39.4868 175.7009 72.5332 162.6085 83.9618 48.5862 122.1557 126.1119 100.5875 114.4396 12.5755 160.7779 186.8485 63.6533 188.9071 74.5592 205.9567 77.8965 102.6473 81.2196 16.9629 112.3441 144.4304 168.9298 30.4099 64.3017 131.2651 76.5280 111.8271 101.5995 102.0258 61.6583 75.4651 153.8138 60.4552 37.8259 73.9880 210.8655 179.7056 135.6663 119.8528 34.5917 190.6431 23.8935 50.8508 116.1051 45.4873 112.2456 115.6941 52.2942 69.0511 75.4801 76.9240 50.0167 94.9813 168.3580 148.5931 54.1174 112.7885 93.9804 93.9907 159.0498 136.6425 100.1227 184.6124 89.9134 163.0564 121.3639 157.5788
144.2570 156.5783 120.8047 173.2195 215.3523 96.3401 183.0802 0.0000 129.1805 61.2585 92.0699 196.9448 81.2393 85.3827 122.8405 13.0547 99.8968 164.1296 108.7677 141.7822 118.5377 198.2862 87.2573 86.1867 57.5798 123.6607 213.6552 226.5755 118.4667 108.9964 153.2480 59.9987 56.0738 49.8305 235.3902 41.6278 9.7003 27.4048 107.9181 134.5022 251.4878 94.0672 125.2985 71.8522 60.6913 83.6638 144.9559 1.1584 136.1677 153.0204 120.3864 100.0216 160.8197 96.6338 54.7462 27.2280 133.8874 74.8870 63.0517 101.2690 42.8039 211.9646 79.8366 128.5182 199.9113 46.3570 91.4236 236.1193 189.2867 107.3085 37.0212 49.3528 127.8627 126.0414 118.3120 118.5416 87.4825 56.1572 175.9121 95.2650
102.3861 154.9910 71.7196 90.0490 77.7263 182.1219 159.6289 129.1805 0.0000 150.0502 41.5962 75.8897 99.0709 116.2077 104.3798 65.4408 41.9253 85.0043 154.7506 115.6680 70.5904 120.9929 131.1818 100.5499 125.2253 55.3984 95.5684 115.1687 94.3550 81.0049 63.7488 209.9160 10.7575 91.9490 86.9316 14.6915 128.0943 94.2984 104.4789 15.4505 135.2301 111.2838 105.8294 155.3648 185.1705 70.0499 57.4311 24.2087 64.4421 33.9491 93.6118 76.3444 156.6771 103.5320 54.9107 97.6167 68.4387 143.8521 60.0457 102.3267 138.8277 49.2036 147.5441 144.2807 59.0633 52.5738 68.1667 154.1394 251.1476 252.8939 122.3034 111.1748 126.3067 128.2366 84.5454 154.9323 116.0913 163.6629 90.0469 142.2107
45.8114 98.6273 126.7481 17.6392 177.5069 26.0678 91.0781 61.2585 150.0502 0.0000 210.5056 98.9157 119.6388 109.5133 12.8661 33.4402 31.6208 75.6776 73.6232 37.4132 114.0844 241.8928 198.3666 120.2149 128.6434 91.9222 113.8357 152.6449 43.1098 35.9821 27.1582 142.7837 28.0116 182.3225 114.2091 124.6026 171.8033 157.9972 127.2198 134.4019 122.4738 98.3404 35.0101 103.2870 79.1308 178.0225 115.3206 176.1081 97.7828 91.8351 210.1262 266.0539 161.5139 166.0727 41.4669 53.2979 162.0716 82.8163 123.6473 170.5311 38.6135 178.3271 103.9750 64.8403 147.3467 46.9047 141.4368 81.1525 95.8598 80.5902 187.2911 102.2884 151.4840 109.2449 43.8744 84.6910 219.9752 137.4385 92.2230 32.7168
25.4830 35.1203 95.1046 103.4768 13.3445 59.1099 67.4836 92.0699 41.5962 210.5056 0.0000 97.3068 105.8087 156.1277 63.6000 143.9227 81.4683 160.5175 53.8008 19.0082 119.0938 86.2180 44.2129 74.4825 93.0214 104.1935 173.1907 170.9485 96.1498 163.5450 129.1143 169.9017 69.3703 31.8946 173.6377 120.7774 154.5301 115.3783 127.5021 31.8219 156.5095 33.4093 100.9427 38.6130 176.7078 213.6295 102.5426 130.4469 166.7744 187.8629 105.2620 94.8709 106.6108 79.8637 135.9392 114.4115 178.1372 182.1845 70.5130 125.6151 132.7468 44.4546 208.1381 94.7754 103.6538 108.7099 74.2936 12.3977 30.9961 65.8395 24.4969 138.5024 162.0186 48.0002 98.1274 85.4993 80.8431 154.0181 4.8881 236.8780
113.5817 132.8056 107.6041 144.8751 83.6593 70.9779 39.4868 196.9448 75.8897 98.9157 97.3068 0.0000 11.6748 89.2524 46.6384 166.3621 212.4802 32.4604 100.0122 156.3405 122.8324 79.4494 92.8800 259.0271 161.2162 264.7760 142.3978 94.8318 123.2983 192.6093 21.6447 87.1935 51.7414 151.8526 2.4324 108.3569 73.2820 130.3148 118.9744 176.2363 167.3876 145.5812 82.5097 72.3983 65.4535 89.6129 84.6838 81.9853 85.6802 99.7526 153.4943 74.1316 112.1231 135.7158 165.9693 134.6552 58.1169 211.3921 64.6969 85.3344 112.1096 148.1770 208.8719 144.5948 82.4082 101.3920 2.5619 172.5324 159.8672 11.6084 92.8588 46.9202 63.9027 135.3634 89.4590 86.3125 144.5390 120.6091 149.3221 85.5936
26.0971 58.8317 92.6075 41.3145 116.0794 117.5725 175.7009 81.2393 99.0709 119.6388 105.8087 11.6748 0.0000 106.6581 7.0942 145.6532 118.8962 33.0224 105.3351 111.1969 74.2212 95.8556 161.6961 210.5932 177.7366 153.9006 64.3945 165.0329 169.3978 117.8676 57.3635 55.2941 115.0154 27.3593 86.9499 14.3482 106.0164 63.2944 22.9489 145.7228 139.0267 170.7280 8.0289 87.3945 61.2284 84.1055 117.0416 120.7969 6.7396 47.0165 211.8198 114.5795 127.2065 156.1695 128.3692 60.7966 40.3092 152.1918 75.9264 16.1785 210.8633 167.5878 180.4427 105.1831 161.3291 122.3790 90.9464 136.5705 49.1702 132.0626 24.9409 79.9410 52.7362 94.4205 126.4914 157.6233 247.0489 146.9120 17.5135 172.4011
178.1353 147.7538 25.7814 46.9459 10.7078 118.7542 72.5332 85.3827 116.2077 109.5133 156.1277 89.2524 106.6581 0.0000 95.8667 36.7429 151.2217 7.0930 13.3437 91.7698 165.1971 85.8644 138.7453 117.1384 40.4726 158.8211 47.9017 0.9965 126.9792 77.2663 78.4844 178.7370 38.1248 54.2819 126.4997 104.9991 87.7305 116.3677 107.8587 98.9665 109.2167 59.1444 38.3362 40.3396 49.9568 125.5199 85.0722 114.9862 149.5877 216.3957 85.8180 43.4288 213.7101 60.7616 43.1286 67.4099 133.8236 80.3984 59.2672 200.8006 216.7197 75.8263 101.2871 117.8431 100.7945 231.5794 115.3818 60.4270 158.4218 155.8183 109.1461 219.8651 107.2249 105.8926 82.5424 133.0601 186.1288 78.1592 122.1434 68.2664
107.2649 36.0135 177.0061 95.6111 159.9042 216.3949 162.6085 122.8405 104.3798 12.8661 63.6000 46.6384 7.0942 95.8667 0.0000 102.4802 198.8112 158.5439 21.3207 181.6115 168.9491 117.6873 65.3340 123.0906 139.0910 13.6548 133.7339 181.5674 89.9149 142.5530 115.3144 19.9254 231.5845 167.2178 93.3103 95.6034 105.7420 71.3264 16.0400 120.4753 51.8792 146.7213 66.7234 1.2528 128.1627 73.4872 73.0467 101.9397 211.5262 172.4631 126.2548 104.0212 250.5102 113.3083 7.9507 78.8047 45.2506 32.4198 180.1836 88.9897 112.9493 38.0217 128.6657 102.9832 142.1486 50.3214 80.6634 17.7113 93.9931 157.3860 114.0751 128.8930 94.3608 29.1819 11.8479 103.2596 78.6607 95.4805 89.3713 58.9182
45.5383 126.7250 49.6878 160.5323 59.8943 158.9627 83.9618 13.0547 65.4408 33.4402 143.9227 166.3621 145.6532 36.7429 102.4802 0.0000 95.6415 161.6120 270.7732 153.4641 135.5261 118.8920 129.6692 144.2865 127.3617 220.7239 103.2795 16.7127 161.1587 105.8606 113.2524 106.6449 90.1757 113.5863 42.1963 78.4513 142.1472 217.9927 75.4395 159.0096 58.6079 140.8777 112.7837 46.0288 188.6285 26.4697 209.2446 116.8812 139.5224 80.8639 76.3517 39.7627 192.5449 199.0975 54.9436 103.5349 176.7860 91.5375 150.6224 85.3852 105.1727 158.2350 69.8907 91.2021 158.1142 48.2978 101.9842 6.8461 200.3527 130.8414 124.7423 62.0282 200.1460 158.5458 150.0314 96.3095 66.2507 98.9477 30.3787 35.8048
106.3465 132.5407 4.9286 112.4948 55.8996 89.4686 48.5862 99.8968 41.9253 31.6208 81.4683 212.4802 118.8962 151.2217 198.8112 95.6415 0.0000 23.7676 189.9285 52.1476 18.0685 190.6277 50.8219 92.0014 86.9229 82.4527 92.1196 131.6451 2.1222 62.1275 62.2577 141.0757 176.0059 95.1403 118.3936 95.8259 67.6869 117.8003 167.6153 107.1811 77.7240 121.0493 122.7923 85.2563 159.4687 111.0655 85.1218 43.0754 83.6154 164.9392 42.9088 84.8589 17.0653 58.8453 111.2505 4.3944 67.3843 232.0510 206.3288 25.1806 118.0624 19.5227 66.9499 60.3207 49.3333 139.9440 131.7851 39.7577 88.0506 95.1978 105.9628 119.0501 105.6903 121.9168 42.5209 164.2917 120.0824 14.2974 168.3661 91.4288
11.4121 62.0927 48.8998 92.2720 32.6477 142.9113 122.1557 164.1296 85.0043 75.6776 160.5175 32.4604 33.0224 7.0930 158.5439 161.6120 23.7676 0.0000 86.4298 9.2105 170.8457 140.6883 184.2033 72.4334 31.1602 298.9357 160.8548 105.9663 117.4848 158.2705 106.9193 63.9795 137.0715 62.7697 89.3493 49.4806 130.4674 127.1432 151.0334 88.3092 81.2489 63.9314 199.5021 114.8239 102.3278 99.0790 59.9811 18.7517 251.6137 35.3189 15.4086 55.0435 37.5740 12.8989 47.4145 129.5824 92.8281 84.8129 89.5124 102.8500 101.6425 181.0345 66.6972 35.8448 152.0620 142.4026 101.7680 115.3696 131.5857 160.8852 86.6211 50.2385 99.7358 87.7297 120.6373 130.5591 3.2748 154.0856 53.9962 141.8392
41.5878 132.3879 13.4727 92.0455 150.2891 186.9886 126.1119 108.7677 154.7506 73.6232 53.8008 100.0122 105.3351 13.3437 21.3207 270.7732 189.9285 86.4298 0.0000 79.7684 211.4771 176.2217 52.6447 100.7138 67.7309 78.3829 145.1587 114.4184 117.7532 139.7090 159.7915 139.4521 31.4870 103.3419 64.9869 134.7516 116.3725 119.7715 102.9487 64.7709 147.0860 72.4201 153.3064 59.9104 173.3096 109.0340 45.2417 133.3461 192.3580 52.8116 134.2305 98.3671 79.1646 99.0106 75.1436 114.5560 114.7170 151.1530 132.1614 55.0501 132.3758 162.7019 119.7783 98.9421 0.5146 16.4379 161.3657 104.8929 12.9699 111.7971 84.3292 111.1294 117.8521 71.3112 229.4472 110.2340 48.4481 147.6281 183.8501 14.1715
120.4902 123.1881 97.5660 53.1763 101.0040 167.3165 100.5875 141.7822 115.6680 37.4132 19.0082 156.3405 111.1969 91.7698 181.6115 153.4641 52.1476 9.2105 79.7684 0.0000 79.1208 122.4020 28.7172 7.2443 86.8528 68.3268 6.2203 109.8664 58.2959 88.8359 79.7393 181.3256 71.3328 162.1951 148.3384 132.2052 50.6233 238.4807 200.0768 72.4048 40.3968 67.2979 128.2036 74.6868 79.8577 152.0266 135.1935 67.2958 136.0837 165.6797 17.6070 150.0745 135.2942 141.8809 150.9952 150.8186 133.5374 143.5337 178.5953 139.9145 152.5060 182.7561 165.3118 62.4757 112.5972 115.7428 36.8414 92.7667 74.6951 99.8686 157.0364 142.9571 41.9972 125.7244 155.0677 61.2971 85.4955 9.6261 47.7258 145.4906
57.5100 139.1866 101.7302 70.2042 106.4235 134.4463 114.4396 118.5377 70.5904 114.0844 119.0938 122.8324 74.2212 165.1971 168.9491 135.5261 18.0685 170.8457 211.4771 79.1208 0.0000 77.2621 98.7805 219.1820 97.8788 96.1951 208.3887 166.4988 126.8862 99.5504 123.2081 209.5638 128.8470 84.9236 103.3842 105.0620 235.4086 137.5366 17.7069 135.8569 89.7036 90.4627 110.0924 147.6076 12.5265 81.2660 33.1010 223.8521 169.1288 68.1983 26.8710 159.6133 96.8228 108.1824 144.2961 268.1392 46.5805 197.0006 167.8975 56.1165 154.3458 39.9540 35.4773 95.9181 133.9902 185.4211 29.0843 80.8316 119.0090 140.8039 96.9634 102.4958 214.7720 103.5880 101.5025 145.2155 151.5593 140.4932 91.4656 26.6698
41.7440 158.7618 103.0202 134.6741 101.4909 50.7501 12.5755 198.2862 120.9929 241.8928 86.2180 79.4494 95.8556 85.8644 117.6873 118.8920 190.6277 140.6883 176.2217 122.4020 77.2621 0.0000 64.9825 146.6513 99.4607 78.8791 62.1662 119.1732 70.1792 172.8173 88.8776 119.7599 199.7138 42.6383 120.3240 147.1766 153.3158 174.1566 133.4388 98.6076 72.1527 91.8923 145.8546 244.5059 37.1688 95.5336 92.8563 123.6159 95.1055 87.2412 7.0661 6.6801 120.4958 68.3904 169.8799 131.4360 88.7049 111.7666 47.1593 154.9299 77.6777 198.6407 177.9067 77.5727 49.9235 122.1070 148.5010 93.5050 89.5316 90.3237 88.1646 172.2246 89.9745 108.6363 14.3318 53.5726 74.7650 56.9196 135.9191 8.7871
73.2507 116.9794 50.2668 126.5713 53.2810 151.3203 160.7779 87.2573 131.1818 198.3666 44.2129 92.8800 161.6961 138.7453 65.3340 129.6692 50.8219 184.2033 52.6447 28.7172 98.7805 64.9825 0.0000 26.2330 129.5347 183.4736 206.1043 53.0233 224.1011 163.7507 82.0628 83.3160 255.6135 174.1447 147.8506 71.3407 66.0849 43.3290 95.8280 103.4251 100.7610 62.6401 105.0085 126.6715 153.7734 54.9439 185.8304 176.4306 147.5950 125.5811 134.3212 18.4240 110.7141 43.9031 124.4995 150.7596 0.5126 121.9141 104.0749 125.5034 53.1243 119.5222 21.7164 68.2083 113.3953 147.7309 200.2059 116.0476 57.4489 177.6518 213.4877 133.0613 121.7927 165.6672 147.6639 92.1442 29.5017 89.3446 139.2084 11.1670
17.2452 174.6781 80.7478 15.7654 45.6572 72.5878 186.8485 86.1867 100.5499 120.2149 74.4825 259.0271 210.5932 117.1384 123.0906 144.2865 92.0014 72.4334 100.7138 7.2443 219.1820 146.6513 26.2330 0.0000 154.4849 66.9561 94.5297 30.2863 234.4265 82.3534 94.4410 140.9965 175.0429 157.2892 155.8001 60.2246 119.3148 170.2514 59.2402 92.7288 106.9650 164.8023 132.5932 152.0576 147.6410 133.6656 63.9531 146.9638 106.1436 144.1937 157.9394 159.0570 139.9903 67.4648 92.1319 112.6508 119.7229 187.6473 196.8851 138.9344 117.0709 201.2905 203.8162 88.1495 84.8928 104.3433 100.1678 85.7836 92.3238 27.3708 190.5387 145.2002 80.1491 146.9470 72.1706 72.2505 147.5840 27.4793 67.6290 176.3328
54.0715 145.4968 52.6089 99.9412 91.8585 28.0319 63.6533 57.5798 125.2253 128.6434 93.0214 161.2162 177.7366 40.4726 139.0910 127.3617 86.9229 31.1602 67.7309 86.8528 97.8788 99.4607 129.5347 154.4849 0.0000 101.2711 114.8136 221.1058 304.4922 123.7263 141.3990 59.2331 193.4033 68.2471 147.9349 127.1876 111.8288 66.2399 25.0116 175.7032 36.7767 85.1129 17.5386 43.9058 24.2481 185.3234 68.8045 127.8364 159.7069 105.4826 224.6159 157.5445 61.5487 157.1343 169.7007 107.3524 80.8024 148.9795 133.4415 9.7549 2.4732 118.5114 126.9905 0.9877 56.6450 107.4872 101.4838 140.5218 143.4195 92.5854 134.4033 28.0158 32.6649 158.7608 104.6329 94.1402 114.2606 81.5498 159.3003 63.9151
18.4172 78.1895 83.3350 121.2180 29.5802 117.0466 188.9071 123.6607 55.3984 91.9222 104.1935 264.7760 153.9006 158.8211 13.6548 220.7239 82.4527 298.9357 78.3829 68.3268 96.1951 78.8791 183.4736 66.9561 101.2711 0.0000 63.7616 26.7110 230.9896 91.0926 51.0587 86.1597 48.8001 36.4802 80.2239 145.7869 170.3978 140.6914 174.7231 202.3237 62.1487 112.9586 48.2859 192.5444 101.5408 83.8107 80.6570 125.7727 49.2963 51.1817 152.8182 144.9945 193.8691 197.6151 139.5986 31.9583 75.8586 63.4513 100.6886 111.6612 171.7168 40.8610 81.4761 108.3184 201.3857 110.5294 92.9470 174.7497 59.1184 109.3539 188.1847 109.1598 75.2201 254.5012 26.9374 76.6349 34.7896 287.3347 69.5376 124.2200
87.5107 93.0177 42.1028 33.9493 77.9603 99.7008 74.5592 213.6552 95.5684 113.8357 173.1907 142.3978 64.3945 47.9017 133.7339 103.2795 92.1196 160.8548 145.1587 6.2203 208.3887 62.1662 206.1043 94.5297 114.8136 63.7616 0.0000 133.4277 15.2666 161.9354 55.5528 151.5902 70.8166 93.7528 93.4988 124.4261 12.9273 106.7892 105.0886 186.4197 96.6999 7.1286 86.0206 107.6139 139.8638 12.0285 145.0304 119.0684 81.2553 171.0704 102.0743 148.6808 86.5719 86.9442 56.7628 132.2434 32.2783 139.9269 134.1909 80.1354 72.4235 147.4641 139.7601 144.3843 215.6826 74.7301 130.2656 118.0458 133.4053 80.8844 12.3971 153.0224 148.3730 73.9629 113.9632 60.6227 179.7552 50.2415 109.5618 218.2941
154.9325 181.3767 237.8136 51.1717 99.4560 93.7125 205.9567 226.5755 115.1687 152.6449 170.9485 94.8318 165.0329 0.9965 181.5674 16.7127 131.6451 105.9663 114.4184 109.8664 166.4988 119.1732 53.0233 30.2863 221.1058 26.7110 133.4277 0.0000 59.1916 36.5961 211.4443 119.5426 166.8863 122.5902 91.4744 79.8766 144.9876 70.3958 5.8742 134.6556 58.6167 215.3800 118.6445 189.5307 54.9099 89.7308 120.0249 40.9608 67.7655 110.2066 127.9874 79.9483 123.2123 114.1633 129.9529 205.3745 138.6007 60.8152 92.8396 55.8871 157.2449 127.1226 53.6936 87.1125 158.4631 69.7499 77.4148 58.0437 206.6392 111.0130 113.6994 32.9433 30.0727 17.6176 159.7082 86.3536 98.9289 130.0484 219.4195 90.2439
211.6862 46.4916 153.1393 27.0746 155.6791 86.8830 77.8965 118.4667 94.3550 43.1098 96.1498 123.2983 169.3978 126.9792 89.9149 161.1587 2.1222 117.4848 117.7532 58.2959 126.8862 70.1792 224.1011 234.4265 304.4922 230.9896 15.2666 59.1916 0.0000 163.6161 30.4626 40.6201 200.4729 150.7636 50.4582 147.6867 41.4968 126.2834 47.9553 142.0166 301.3752 194.6137 129.9258 76.3291 138.5552 64.4058 71.3907 87.9204 124.0274 96.4501 74.7178 193.9503 160.6531 196.8800 155.3769 178.9099 87.4422 246.3525 198.4303 238.7926 47.8833 201.2535 134.9262 201.9311 103.3801 106.3017 123.7896 55.0631 163.0195 165.0836 84.0559 101.2461 143.9636 12.2430 140.6666 143.0005 143.6092 37.1180 30.4475 36.8142
81.7758 131.9411 45.5164 92.5116 104.7006 34.1971 102.6473 108.9964 81.0049 35.9821 163.5450 192.6093 117.8676 77.2663 142.5530 105.8606 62.1275 158.2705 139.7090 88.8359 99.5504 172.8173 163.7507 82.3534 123.7263 91.0926 161.9354 36.5961 163.6161 0.0000 46.5172 170.4611 36.9861 87.8797 179.1722 54.4547 51.0058 59.9296 95.1427 112.7717 133.4124 31.0379 37.1668 178.4772 72.5546 170.9335 116.0537 138.2152 3.2742 151.6894 114.3194 110.8916 218.7272 144.2351 197.4793 99.2888 94.3225 138.1099 77.4497 141.8385 132.1626 40.3990 203.6264 96.6118 43.6256 62.8203 34.5747 67.8463 104.0700 89.5827 185.7943 154.0710 147.2721 135.8218 58.6938 23.1793 22.9951 109.8850 175.3806 83.6955
132.2256 13.3528 43.3714 42.1251 120.7134 60.9974 81.2196 153.2480 63.7488 27.1582 129.1143 21.6447 57.3635 78.4844 115.3144 113.2524 62.2577 106.9193 159.7915 79.7393 123.2081 88.8776 82.0628 94.4410 141.3990 51.0587 55.5528 211.4443 30.4626 46.5172 0.0000 72.5058 77.7032 89.8754 34.1907 100.1766 16.9746 54.1291 161.6256 72.1669 14.3943 162.7518 129.3071 117.1138 126.8138 62.6954 121.8604 51.8781 109.5446 119.5691 89.6026 118.5372 247.5411 106.9194 108.3560 54.7351 103.2571 112.4478 12.2452 91.8189 117.5538 97.5764 38.5997 78.1069 24.1656 34.6856 85.9466 210.8403 57.6827 151.1376 39.0155 3.5186 46.0918 18.7813 168.8436 206.8671 174.1633 47.7893 169.4521 88.9798
204.7207 148.5716 44.4235 115.7035 108.5322 175.5962 16.9629 59.9987 209.9160 142.7837 169.9017 87.1935 55.2941 178.7370 19.9254 106.6449 141.0757 63.9795 139.4521 181.3256 209.5638 119.7599 83.3160 140.9965 59.2331 86.1597 151.5902 119.5426 40.6201 170.4611 72.5058 0.0000 152.7184 157.7561 123.8906 76.5297 77.0358 149.4424 101.1984 55.5997 87.4797 167.3344 147.0592 102.2553 100.3978 109.4125 103.7191 98.5272 46.0078 55.3220 100.0377 194.4913 176.5256 96.9933 59.0534 139.6985 142.2873 133.2761 106.8250 65.3203 111.3360 231.8448 145.0203 92.4339 82.5982 60.7382 129.6628 247.5702 60.5584 200.7015 95.8157 98.8584 42.4748 207.0756 132.9784 87.9042 65.6108 117.4171 52.8071 85.1669
135.0811 189.8133 50.7498 66.6936 142.8253 215.2912 112.3441 56.0738 10.7575 28.0116 69.3703 51.7414 115.0154 38.1248 231.5845 90.1757 176.0059 137.0715 31.4870 71.3328 128.8470 199.7138 255.6135 175.0429 193.4033 48.8001 70.8166 166.8863 200.4729 36.9861 77.7032 152.7184 0.0000 83.1379 178.7151 132.0657 88.0233 94.6707 62.6719 76.3023 163.2813 127.5663 241.8577 162.0701 82.7772 81.9165 33.5745 129.3673 67.9986 179.4553 153.2054 209.0948 84.0238 62.4172 146.3353 76.3957 78.2999 194.8087 23.4502 211.0594 140.0352 111.1439 144.0137 129.3329 249.1853 95.6394 156.4204 128.5666 47.1739 84.1134 11.9025 174.7878 90.9816 85.1317 9.3064 82.5977 177.7809 59.1126 76.6060 65.2862
100.5860 71.8331 130.9969 122.4974 116.5426 135.3241 144.4304 49.8305 91.9490 182.3225 31.8946 151.8526 27.3593 54.2819 167.2178 113.5863 95.1403 62.7697 103.3419 162.1951 84.9236 42.6383 174.1447 157.2892 68.2471 36.4802 93.7528 122.5902 150.7636 87.8797 89.8754 157.7561 83.1379 0.0000 24.8137 102.1750 104.4922 16.7478 97.9312 9.1460 32.9214 31.2926 54.0170 8.5612 48.8189 102.8291 75.4934 22.4649 5.9343 141.8483 140.9286 207.9872 78.0207 112.1466 38.4815 163.2838 74.7292 69.6530 8.1893 72.4719 7.2227 93.4577 88.6425 88.0730 1.2798 12.5813 138.1895 38.5498 38.7164 90.7005 161.6923 33.1746 181.6186 72.1572 52.1306 138.5969 131.0614 63.7087 23.0240 125.2994
91.3669 22.9809 228.1227 12.3769 68.9812 271.4616 168.9298 235.3902 86.9316 114.2091 173.6377 2.4324 86.9499 126.4997 93.3103 42.1963 118.3936 89.3493 64.9869 148.3384 103.3842 120.3240 147.8506 155.8001 147.9349 80.2239 93.4988 91.4744 50.4582 179.1722 34.1907 123.8906 178.7151 24.8137 0.0000 126.9424 171.4124 113.5933 76.9852 71.2544 100.2808 1.2904 112.8380 94.6037 180.7821 52.2081 174.6703 114.9870 150.9438 28.1335 63.5999 141.3209 39.7658 7.2578 145.9839 116.8866 78.2963 107.1624 156.0615 167.3941 88.3821 157.8815 65.4644 99.9393 233.2180 169.1973 29.8188 173.8189 105.4472 175.8210 127.0699 72.7577 69.1462 103.5414 46.6291 156.6894 191.8474 108.1741 100.7801 99.4221
85.9966 61.9042 68.7838 96.5120 92.3948 111.0999 30.4099 41.6278 14.6915 124.6026 120.7774 108.3569 14.3482 104.9991 95.6034 78.4513 95.8259 49.4806 134.7516 132.2052 105.0620 147.1766 71.3407 60.2246 127.1876 145.7869 124.4261 79.8766 147.6867 54.4547 100.1766 76.5297 132.0657 102.1750 126.9424 0.0000 225.5855 3.1055 81.9408 177.2899 114.6979 164.5923 92.8773 180.7464 198.5880 60.8738 84.6866 128.3617 116.1951 165.7090 191.7500 108.3433 114.3116 117.0737 115.6007 137.7974 261.4932 52.2270 24.6556 104.9992 88.7519 82.0697 164.0544 110.5034 109.4883 101.8474 128.8128 73.6298 104.5978 1.0774 187.6082 177.6662 142.4276 158.7040 149.7927 211.8122 83.8099 35.0951 155.2848 52.7299
172.2413 64.8073 136.5545 130.4530 130.4706 29.9438 64.3017 9.7003 128.0943 171.8033 154.5301 73.2820 106.0164 87.7305 105.7420 142.1472 67.6869 130.4674 116.3725 50.6233 235.4086 153.3158 66.0849 119.3148 111.8288 170.3978 12.9273 144.9876 41.4968 51.0058 16.9746 77.0358 88.0233 104.4922 171.4124 225.5855 0.0000 126.4491 148.4420 115.0153 161.7676 198.7872 63.6146 163.0009 103.9960 183.9856 31.0172 134.2424 72.1504 125.4829 40.0824 98.4472 84.4610 13.0575 120.8692 111.2723 175.2232 161.0467 98.2760 17.0902 87.4037 107.4784 11.3753 6.0596 129.5339 143.5246 31.3303 136.2482 105.6314 67.7141 128.8927 155.7937 79.5318 53.9823 183.5232 87.8069 118.1784 209.7952 95.8126 165.0551
101.5797 128.4369 113.5225 68.8346 100.0119 102.2249 131.2651 27.4048 94.2984 157.9972 115.3783 130.3148 63.2944 116.3677 71.3264 217.9927 117.8003 127.1432 119.7715 238.4807 137.5366 174.1566 43.3290 170.2514 66.2399 140.6914 106.7892 70.3958 126.2834 59.9296 54.1291 149.4424 94.6707 16.7478 113.5933 3.1055 126.4491 0.0000 81.9899 123.8807 137.5629 153.0567 129.7033 127.2828 10.9821 73.2321 126.1844 48.3952 57.1801 143.1208 23.8614 30.8298 178.7241 26.9066 85.6385 118.8914 73.6297 66.6358 184.3047 116.4187 159.1662 51.2373 100.6085 201.1646 126.0477 179.2683 211.4101 60.5242 61.8382 19.1566 130.9046 129.6275 80.5651 70.9287 6.9896 217.5535 56.6005 111.1512 87.5088 63.3155
217.7157 138.4030 102.9362 44.7531 116.8500 160.8822 76.5280 107.9181 104.4789 127.2198 127.5021 118.9744 22.9489 107.8587 16.0400 75.4395 167.6153 151.0334 102.9487 200.0768 17.7069 133.4388 95.8280 59.2402 25.0116 174.7231 105.0886 5.8742 47.9553 95.1427 161.6256 101.1984 62.6719 97.9312 76.9852 81.9408 148.4420 81.9899 0.0000 59.6063 38.0639 78.8448 203.9766 188.6338 114.6348 137.8655 126.0646 126.2510 205.7886 51.3126 15.4800 215.5209 189.7065 140.2249 147.8540 63.2283 109.6562 139.6488 109.6844 10.8395 94.1399 167.8718 79.2298 68.6094 193.9144 237.7240 130.9391 98.1308 80.3200 167.3618 130.8774 29.7137 81.0785 66.0379 35.5340 78.6035 78.4073 52.3345 144.1799 68.8449
85.3041 62.6569 10.5149 145.5067 145.8617 109.6638 111.8271 134.5022 15.4505 134.4019 31.8219 176.2363 145.7228 98.9665 120.4753 159.0096 107.1811 88.3092 64.7709 72.4048 135.8569 98.6076 103.4251 92.7288 175.7032 202.3237 186.4197 134.6556 142.0166 112.7717 72.1669 55.5997 76.3023 9.1460 71.2544 177.2899 115.0153 123.8807 59.6063 0.0000 22.7570 80.2156 39.3854 106.9616 124.6020 25.5408 13.3151 128.4446 21.1867 157.2560 182.5396 163.3502 63.9017 122.2877 144.9556 102.5571 144.5360 130.2533 101.4533 134.5344 128.6968 131.4727 98.9128 52.4907 37.4331 60.3349 90.8077 127.8014 123.4154 184.3211 86.8307 94.7597 72.4840 123.2617 193.2540 54.1426 37.0580 116.8789 55.4399 59.6412
94.0867 67.8448 172.2076 52.5611 82.5378 58.0694 101.5995 251.4878 135.2301 122.4738 156.5095 167.3876 139.0267 109.2167 51.8792 58.6079 77.7240 81.2489 147.0860 40.3968 89.7036 72.1527 100.7610 106.9650 36.7767 62.1487 96.6999 58.6167 301.3752 133.4124 14.3943 87.4797 163.2813 32.9214 100.2808 114.6979 161.7676 137.5629 38.0639 22.7570 0.0000 101.1724 94.3724 106.8411 47.3963 30.8474 152.6642 166.2870 147.6087 107.6522 154.4106 116.4117 198.5386 117.6607 228.3006 58.6610 30.9479 55.4345 95.3833 165.1747 92.1657 69.3656 186.2772 111.5252 127.1696 127.9000 90.1368 83.3100 248.2582 148.1849 124.7122 237.1881 164.1417 38.1640 134.2641 193.9946 39.9918 55.9964 94.6064 138.1050
48.7083 57.0476 113.4142 18.7110 124.2875 74.4691 102.0258 94.0672 111.2838 98.3404 33.4093 145.5812 170.7280 59.1444 146.7213 140.8777 121.0493 63.9314 72.4201 67.2979 90.4627 91.8923 62.6401 164.8023 85.1129 112.9586 7.1286 215.3800 194.6137 31.0379 162.7518 167.3344 127.5663 31.2926 1.2904 164.5923 198.7872 153.0567 78.8448 80.2156 101.1724 0.0000 59.6222 46.7117 61.8360 164.5042 66.2524 71.4777 116.9046 116.2801 125.8963 40.5205 20.1468 87.3424 55.5278 130.3357 3.7916 30.7236 66.4075 23.1813 130.0369 9.9991 21.2523 16.7577 177.3641 27.4344 75.8426 32.6777 42.2048 4.5426 11.0988 133.5349 118.4273 143.1320 102.7987 6.1469 77.9391 90.2935 24.9452 15.5379
48.1773 127.5279 116.3954 82.3202 53.6044 20.7902 61.6583 125.2985 105.8294 35.0101 100.9427 82.5097 8.0289 38.3362 66.7234 112.7837 122.7923 199.5021 153.3064 128.2036 110.0924 145.8546 105.0085 132.5932 17.5386 48.2859 86.0206 118.6445 129.9258 37.1668 129.3071 147.0592 241.8577 54.0170 112.8380 92.8773 63.6146 129.7033 203.9766 39.3854 94.3724 59.6222 0.0000 157.8838 176.8790 47.9213 106.1326 168.0422 201.9045 21.6552 166.1278 133.3148 25.8388 121.6154 80.8706 141.8578 161.3302 86.9639 101.0252 81.7811 76.2048 108.4170 73.9598 225.1011 116.6736 110.3325 78.3463 61.2340 167.7845 136.7660 87.3663 30.9621 90.8076 145.1700 110.5924 44.9724 85.8640 42.2051 36.1482 124.6738
75.3258 15.6270 68.4016 120.4471 125.5698 19.3601 75.4651 71.8522 155.3648 103.2870 38.6130 72.3983 87.3945 40.3396 1.2528 46.0288 85.2563 114.8239 59.9104 74.6868 147.6076 244.5059 126.6715 152.0576 43.9058 192.5444 107.6139 189.5307 76.3291 178.4772 117.1138 102.2553 162.0701 8.5612 94.6037 180.7464 163.0009 127.2828 188.6338 106.9616 106.8411 46.7117 157.8838 0.0000 141.3128 107.6985 126.0285 224.8281 66.1362 214.2294 129.7615 68.1013 108.0357 23.7269 57.1678 75.4513 120.6509 111.7222 122.6313 116.3227 72.0786 0.9578 111.5293 61.9418 127.5095 31.2368 34.5404 126.6847 56.8722 48.2551 111.0194 131.3516 95.7904 88.7169 16.2720 192.1727 6.9167 65.5743 155.2353 33.8412
37.8618 88.6452 5.0713 150.2387 56.6236 100.5014 153.8138 60.6913 185.1705 79.1308 176.7078 65.4535 61.2284 49.9568 128.1627 188.6285 159.4687 102.3278 173.3096 79.8577 12.5265 37.1688 153.7734 147.6410 24.2481 101.5408 139.8638 54.9099 138.5552 72.5546 126.8138 100.3978 82.7772 48.8189 180.7821 198.5880 103.9960 10.9821 114.6348 124.6020 47.3963 61.8360 176.8790 141.3128 0.0000 149.3396 149.4146 80.3214 52.0767 70.5578 91.7913 53.0095 219.2726 65.3523 113.9009 73.9352 10.3122 179.6437 90.7565 106.0664 38.5215 140.8001 23.0317 70.9065 109.0606 39.3636 70.1878 121.8375 23.8136 94.1958 95.8167 83.3612 110.0494 23.0489 170.9296 147.4768 10.7006 27.3028 19.4823 191.9269
53.6162 183.1151 131.5386 177.8027 126.7918 122.4199 60.4552 83.6638 70.0499 178.0225 213.6295 89.6129 84.1055 125.5199 73.4872 26.4697 111.0655 99.0790 109.0340 152.0266 81.2660 95.5336 54.9439 133.6656 185.3234 83.8107 12.0285 89.7308 64.4058 170.9335 62.6954 109.4125 81.9165 102.8291 52.2081 60.8738 183.9856 73.2321 137.8655 25.5408 30.8474 164.5042 47.9213 107.6985 149.3396 0.0000 41.8156 31.6094 4.2191 74.4330 169.4810 65.7285 145.3589 183.7772 70.8397 193.5796 96.1028 36.3105 38.3215 38.5949 83.9961 141.5983 75.3920 92.1899 189.9069 129.8685 133.8593 83.1906 80.9273 123.3016 80.8991 58.1814 43.2651 8.8334 249.4415 253.4326 53.7828 183.9343 104.4654 100.5907
168.6219 122.6704 63.8877 26.7289 215.0090 105.7412 37.8259 144.9559 57.4311 115.3206 102.5426 84.6838 117.0416 85.0722 73.0467 209.2446 85.1218 59.9811 45.2417 135.1935 33.1010 92.8563 185.8304 63.9531 68.8045 80.6570 145.0304 120.0249 71.3907 116.0537 121.8604 103.7191 33.5745 75.4934 174.6703 84.6866 31.0172 126.1844 126.0646 13.3151 152.6642 66.2524 106.1326 126.0285 149.4146 41.8156 0.0000 78.8170 163.1219 120.5412 67.4181 85.5090 76.9578 131.0338 165.0586 127.3523 89.9180 228.7315 209.8752 109.3171 108.0468 157.4631 219.2935 107.2227 196.5927 60.8241 58.4592 34.6147 135.8307 23.8670 111.5139 89.2655 144.8749 110.1739 264.5094 219.8836 86.6697 148.9673 91.0694 117.6334
117.0761 95.6775 160.0962 146.3464 148.3303 173.9090 73.9880 1.1584 24.2087 176.1081 130.4469 81.9853 120.7969 114.9862 101.9397 116.8812 43.0754 18.7517 133.3461 67.2958 223.8521 123.6159 176.4306 146.9638 127.8364 125.7727 119.0684 40.9608 87.9204 138.2152 51.8781 98.5272 129.3673 22.4649 114.9870 128.3617 134.2424 48.3952 126.2510 128.4446 166.2870 71.4777 168.0422 224.8281 80.3214 31.6094 78.8170 0.0000 245.2257 47.7883 145.4868 129.4289 141.0635 71.0292 62.8995 150.5493 34.6002 135.7468 168.5479 27.2623 98.4072 110.8852 43.6365 101.2905 235.6164 56.9609 115.0970 182.6135 90.1102 190.7610 175.6465 96.8979 89.8866 51.5370 43.7524 100.9751 44.6827 155.7963 78.8174 39.3484
139.1085 87.2429 162.6953 101.5588 167.9680 3.2052 210.8655 136.1677 64.4421 97.7828 166.7744 85.6802 6.7396 149.5877 211.5262 139.5224 83.6154 251.6137 192.3580 136.0837 169.1288 95.1055 147.5950 106.1436 159.7069 49.2963 81.2553 67.7655 124.0274 3.2742 109.5446 46.0078 67.9986 5.9343 150.9438 116.1951 72.1504 57.1801 205.7886 21.1867 147.6087 116.9046 201.9045 66.1362 52.0767 4.2191 163.1219 245.2257 0.0000 29.6412 93.4525 112.5086 63.8588 92.5043 3.4171 62.3232 67.8893 161.1737 76.1603 211.0804 156.9395 37.4268 135.9708 173.3522 107.2449 152.7193 76.3693 49.9877 217.9176 149.7293 54.3177 94.7914 163.1595 42.7303 77.7289 73.9724 153.0796 90.5508 71.8597 61.6134
172.6723 162.2959 115.8407 107.6258 58.2539 201.0093 179.7056 153.0204 33.9491 91.8351 187.8629 99.7526 47.0165 216.3957 172.4631 80.8639 164.9392 35.3189 52.8116 165.6797 68.1983 87.2412 125.5811 144.1937 105.4826 51.1817 171.0704 110.2066 96.4501 151.6894 119.5691 55.3220 179.4553 141.8483 28.1335 165.7090 125.4829 143.1208 51.3126 157.2560 107.6522 116.2801 21.6552 214.2294 70.5578 74.4330 120.5412 47.7883 29.6412 0.0000 98.6798 89.6591 70.8002 19.3110 72.2908 112.5801 174.1870 104.9619 149.5798 61.1582 94.2311 59.5517 127.5857 135.7275 83.7387 20.2575 98.4651 105.7439 172.7947 34.2389 48.5171 2.2138 64.5050 10.6164 160.6627 103.5219 183.6108 117.4953 156.2572 135.9896
61.1272 183.9859 119.1428 40.7477 50.9588 77.3923 135.6663 120.3864 93.6118 210.1262 105.2620 153.4943 211.8198 85.8180 126.2548 76.3517 42.9088 15.4086 134.2305 17.6070 26.8710 7.0661 134.3212 157.9394 224.6159 152.8182 102.0743 127.9874 74.7178 114.3194 89.6026 100.0377 153.2054 140.9286 63.5999 191.7500 40.0824 23.8614 15.4800 182.5396 154.4106 125.8963 166.1278 129.7615 91.7913 169.4810 67.4181 145.4868 93.4525 98.6798 0.0000 144.2866 19.5978 13.7320 96.5357 27.5507 97.8359 4.7571 48.2766 27.0533 91.7298 114.5361 16.1132 161.0496 147.1920 68.1268 126.7756 23.0325 75.9570 156.9605 31.5653 46.5751 97.4254 44.5110 204.8511 128.5995 216.0289 49.7352 183.4500 111.7111
158.6784 177.2354 170.2618 38.4866 72.5464 188.9028 119.8528 100.0216 76.3444 266.0539 94.8709 74.1316 114.5795 43.4288 104.0212 39.7627 84.8589 55.0435 98.3671 150.0745 159.6133 6.6801 18.4240 159.0570 157.5445 144.9945 148.6808 79.9483 193.9503 110.8916 118.5372 194.4913 209.0948 207.9872 141.3209 108.3433 98.4472 30.8298 215.5209 163.3502 116.4117 40.5205 133.3148 68.1013 53.0095 65.7285 85.5090 129.4289 112.5086 89.6591 144.2866 0.0000 58.1834 140.2034 82.7835 140.1665 125.0535 85.5239 147.5702 115.4539 123.2633 163.4520 168.5094 150.7652 69.3487 152.9063 22.1517 9.7020 83.9031 81.4267 157.2580 119.9508 189.3034 15.3148 182.7570 5.9651 164.0019 81.2563 81.4614 67.6126
190.5368 116.1435 91.0245 194.4815 79.1662 11.8170 34.5917 160.8197 156.6771 161.5139 106.6108 112.1231 127.2065 213.7101 250.5102 192.5449 17.0653 37.5740 79.1646 135.2942 96.8228 120.4958 110.7141 139.9903 61.5487 193.8691 86.5719 123.2123 160.6531 218.7272 247.5411 176.5256 84.0238 78.0207 39.7658 114.3116 84.4610 178.7241 189.7065 63.9017 198.5386 20.1468 25.8388 108.0357 219.2726 145.3589 76.9578 141.0635 63.8588 70.8002 19.5978 58.1834 0.0000 56.3947 153.2748 57.3314 91.1331 120.7907 172.6492 90.9649 58.2669 89.1894 96.9918 107.5806 134.9354 139.7583 144.2752 99.6850 60.3968 158.0007 42.4200 142.3840 92.2767 24.1941 85.2105 11.3391 84.1592 23.7471 58.8065 113.6442
133.4175 66.6017 41.3411 58.0241 2.2977 135.7407 190.6431 96.6338 103.5320 166.0727 79.8637 135.7158 156.1695 60.7616 113.3083 199.0975 58.8453 12.8989 99.0106 141.8809 108.1824 68.3904 43.9031 67.4648 157.1343 197.6151 86.9442 114.1633 196.8800 144.2351 106.9194 96.9933 62.4172 112.1466 7.2578 117.0737 13.0575 26.9066 140.2249 122.2877 117.6607 87.3424 121.6154 23.7269 65.3523 183.7772 131.0338 71.0292 92.5043 19.3110 13.7320 140.2034 56.3947 0.0000 40.4528 156.8034 99.4887 106.2979 214.6953 134.8655 144.3761 130.7794 274.5849 141.5936 117.7481 89.7883 141.4577 151.1494 93.2089 107.3323 32.1000 67.8976 99.4736 103.9492 69.3541 36.4438 165.4337 123.6943 137.0789 139.8107
66.5555 67.2959 74.7616 130.8827 170.3545 91.8330 23.8935 54.7462 54.9107 41.4669 135.9392 165.9693 128.3692 43.1286 7.9507 54.9436 111.2505 47.4145 75.1436 150.9952 144.2961 169.8799 124.4995 92.1319 169.7007 139.5986 56.7628 129.9529 155.3769 197.4793 108.3560 59.0534 146.3353 38.4815 145.9839 115.6007 120.8692 85.6385 147.8540 144.9556 228.3006 55.5278 80.8706 57.1678 113.9009 70.8397 165.0586 62.8995 3.4171 72.2908 96.5357 82.7835 153.2748 40.4528 0.0000 67.7722 206.6760 205.6727 79.2720 69.6981 66.1948 130.1384 115.0835 167.7893 106.1594 128.6279 186.8870 128.6021 94.6884 41.3504 208.3931 147.6984 18.9226 6.7753 133.7109 51.1453 85.1856 183.3325 82.4175 103.9523
115.0560 161.0480 104.8498 44.3733 23.1876 71.5067 50.8508 27.2280 97.6167 53.2979 114.4115 134.6552 60.7966 67.4099 78.8047 103.5349 4.3944 129.5824 114.5560 150.8186 268.1392 131.4360 150.7596 112.6508 107.3524 31.9583 132.2434 205.3745 178.9099 99.2888 54.7351 139.6985 76.3957 163.2838 116.8866 137.7974 111.2723 118.8914 63.2283 102.5571 58.6610 130.3357 141.8578 75.4513 73.9352 193.5796 127.3523 150.5493 62.3232 112.5801 27.5507 140.1665 57.3314 156.8034 67.7722 0.0000 47.0046 40.7809 83.6773 114.1264 47.2250 153.1048 69.5340 176.4444 30.4140 65.0594 121.4825 119.0357 49.7723 53.2420 69.1493 108.7183 100.1603 109.4897 81.1895 117.3550 122.1411 130.3533 176.7186 14.6776
197.9266 140.2366 39.0974 34.3729 117.0402 84.4991 116.1051 133.8874 68.4387 162.0716 178.1372 58.1169 40.3092 133.8236 45.2506 176.7860 67.3843 92.8281 114.7170 133.5374 46.5805 88.7049 0.5126 119.7229 80.8024 75.8586 32.2783 138.6007 87.4422 94.3225 103.2571 142.2873 78.2999 74.7292 78.2963 261.4932 175.2232 73.6297 109.6562 144.5360 30.9479 3.7916 161.3302 120.6509 10.3122 96.1028 89.9180 34.6002 67.8893 174.1870 97.8359 125.0535 91.1331 99.4887 206.6760 47.0046 0.0000 1.5271 25.2128 124.9977 77.4193 157.4742 75.3228 104.0067 95.1231 39.1554 68.6676 103.0382 130.8448 214.4648 155.5398 185.0687 195.6470 52.6872 78.5874 153.6787 149.4771 123.6953 42.3075 138.4770
141.0667 41.2570 54.7607 90.3869 151.7361 104.9060 45.4873 74.8870 143.8521 82.8163 182.1845 211.3921 152.1918 80.3984 32.4198 91.5375 232.0510 84.8129 151.1530 143.5337 197.0006 111.7666 121.9141 187.6473 148.9795 63.4513 139.9269 60.8152 246.3525 138.1099 112.4478 133.2761 194.8087 69.6530 107.1624 52.2270 161.0467 66.6358 139.6488 130.2533 55.4345 30.7236 86.9639 111.7222 179.6437 36.3105 228.7315 135.7468 161.1737 104.9619 4.7571 85.5239 120.7907 106.2979 205.6727 40.7809 1.5271 0.0000 133.0361 77.7752 71.7337 95.1180 67.7329 97.2436 43.2974 17.5743 219.7028 68.7122 86.6612 56.9851 124.8454 50.9301 123.1534 169.3038 146.6408 64.2295 67.8337 136.4700 90.9343 46.2640
