80
0.0000 99.6701 99.0128 119.7988 96.4963 60.0292 190.2266 84.0663 20.4684 211.6987 25.5204 86.0257 77.4384 196.2862 191.7009 141.0140 101.0931 198.3274 77.9884 101.3545 131.3175 151.4094 13.3694 36.6324 251.5907 160.1382 106.3040 63.2761 42.0058 123.7178 36.1946 37.2155 55.9731 49.0785 123.3311 94.0163 87.3457 64.0875 84.7327 145.7098 119.1686 62.9416 80.1585 273.6396 114.1090 105.3635 15.0275 181.1487 237.0544 170.7610 20.3619 155.2685 71.0044 79.0072 49.7425 33.2516 110.3079 108.9094 53.8010 73.8225 65.4680 167.8524 187.0247 65.5455 10.0882 102.7522 65.5643 74.9720 27.0349 22.7261 57.4805 154.4327 37.6799 146.8622 122.8779 97.4289 101.8686 186.5861 171.2643 93.4570
99.6701 0.0000 26.3422 180.6919 100.6470 122.0312 78.4492 25.6192 52.6716 79.8738 51.4801 53.5919 159.9034 77.9619 203.2132 61.1163 128.6261 63.2545 125.5013 52.6135 100.7890 61.6284 53.7566 12.9350 147.9467 130.7711 198.6727 169.1370 91.1851 175.6808 115.8505 89.6352 108.9497 16.0562 77.9471 60.6645 105.8804 161.6670 114.1846 3.4016 142.9210 192.5242 82.5333 126.6048 92.5679 51.1650 129.6165 40.9199 40.6857 85.3548 52.8109 60.6777 30.9134 68.8236 75.2185 153.6118 72.4761 115.2387 73.9967 48.1878 4.7833 180.6995 186.9110 204.1800 92.4577 124.9170 60.5355 85.9645 156.5687 112.1224 22.2911 183.1224 117.6912 67.1620 133.2919 107.6707 143.1613 89.3301 98.3625 149.8677
99.0128 26.3422 0.0000 121.4134 72.6876 137.1111 123.0470 167.2962 185.5051 201.3436 223.2052 46.0469 81.3124 5.7273 65.4441 38.4420 118.3607 86.7298 192.4825 31.3614 172.8035 27.4774 28.5873 160.6896 139.9493 130.9395 102.5907 129.5277 213.3512 47.8880 27.2758 76.7015 135.0553 32.5111 50.4026 113.6556 92.0880 83.7595 63.4629 112.2236 146.8593 139.9791 98.0275 22.3486 45.1585 125.1624 25.9798 83.7922 155.3355 181.4039 51.2204 67.6989 85.5362 58.9233 140.5906 33.9583 30.3877 242.9192 11.9159 117.2534 65.5345 80.9850 64.4070 2.2751 79.6257 47.8956 165.1264 19.8745 149.5145 32.5223 241.8324 137.1849 181.4299 48.1421 19.4253 42.8893 87.1462 121.1813 66.8713 174.6589
119.7988 180.6919 121.4134 0.0000 114.2475 108.9610 38.3757 14.5573 75.2734 151.1196 129.7387 100.1788 64.4905 33.3788 200.7826 89.9658 82.1440 32.3657 119.4704 55.7378 38.0807 120.4153 209.5542 151.1353 166.2343 124.0623 106.7145 14.5866 144.9450 159.5508 70.4755 123.2303 109.3038 140.5494 141.9345 92.1136 126.1873 37.4739 125.6128 116.3625 98.4160 113.9159 40.4378 75.6162 37.3919 152.8134 149.3754 117.5328 133.4559 134.0237 88.0789 57.8920 165.0947 118.8337 21.7614 134.0295 19.8493 126.5491 113.0607 55.2685 9.1740 18.7718 61.1285 74.3951 154.9278 87.5510 75.0334 78.6472 106.4611 165.7851 111.0707 127.1071 90.4255 115.2750 176.0118 240.1105 134.1256 129.1947 68.8889 73.7543
96.4963 100.6470 72.6876 114.2475 0.0000 70.1916 134.9277 114.5830 15.8722 83.6227 112.9640 25.3024 59.9295 179.6149 58.2856 145.0205 162.3279 92.5212 169.6027 100.6542 65.0012 150.0912 141.3561 88.8419 222.9230 5.4834 14.6310 116.1619 132.4706 56.4910 95.4969 97.0884 146.9793 39.0163 125.7008 236.8802 151.6294 76.6132 75.0172 96.8596 28.8193 58.4609 13.4608 177.5024 95.9005 54.9346 163.9812 11.4515 134.5723 46.7663 62.7954 120.9563 66.9384 177.9830 116.1763 112.1986 142.9237 292.1394 121.3625 183.2156 36.8912 87.4495 87.3083 148.0742 56.6506 151.8171 95.4224 91.8858 183.6517 47.8360 159.4420 65.8087 250.8873 117.9273 84.5195 23.2246 18.2042 130.4244 43.0358 22.7692
60.0292 122.0312 137.1111 108.9610 70.1916 0.0000 88.7711 104.5693 30.5411 94.9999 77.1132 54.9459 57.4897 164.0241 107.1203 57.4662 70.9487 186.7225 93.6067 133.9007 14.2115 161.2995 23.9635 155.7194 164.0223 100.1429 156.2997 38.0624 5.3378 63.3941 114.8815 93.6876 63.8919 69.9409 139.5284 83.6669 63.9989 18.9712 99.9381 81.1700 73.5290 163.2600 94.4185 84.5633 60.4808 111.8542 34.1673 65.5637 75.0138 68.2058 34.5203 121.1588 96.7191 63.9082 31.0778 50.4272 116.9749 188.3554 152.8196 111.6667 80.9200 94.0269 79.8966 68.4067 21.1342 116.2924 50.8060 99.8444 55.2886 67.7205 76.5051 64.7040 59.0552 77.1522 80.7048 42.3822 68.5159 179.3463 14.7905 67.1388
190.2266 78.4492 123.0470 38.3757 134.9277 88.7711 0.0000 54.8903 69.4172 173.6004 84.2191 22.9993 100.5296 101.0969 190.2752 49.1038 33.2842 199.8424 53.7945 47.9507 34.5673 136.0118 43.4404 76.0895 142.4651 85.1733 136.8509 39.9878 143.3556 128.9604 171.6517 134.6586 200.5043 149.3291 86.2313 23.0004 205.2570 84.1009 76.1325 148.6473 201.0193 74.7601 1.6676 192.9846 204.1989 216.9908 200.7885 95.3305 110.5367 76.1171 136.7575 134.8527 116.5476 106.0473 130.7354 76.5220 98.2412 0.2377 137.0245 96.5291 100.8219 74.2750 41.0665 68.2876 122.8880 40.8890 88.4600 170.9904 65.2795 106.3165 125.4253 7.8503 144.0190 64.7676 128.5753 28.1915 136.6320 48.6831 191.8379 79.3859
84.0663 25.6192 167.2962 14.5573 114.5830 104.5693 54.8903 0.0000 86.8635 102.3846 144.3138 76.2815 83.3758 21.8330 115.1000 137.7047 78.5451 187.5688 210.0603 96.3578 73.9764 204.2484 92.2670 138.1981 202.9457 113.1604 140.5669 66.8393 131.2182 44.4069 134.9323 182.9398 66.1059 109.1773 120.2056 150.6063 158.4772 146.8923 112.9607 16.7292 114.8165 52.1572 51.5299 224.6598 154.6530 110.3310 79.3063 201.6223 142.0821 102.0576 39.4260 96.7935 163.1578 51.0961 82.3613 279.1674 133.1733 95.7873 76.3344 137.9132 37.0669 56.6504 99.8596 54.6336 171.0858 115.2962 87.5320 120.0169 69.4920 41.7119 118.9918 60.5234 89.5064 60.8065 76.8634 72.6834 44.3149 118.4720 106.5182 100.9724
20.4684 52.6716 185.5051 75.2734 15.8722 30.5411 69.4172 86.8635 0.0000 25.1041 15.5097 121.9125 89.2562 131.3040 142.6671 139.4792 57.8125 76.3253 105.8280 56.3236 34.5152 84.9667 151.1136 92.1820 83.5221 37.5049 139.4940 120.9020 118.7386 192.6266 162.7951 170.7259 26.9718 22.2606 89.3394 91.0788 203.9349 142.1858 65.8564 61.0713 37.8281 25.5892 58.4918 140.6955 74.3165 190.9249 81.7532 28.0591 136.2984 62.9000 33.6556 84.9743 52.7792 87.4397 62.0581 159.9825 161.1609 120.2970 140.6248 102.0242 135.7097 128.7484 97.8596 151.3261 20.3206 121.4534 171.1426 103.3831 88.0541 153.6028 109.5371 37.6433 134.7683 123.2779 105.8652 95.3483 91.7628 140.6436 48.7265 61.4075
211.6987 79.8738 201.3436 151.1196 83.6227 94.9999 173.6004 102.3846 25.1041 0.0000 178.0280 67.8091 107.3873 178.3076 47.5645 224.9911 93.4928 49.6147 160.9514 79.5137 55.4033 113.5580 149.3421 71.4863 15.7653 99.8031 21.7605 26.3288 207.1193 127.3503 151.1099 60.7323 130.9002 108.6132 162.4842 63.3209 125.6675 159.5567 114.9093 162.8072 142.8334 156.7987 40.7617 38.9313 156.2717 88.0967 223.4627 66.4884 69.6737 82.0759 43.9295 88.4725 184.9775 52.1529 108.7788 30.6696 161.5515 211.9636 110.2523 162.9837 194.2372 112.3352 92.6044 62.8671 203.0367 46.8554 104.0887 151.6287 146.8559 90.7679 78.4070 57.8647 61.9599 114.7905 158.4302 12.3742 106.8739 252.0352 137.3014 170.0753
25.5204 51.4801 223.2052 129.7387 112.9640 77.1132 84.2191 144.3138 15.5097 178.0280 0.0000 133.8638 89.8855 110.0309 9.8983 60.4790 124.4772 22.6373 48.9345 143.3219 55.2984 17.2424 56.0353 143.1741 61.0312 122.4209 133.8917 114.9744 88.3983 129.5259 61.3739 117.7311 148.8043 85.9109 42.7284 9.6056 151.7185 103.7931 174.3789 104.9852 160.5898 112.5552 95.4011 170.4532 99.4725 183.4145 158.3352 110.0238 119.6061 157.6312 31.3655 100.5170 101.1303 125.4098 65.2025 191.1047 116.6297 161.3631 125.7771 140.4406 68.8883 135.0434 44.8746 62.1611 160.3184 114.6023 123.6664 118.8454 236.4313 88.3015 50.9119 73.4279 127.0531 103.0350 140.9244 98.2880 108.7208 77.7285 103.0588 128.9819
86.0257 53.5919 46.0469 100.1788 25.3024 54.9459 22.9993 76.2815 121.9125 67.8091 133.8638 0.0000 90.1327 5.9249 103.7238 88.1612 90.2998 151.8444 89.4627 132.9677 52.6392 167.6446 187.3893 53.2848 60.8405 102.3969 117.8985 8.0149 11.0295 114.7793 130.4267 83.1808 90.8878 106.3168 56.4126 79.3801 126.0143 73.8019 103.6632 129.2837 151.8311 147.0140 139.7839 119.8707 119.8849 117.3929 160.7282 102.3422 95.1785 54.2563 148.1235 50.7892 16.0863 51.5631 131.4193 203.4148 122.5467 18.0333 64.3157 66.6173 42.5246 138.7830 134.6132 90.1999 118.1645 82.6743 120.4595 124.9147 55.1177 124.8608 194.0918 112.0435 78.1033 92.5801 90.0900 170.8975 50.5224 91.0280 120.6197 242.5325
77.4384 159.9034 81.3124 64.4905 59.9295 57.4897 100.5296 83.3758 89.2562 107.3873 89.8855 90.1327 0.0000 62.9202 236.0941 97.9839 137.3883 180.4224 99.0559 49.3925 27.1279 179.0710 3.9213 177.3115 51.4996 134.1876 55.5163 121.6836 24.6105 100.7570 64.7263 120.3394 37.3968 75.4476 109.2689 111.1736 153.8078 135.4332 55.2155 44.5574 158.9837 105.2879 32.8946 134.5007 82.3898 42.1292 79.0657 7.5914 111.2868 149.4627 170.5817 71.1716 113.8515 83.0753 12.2414 148.4208 160.4497 80.2924 86.3493 78.4045 34.8806 84.2625 154.2170 211.2944 60.0833 27.0223 66.8597 99.5107 88.2642 194.3462 23.8816 66.0192 108.4866 60.7699 60.1900 93.5749 203.1981 67.9762 164.0272 157.0234
196.2862 77.9619 5.7273 33.3788 179.6149 164.0241 101.0969 21.8330 131.3040 178.3076 110.0309 5.9249 62.9202 0.0000 189.0396 218.7333 36.9697 194.8324 86.2712 52.0043 125.1313 19.4931 209.7260 83.7695 74.1263 173.2639 244.6383 62.1043 135.3428 184.3677 178.7851 97.5300 120.1440 159.5375 68.0759 53.5146 62.4695 90.8858 58.1118 118.6663 82.6060 114.0764 116.1137 10.3575 103.0055 42.9227 67.5275 105.6723 22.7314 59.9222 153.2743 176.4723 114.8502 151.3270 110.0547 64.4235 137.1445 71.7032 96.2683 79.3928 8.4369 114.5251 40.3626 169.4095 75.6297 31.5297 233.2145 164.3566 147.5601 160.5791 162.7124 170.2107 87.4044 152.1179 103.2268 22.0860 59.4809 13.9702 92.6935 180.0291
191.7009 203.2132 65.4441 200.7826 58.2856 107.1203 190.2752 115.1000 142.6671 47.5645 9.8983 103.7238 236.0941 189.0396 0.0000 101.3849 113.1266 82.1203 66.3997 119.1330 88.2628 95.2666 110.5102 187.3881 52.7912 171.7931 106.4869 116.5982 73.1936 70.0203 111.1585 114.6924 174.4076 77.4512 134.6883 101.4055 70.7000 164.3384 60.0388 33.8739 161.8460 128.8617 113.3454 157.9636 108.6669 118.1801 183.7585 25.7253 180.4720 95.4061 120.0804 230.8255 294.7293 209.5245 123.4154 77.3606 100.3325 57.8700 115.9879 48.9347 84.7466 47.9415 132.5380 29.5984 189.2113 57.2076 80.9128 104.1003 103.3450 42.5945 76.7678 188.5209 91.7673 202.5505 75.4764 183.1405 159.1504 66.7024 37.9172 147.7970
141.0140 61.1163 38.4420 89.9658 145.0205 57.4662 49.1038 137.7047 139.4792 224.9911 60.4790 88.1612 97.9839 218.7333 101.3849 0.0000 75.6725 95.4971 139.2841 63.7879 154.5114 180.6563 76.0496 68.0360 163.5137 130.2060 106.7310 118.7138 19.2197 177.9385 90.6238 52.6154 69.6606 145.6988 103.7528 160.8539 124.6279 9.0245 72.6039 68.9568 40.4464 66.3662 114.4059 140.5299 65.2878 103.1639 161.6338 12.8128 113.9043 128.3492 113.1728 176.3151 110.5907 90.3369 8.0870 55.7363 39.2450 52.9023 203.4365 132.4752 101.3445 83.8596 124.4544 80.2263 75.5035 146.9422 145.7110 28.4770 62.9189 45.3919 72.4476 163.0562 47.6923 54.5335 231.4537 56.0388 73.1434 56.1562 156.7320 125.9660
101.0931 128.6261 118.3607 82.1440 162.3279 70.9487 33.2842 78.5451 57.8125 93.4928 124.4772 90.2998 137.3883 36.9697 113.1266 75.6725 0.0000 25.1379 29.4855 49.7125 115.7804 152.9390 74.9744 229.9520 188.8270 200.1034 23.8681 183.2987 84.6141 271.2550 67.1849 170.4373 122.2537 102.6693 226.9814 15.0193 139.7630 109.8418 104.9574 128.8076 5.2838 41.9675 123.9795 168.0698 135.5050 196.2374 150.5459 125.2126 135.0836 104.0948 63.9611 134.4600 2.7879 77.7647 216.2030 160.0471 92.8735 110.6829 124.1060 79.9215 87.3126 80.4831 114.6392 61.2906 71.6852 64.3913 82.4983 80.8642 114.5947 67.6328 77.1284 46.7581 94.0582 138.2333 175.2513 190.5838 74.6991 34.9134 164.1202 40.1976
198.3274 63.2545 86.7298 32.3657 92.5212 186.7225 199.8424 187.5688 76.3253 49.6147 22.6373 151.8444 180.4224 194.8324 82.1203 95.4971 25.1379 0.0000 210.6324 141.7035 176.5742 111.4498 75.5945 122.6175 6.8018 60.5649 37.5049 42.0527 110.6037 66.4943 46.8737 134.2255 113.1854 117.3985 18.0508 171.2548 151.7841 149.7007 130.7214 174.3491 67.2934 33.6500 103.9651 43.0299 68.4103 84.4250 135.3767 99.3779 194.1805 160.3936 49.4500 128.6054 128.0741 104.5752 231.1579 53.9796 99.7525 42.6943 49.4398 129.9662 12.1376 31.9477 35.6004 50.0186 161.1629 98.5427 118.4819 89.9587 64.4652 167.9584 124.1160 82.9346 113.4811 92.3591 118.9118 80.9648 45.1180 152.9161 29.0957 126.3569
77.9884 125.5013 192.4825 119.4704 169.6027 93.6067 53.7945 210.0603 105.8280 160.9514 48.9345 89.4627 99.0559 86.2712 66.3997 139.2841 29.4855 210.6324 0.0000 11.4851 119.4796 244.5030 160.5373 130.9563 103.7437 187.5533 128.4918 136.1857 65.8610 28.4512 1.3539 74.8268 82.1463 129.2417 106.5819 140.3587 96.3690 99.4121 75.1149 152.3521 115.8199 156.0392 176.1897 74.7887 38.0097 89.4570 120.1822 127.7699 41.1769 183.9862 93.7959 105.4900 154.6877 4.5662 88.3653 105.2843 163.2312 131.0275 90.0453 97.4570 176.6973 91.6909 97.5284 0.8002 112.5190 101.6205 161.1885 84.2204 134.8217 94.4214 34.0160 198.8734 159.4238 95.1943 130.4079 121.5095 78.0362 18.4624 108.8282 41.3320
101.3545 52.6135 31.3614 55.7378 100.6542 133.9007 47.9507 96.3578 56.3236 79.5137 143.3219 132.9677 49.3925 52.0043 119.1330 63.7879 49.7125 141.7035 11.4851 0.0000 110.2741 79.5033 92.7479 143.4430 128.3520 146.9192 57.2743 80.7706 57.4581 191.5793 53.1859 69.7831 147.5810 159.5932 45.9676 147.8051 123.2798 187.1829 54.5258 134.9952 97.7876 143.3134 126.5517 187.8548 79.3737 90.7848 4.4464 77.0120 84.2651 116.5385 57.6351 48.4276 92.4412 123.6281 111.7776 98.4495 116.0151 101.9149 135.5703 51.1352 3.5785 124.2099 53.9390 64.4211 96.9478 189.4772 232.7646 97.9760 95.3030 176.0928 85.5319 93.7182 115.7131 56.6436 140.4282 25.4003 157.4173 212.0809 42.9113 138.1685
131.3175 100.7890 172.8035 38.0807 65.0012 14.2115 34.5673 73.9764 34.5152 55.4033 55.2984 52.6392 27.1279 125.1313 88.2628 154.5114 115.7804 176.5742 119.4796 110.2741 0.0000 77.3084 45.8129 12.1996 32.2771 64.6919 116.5902 118.2386 54.3664 96.2329 71.6417 167.1069 88.6967 114.9695 178.3701 99.6106 47.7858 145.6188 137.4961 156.8511 171.4646 110.8406 185.4162 152.3088 186.1810 200.9231 119.4987 215.3454 101.1794 80.2672 207.4775 88.5066 76.0018 20.5068 97.8360 142.9705 51.7017 70.6229 191.8684 91.1699 151.9009 185.1551 257.2248 68.0189 120.1209 122.8883 120.8506 119.7488 47.7353 68.6912 168.5421 71.3954 175.2687 34.2388 117.9061 163.0621 178.2252 152.1114 110.2793 82.2924
151.4094 61.6284 27.4774 120.4153 150.0912 161.2995 136.0118 204.2484 84.9667 113.5580 17.2424 167.6446 179.0710 19.4931 95.2666 180.6563 152.9390 111.4498 244.5030 79.5033 77.3084 0.0000 57.4345 182.8057 95.3899 20.5756 48.4420 48.3224 27.5373 70.9192 70.9995 136.1579 111.5646 35.7044 70.8431 52.2215 148.9400 73.7019 215.8727 195.1383 114.2582 75.9294 122.1007 148.3743 77.6760 70.8276 30.7364 91.3580 37.4654 219.1622 82.3062 106.2973 110.5057 128.1456 155.6335 47.3776 122.9143 75.3407 65.4052 161.7232 74.3136 99.5709 162.7275 177.9118 108.8104 36.7640 29.4568 177.2463 47.2548 121.2247 109.0496 79.3929 138.4206 152.2612 125.5389 110.9321 86.2627 59.6840 148.6045 27.8549
13.3694 53.7566 28.5873 209.5542 141.3561 23.9635 43.4404 92.2670 151.1136 149.3421 56.0353 187.3893 3.9213 209.7260 110.5102 76.0496 74.9744 75.5945 160.5373 92.7479 45.8129 57.4345 0.0000 34.3372 90.6248 121.7214 74.7124 141.3457 170.7497 24.8182 14.2716 76.9446 66.9634 208.4186 113.9636 155.5862 213.5288 55.6963 194.8709 49.6805 37.4553 85.9457 186.7370 196.8469 49.7340 115.3932 68.5981 129.3710 117.6253 132.6075 31.4388 16.7465 83.6907 93.4368 8.1310 158.6745 235.3729 69.3049 154.3716 47.8918 113.9576 119.1703 100.0490 202.3393 136.6966 151.6821 195.0977 50.3663 146.0610 126.7948 74.8950 110.5864 88.1462 13.3547 52.6992 133.4502 125.7262 26.7436 70.9225 40.0291
36.6324 12.9350 160.6896 151.1353 88.8419 155.7194 76.0895 138.1981 92.1820 71.4863 143.1741 53.2848 177.3115 83.7695 187.3881 68.0360 229.9520 122.6175 130.9563 143.4430 12.1996 182.8057 34.3372 0.0000 164.5451 53.1822 35.3048 118.5819 163.3473 71.9328 156.3367 72.6247 120.4414 38.8704 234.1995 60.1282 108.8777 50.9972 8.7038 16.6556 121.2098 91.4012 153.2367 74.7753 100.2387 152.4240 17.1417 59.6539 2.6793 66.4142 28.7431 42.3350 127.7693 141.9410 80.9685 78.5615 105.1293 118.9205 203.4296 212.4199 38.9758 46.2155 23.0096 107.8185 93.9449 134.9658 169.2084 166.5892 66.2382 157.5257 87.9853 155.5178 142.7353 88.5421 22.2365 65.1563 41.8983 116.2900 72.4496 71.8195
251.5907 147.9467 139.9493 166.2343 222.9230 164.0223 142.4651 202.9457 83.5221 15.7653 61.0312 60.8405 51.4996 74.1263 52.7912 163.5137 188.8270 6.8018 103.7437 128.3520 32.2771 95.3899 90.6248 164.5451 0.0000 44.6309 169.9065 155.2734 73.8391 62.8475 35.5117 129.5150 43.3821 105.9096 80.3522 95.3085 75.3969 109.6197 198.4095 159.0864 8.9577 137.1384 48.1962 71.9911 167.3789 11.2943 157.2849 142.5289 105.1268 9.7134 135.3234 202.8255 160.3292 25.3611 155.8252 64.8288 137.6487 54.7774 166.1826 144.0484 57.1817 126.1892 195.9659 103.8507 74.3732 69.4921 79.9857 117.5915 147.8252 71.8054 125.0269 89.1952 100.8181 23.1654 189.9919 31.0801 146.8094 171.5607 39.8370 133.5431
160.1382 130.7711 130.9395 124.0623 5.4834 100.1429 85.1733 113.1604 37.5049 99.8031 122.4209 102.3969 134.1876 173.2639 171.7931 130.2060 200.1034 60.5649 187.5533 146.9192 64.6919 20.5756 121.7214 53.1822 44.6309 0.0000 39.2905 190.1809 166.5461 137.5362 161.7361 91.2651 131.5602 92.0954 177.0673 95.9884 124.4606 171.1016 112.2365 137.7755 3.9139 49.8866 61.8332 106.1405 45.4832 164.0837 223.7071 167.1062 206.6480 166.9574 123.0141 114.9240 84.1279 11.5092 128.0248 45.1431 58.7424 28.3676 149.8062 150.9069 206.0113 85.5631 14.7071 93.2602 106.6085 243.8203 135.9002 86.1728 72.9124 95.9520 215.4602 155.0421 109.6904 196.2987 70.6046 78.5378 71.9062 40.1524 64.5573 118.6507
106.3040 198.6727 102.5907 106.7145 14.6310 156.2997 136.8509 140.5669 139.4940 21.7605 133.8917 117.8985 55.5163 244.6383 106.4869 106.7310 23.8681 37.5049 128.4918 57.2743 116.5902 48.4420 74.7124 35.3048 169.9065 39.2905 0.0000 195.9636 109.0660 89.1460 119.4917 158.0778 140.7777 175.6505 127.2931 234.5296 65.8385 221.6873 68.1637 57.4817 98.8887 230.4147 28.3235 182.0836 75.2291 49.7739 37.2472 52.2597 137.2243 145.9586 25.2096 94.6220 96.5563 99.5148 78.2559 126.0576 134.8469 95.7853 93.5301 73.8593 167.8431 5.4586 60.0436 73.5781 128.0359 131.1103 90.3259 140.5663 65.1285 82.2760 238.7799 167.5685 56.6532 124.1686 111.9877 157.4953 110.7425 204.8155 49.8017 34.7263
63.2761 169.1370 129.5277 14.5866 116.1619 38.0624 39.9878 66.8393 120.9020 26.3288 114.9744 8.0149 121.6836 62.1043 116.5982 118.7138 183.2987 42.0527 136.1857 80.7706 118.2386 48.3224 141.3457 118.5819 155.2734 190.1809 195.9636 0.0000 102.0903 234.9883 108.1269 97.3574 104.0487 156.8374 165.1611 298.1014 1.1028 92.8026 200.2427 59.3125 135.3031 53.1005 129.4164 157.7212 65.4302 135.1425 71.7451 76.7940 114.4454 89.1163 53.5088 40.5373 197.9756 231.0003 156.7733 214.1311 39.6324 25.2215 218.9795 42.1066 230.7765 88.0299 175.1385 53.3965 157.7529 45.4710 107.8456 84.4096 171.1724 75.7911 52.9703 28.7351 186.5710 32.0084 69.8696 64.7309 150.9177 78.8311 92.5038 70.5419
42.0058 91.1851 213.3512 144.9450 132.4706 5.3378 143.3556 131.2182 118.7386 207.1193 88.3983 11.0295 24.6105 135.3428 73.1936 19.2197 84.6141 110.6037 65.8610 57.4581 54.3664 27.5373 170.7497 163.3473 73.8391 166.5461 109.0660 102.0903 0.0000 194.6545 153.1999 156.8452 83.0927 76.3046 185.5590 149.5665 93.4070 44.6674 72.8768 64.0736 23.6868 35.9266 100.7942 144.5849 94.4817 28.2677 147.8315 119.0326 41.8785 105.3123 124.6694 72.0122 115.3011 75.0531 213.9628 62.1368 78.1145 142.5998 55.7806 145.7812 151.2677 82.7435 5.6808 146.2625 68.5386 176.3704 93.7218 131.9981 172.8899 85.5538 129.2520 144.1486 68.9300 104.0644 57.5684 97.8797 171.7609 139.4785 133.7327 88.8267
123.7178 175.6808 47.8880 159.5508 56.4910 63.3941 128.9604 44.4069 192.6266 127.3503 129.5259 114.7793 100.7570 184.3677 70.0203 177.9385 271.2550 66.4943 28.4512 191.5793 96.2329 70.9192 24.8182 71.9328 62.8475 137.5362 89.1460 234.9883 194.6545 0.0000 92.1144 110.1179 62.1147 74.8191 60.3533 71.0019 41.4886 198.6335 40.4440 89.8054 180.0473 131.8507 110.1683 83.3524 100.8853 86.0834 66.8932 113.1568 87.4321 131.5830 76.8269 144.3829 90.3182 25.8142 124.8169 63.3824 97.7922 216.1089 187.5296 60.8058 112.9841 176.7476 54.4792 110.2819 74.8642 16.9184 157.4297 146.5761 111.1499 3.9088 34.9013 125.4452 46.5685 58.8314 66.9041 57.5822 100.1055 129.4644 91.9510 38.4281
36.1946 115.8505 27.2758 70.4755 95.4969 114.8815 171.6517 134.9323 162.7951 151.1099 61.3739 130.4267 64.7263 178.7851 111.1585 90.6238 67.1849 46.8737 1.3539 53.1859 71.6417 70.9995 14.2716 156.3367 35.5117 161.7361 119.4917 108.1269 153.1999 92.1144 0.0000 164.6286 163.4931 46.4683 4.9796 211.2834 148.6671 170.8063 133.4191 133.1365 200.9403 105.3121 92.9324 129.2877 43.3830 31.0612 151.5691 115.0620 76.9191 89.7058 129.7735 158.8693 192.9940 196.5039 117.5319 56.9356 80.9830 129.2480 101.0954 129.3300 245.4518 90.0611 153.8316 12.2118 114.6230 126.0147 39.1801 137.4470 160.2979 47.0287 165.2231 125.7641 89.0207 104.1329 68.5593 60.0586 90.6723 102.8479 35.9315 16.0032
37.2155 89.6352 76.7015 123.2303 97.0884 93.6876 134.6586 182.9398 170.7259 60.7323 117.7311 83.1808 120.3394 97.5300 114.6924 52.6154 170.4373 134.2255 74.8268 69.7831 167.1069 136.1579 76.9446 72.6247 129.5150 91.2651 158.0778 97.3574 156.8452 110.1179 164.6286 0.0000 115.8434 192.4085 113.4808 247.3027 101.4211 195.5834 34.6717 117.0796 103.9326 236.9939 127.9396 5.3349 121.8693 155.5578 80.0019 109.8305 105.8101 112.3064 157.9307 131.1746 220.0133 106.9884 82.0128 98.7595 133.8028 64.4391 210.4810 137.5146 115.7000 7.1922 20.3265 105.0695 29.1567 194.9137 111.6816 94.4513 84.4955 67.8176 50.8405 78.3578 117.0112 40.0591 115.5135 76.0986 155.6284 86.0016 45.2256 84.5454
55.9731 108.9497 135.0553 109.3038 146.9793 63.8919 200.5043 66.1059 26.9718 130.9002 148.8043 90.8878 37.3968 120.1440 174.4076 69.6606 122.2537 113.1854 82.1463 147.5810 88.6967 111.5646 66.9634 120.4414 43.3821 131.5602 140.7777 104.0487 83.0927 62.1147 163.4931 115.8434 0.0000 123.6292 144.0262 48.9438 116.9708 130.3267 151.4635 53.0762 86.4136 58.3915 65.4450 78.9834 91.6275 100.3919 127.8593 51.1032 28.7888 86.1275 52.5514 168.7637 85.9314 93.5700 154.7862 44.8028 68.8652 76.2760 97.9870 145.2990 68.4832 21.2756 109.3442 88.7575 159.4205 107.9882 183.5034 174.4458 33.3540 173.9457 54.4737 94.2869 89.7460 6.5165 44.1126 177.0166 120.3025 1.5736 110.5160 29.9418
49.0785 16.0562 32.5111 140.5494 39.0163 69.9409 149.3291 109.1773 22.2606 108.6132 85.9109 106.3168 75.4476 159.5375 77.4512 145.6988 102.6693 117.3985 129.2417 159.5932 114.9695 35.7044 208.4186 38.8704 105.9096 92.0954 175.6505 156.8374 76.3046 74.8191 46.4683 192.4085 123.6292 0.0000 3.3364 17.7100 116.0719 76.1794 153.5041 65.0679 107.5502 83.2566 203.3905 127.5019 83.3076 188.3237 110.8505 152.1992 138.7289 59.3521 137.4351 137.7070 95.0805 144.9607 107.8355 68.3755 150.3273 105.1273 185.1744 63.9249 83.4877 17.9971 176.7993 94.6071 165.1259 65.7144 138.5994 137.4745 106.9723 101.0300 22.5402 145.6545 132.8679 76.8326 52.5508 68.7703 68.8935 117.7739 134.0727 129.6942
123.3311 77.9471 50.4026 141.9345 125.7008 139.5284 86.2313 120.2056 89.3394 162.4842 42.7284 56.4126 109.2689 68.0759 134.6883 103.7528 226.9814 18.0508 106.5819 45.9676 178.3701 70.8431 113.9636 234.1995 80.3522 177.0673 127.2931 165.1611 185.5590 60.3533 4.9796 113.4808 144.0262 3.3364 0.0000 99.3426 168.3889 108.9126 125.3581 67.0171 134.2618 21.0896 157.6289 164.9448 162.9470 104.2573 95.6969 81.0577 141.7609 64.7206 232.4200 180.0019 102.5370 68.2287 75.2028 39.7714 110.7217 53.6669 89.0607 126.8348 100.0326 118.9061 52.5468 122.2551 110.4489 62.8426 158.0554 82.7449 63.8519 106.6727 116.2335 5.8621 135.7135 83.6847 24.0928 202.9437 58.8823 154.1542 116.6669 63.8696
94.0163 60.6645 113.6556 92.1136 236.8802 83.6669 23.0004 150.6063 91.0788 63.3209 9.6056 79.3801 111.1736 53.5146 101.4055 160.8539 15.0193 171.2548 140.3587 147.8051 99.6106 52.2215 155.5862 60.1282 95.3085 95.9884 234.5296 298.1014 149.5665 71.0019 211.2834 247.3027 48.9438 17.7100 99.3426 0.0000 115.2927 122.9715 111.8564 70.9591 38.7975 171.9018 128.5000 114.9121 61.1353 69.6403 95.9166 84.9728 140.3441 91.2199 51.8293 150.1617 20.8414 171.8568 142.9516 116.5891 125.3089 123.6491 112.2395 34.4605 41.1970 84.3081 33.4486 163.7329 114.2598 125.7932 54.2224 132.8378 200.3355 100.8961 54.5369 146.6317 164.4777 96.2727 151.2425 116.5213 90.9172 71.1639 101.9008 118.5813
87.3457 105.8804 92.0880 126.1873 151.6294 63.9989 205.2570 158.4772 203.9349 125.6675 151.7185 126.0143 153.8078 62.4695 70.7000 124.6279 139.7630 151.7841 96.3690 123.2798 47.7858 148.9400 213.5288 108.8777 75.3969 124.4606 65.8385 1.1028 93.4070 41.4886 148.6671 101.4211 116.9708 116.0719 168.3889 115.2927 0.0000 188.6092 153.0922 220.7268 116.4284 142.0854 102.2157 64.7704 85.9924 154.9874 118.6362 44.8151 75.6862 58.6206 120.1764 70.6356 119.7445 161.3713 212.1337 6.9875 137.6982 126.0518 179.5913 176.5507 151.2559 47.3533 97.4718 50.9461 44.8485 35.5142 185.9610 42.5278 71.0561 50.5891 168.9315 152.1441 171.4653 128.9213 88.8947 54.1576 76.9998 134.8941 72.1591 169.7519
64.0875 161.6670 83.7595 37.4739 76.6132 18.9712 84.1009 146.8923 142.1858 159.5567 103.7931 73.8019 135.4332 90.8858 164.3384 9.0245 109.8418 149.7007 99.4121 187.1829 145.6188 73.7019 55.6963 50.9972 109.6197 171.1016 221.6873 92.8026 44.6674 198.6335 170.8063 195.5834 130.3267 76.1794 108.9126 122.9715 188.6092 0.0000 42.5659 29.3278 91.2543 147.4127 84.6362 145.7179 216.1468 96.5298 97.1743 123.3291 6.1849 162.8198 149.5380 44.0759 126.8813 10.3838 127.0642 79.3984 74.9949 127.6799 130.4858 122.8106 27.1529 3.5514 90.6785 57.9153 208.8425 151.1699 183.7530 151.6532 78.8478 53.4219 72.2433 167.6394 78.6463 56.3376 111.4485 128.1901 87.3366 115.9390 68.5850 45.1458
84.7327 114.1846 63.4629 125.6128 75.0172 99.9381 76.1325 112.9607 65.8564 114.9093 174.3789 103.6632 55.2155 58.1118 60.0388 72.6039 104.9574 130.7214 75.1149 54.5258 137.4961 215.8727 194.8709 8.7038 198.4095 112.2365 68.1637 200.2427 72.8768 40.4440 133.4191 34.6717 151.4635 153.5041 125.3581 111.8564 153.0922 42.5659 0.0000 178.0828 106.3419 179.4747 188.6241 65.5824 104.4788 49.3971 191.2244 173.7622 98.5622 83.5241 73.7493 38.1901 107.8686 83.7245 81.4482 155.3345 88.2161 57.4148 171.8850 120.1193 208.9362 142.2562 102.6071 41.7443 209.8120 39.6086 142.8485 77.6369 166.5202 97.9863 38.8324 197.0185 109.1321 35.7935 70.1784 112.8875 93.9364 120.6304 5.4388 99.1492
145.7098 3.4016 112.2236 116.3625 96.8596 81.1700 148.6473 16.7292 61.0713 162.8072 104.9852 129.2837 44.5574 118.6663 33.8739 68.9568 128.8076 174.3491 152.3521 134.9952 156.8511 195.1383 49.6805 16.6556 159.0864 137.7755 57.4817 59.3125 64.0736 89.8054 133.1365 117.0796 53.0762 65.0679 67.0171 70.9591 220.7268 29.3278 178.0828 0.0000 178.3493 148.4004 131.4583 110.3835 40.3805 107.0883 102.5009 68.3077 33.7582 81.7749 45.2205 58.0358 122.3666 27.1511 85.9007 92.9990 139.1580 77.8880 46.8527 118.3286 281.6624 115.8842 223.5623 152.6249 67.9399 194.0686 91.3129 65.8208 78.2084 197.0404 116.0226 69.6412 25.3062 156.1612 128.8825 179.0952 121.6271 67.6080 107.9111 63.0332
119.1686 142.9210 146.8593 98.4160 28.8193 73.5290 201.0193 114.8165 37.8281 142.8334 160.5898 151.8311 158.9837 82.6060 161.8460 40.4464 5.2838 67.2934 115.8199 97.7876 171.4646 114.2582 37.4553 121.2098 8.9577 3.9139 98.8887 135.3031 23.6868 180.0473 200.9403 103.9326 86.4136 107.5502 134.2618 38.7975 116.4284 91.2543 106.3419 178.3493 0.0000 142.4773 193.2618 150.0762 81.2065 187.2737 48.3407 26.3451 112.4279 102.7969 130.4305 157.5715 49.8586 132.9291 81.2975 136.6284 195.5623 53.4877 92.8381 158.0323 84.8155 127.8152 24.2026 44.6635 149.3362 44.5903 162.3445 113.3598 252.7403 94.3243 35.5197 64.6070 73.6190 36.3397 2.9658 58.6001 129.7348 200.9919 142.0464 127.2579
62.9416 192.5242 139.9791 113.9159 58.4609 163.2600 74.7601 52.1572 25.5892 156.7987 112.5552 147.0140 105.2879 114.0764 128.8617 66.3662 41.9675 33.6500 156.0392 143.3134 110.8406 75.9294 85.9457 91.4012 137.1384 49.8866 230.4147 53.1005 35.9266 131.8507 105.3121 236.9939 58.3915 83.2566 21.0896 171.9018 142.0854 147.4127 179.4747 148.4004 142.4773 0.0000 128.8209 180.6929 4.6849 6.6725 138.6293 234.7958 15.7569 93.3726 44.3596 37.6082 64.4893 196.3998 154.0174 153.8222 107.2109 139.5728 108.5163 99.9626 180.6745 132.6493 37.7176 84.0331 79.9621 165.0392 98.5490 107.1482 169.3796 210.7172 59.2745 92.2754 205.9539 73.0792 120.9779 129.8182 66.2787 26.0539 7.4835 255.1450
80.1585 82.5333 98.0275 40.4378 13.4608 94.4185 1.6676 51.5299 58.4918 40.7617 95.4011 139.7839 32.8946 116.1137 113.3454 114.4059 123.9795 103.9651 176.1897 126.5517 185.4162 122.1007 186.7370 153.2367 48.1962 61.8332 28.3235 129.4164 100.7942 110.1683 92.9324 127.9396 65.4450 203.3905 157.6289 128.5000 102.2157 84.6362 188.6241 131.4583 193.2618 128.8209 0.0000 225.6786 109.7800 119.5280 198.9555 181.8874 203.3333 99.9978 55.8030 91.1814 164.0152 145.7270 1.6033 85.1184 103.8382 51.3507 185.8630 83.8208 194.2778 125.6791 39.8906 39.5152 97.3599 106.5303 124.0257 30.3125 13.7106 25.1187 124.7487 150.4296 91.4624 185.1670 48.8799 115.5741 167.1147 1.4378 20.0020 123.6523
273.6396 126.6048 22.3486 75.6162 177.5024 84.5633 192.9846 224.6598 140.6955 38.9313 170.4532 119.8707 134.5007 10.3575 157.9636 140.5299 168.0698 43.0299 74.7887 187.8548 152.3088 148.3743 196.8469 74.7753 71.9911 106.1405 182.0836 157.7212 144.5849 83.3524 129.2877 5.3349 78.9834 127.5019 164.9448 114.9121 64.7704 145.7179 65.5824 110.3835 150.0762 180.6929 225.6786 0.0000 15.4463 99.8525 145.3573 86.7185 174.7772 154.7563 230.1392 99.1042 38.5315 134.6197 46.2637 61.5071 27.2037 152.2146 51.9453 64.5737 101.6690 75.6914 41.9320 108.6903 190.8652 72.3864 30.1868 213.3094 68.6702 90.2746 118.1107 61.9024 34.6292 78.4050 170.9699 96.4608 29.3929 43.5251 159.1031 141.6041
114.1090 92.5679 45.1585 37.3919 95.9005 60.4808 204.1989 154.6530 74.3165 156.2717 99.4725 119.8849 82.3898 103.0055 108.6669 65.2878 135.5050 68.4103 38.0097 79.3737 186.1810 77.6760 49.7340 100.2387 167.3789 45.4832 75.2291 65.4302 94.4817 100.8853 43.3830 121.8693 91.6275 83.3076 162.9470 61.1353 85.9924 216.1468 104.4788 40.3805 81.2065 4.6849 109.7800 15.4463 0.0000 93.7068 120.9786 84.9166 127.6698 99.8845 112.4072 97.2738 69.5455 79.6597 154.8535 62.2809 159.5425 58.4551 101.1695 106.4788 149.8602 127.5410 110.6135 131.0409 146.5227 102.4421 90.5070 129.6994 103.5473 49.4406 81.7834 189.6608 113.1310 92.1083 8.5778 99.4576 139.8112 181.9953 47.4761 75.2302
105.3635 51.1650 125.1624 152.8134 54.9346 111.8542 216.9908 110.3310 190.9249 88.0967 183.4145 117.3929 42.1292 42.9227 118.1801 103.1639 196.2374 84.4250 89.4570 90.7848 200.9231 70.8276 115.3932 152.4240 11.2943 164.0837 49.7739 135.1425 28.2677 86.0834 31.0612 155.5578 100.3919 188.3237 104.2573 69.6403 154.9874 96.5298 49.3971 107.0883 187.2737 6.6725 119.5280 99.8525 93.7068 0.0000 183.5041 17.0702 189.0070 92.3099 160.6431 146.4680 59.8602 128.5601 161.9875 73.2130 41.5521 36.4471 68.8677 94.7072 125.3820 187.8612 96.6583 79.4326 73.2629 52.6297 117.6785 121.7758 3.4069 79.1717 157.6272 211.7487 117.9215 127.7407 50.4628 99.1719 102.7034 61.8688 168.4529 82.6518
15.0275 129.6165 25.9798 149.3754 163.9812 34.1673 200.7885 79.3063 81.7532 223.4627 158.3352 160.7282 79.0657 67.5275 183.7585 161.6338 150.5459 135.3767 120.1822 4.4464 119.4987 30.7364 68.5981 17.1417 157.2849 223.7071 37.2472 71.7451 147.8315 66.8932 151.5691 80.0019 127.8593 110.8505 95.6969 95.9166 118.6362 97.1743 191.2244 102.5009 48.3407 138.6293 198.9555 145.3573 120.9786 183.5041 0.0000 54.2073 165.6313 190.2307 150.7782 20.0799 28.8020 105.3607 174.3125 163.0216 96.3296 84.4456 41.0152 119.5058 174.7815 112.5092 68.1976 103.7631 68.1041 73.8187 134.6582 91.6080 185.6405 97.2415 207.0274 106.4617 130.7104 130.7450 31.2518 83.7581 52.7894 226.3597 202.4361 175.4740
181.1487 40.9199 83.7922 117.5328 11.4515 65.5637 95.3305 201.6223 28.0591 66.4884 110.0238 102.3422 7.5914 105.6723 25.7253 12.8128 125.2126 99.3779 127.7699 77.0120 215.3454 91.3580 129.3710 59.6539 142.5289 167.1062 52.2597 76.7940 119.0326 113.1568 115.0620 109.8305 51.1032 152.1992 81.0577 84.9728 44.8151 123.3291 173.7622 68.3077 26.3451 234.7958 181.8874 86.7185 84.9166 17.0702 54.2073 0.0000 115.1969 110.1827 188.1108 144.7608 194.4048 7.5157 111.9671 44.8335 189.0505 171.1297 73.9238 111.2421 193.7367 101.7942 161.5069 100.4899 57.1146 153.9481 1.2650 147.8245 61.4033 27.1586 62.7576 127.7263 66.6626 142.5716 43.6968 88.3582 42.6646 170.9336 92.1483 37.8714
237.0544 40.6857 155.3355 133.4559 134.5723 75.0138 110.5367 142.0821 136.2984 69.6737 119.6061 95.1785 111.2868 22.7314 180.4720 113.9043 135.0836 194.1805 41.1769 84.2651 101.1794 37.4654 117.6253 2.6793 105.1268 206.6480 137.2243 114.4454 41.8785 87.4321 76.9191 105.8101 28.7888 138.7289 141.7609 140.3441 75.6862 6.1849 98.5622 33.7582 112.4279 15.7569 203.3333 174.7772 127.6698 189.0070 165.6313 115.1969 0.0000 94.8829 46.5168 212.5592 23.4025 142.6173 146.4551 127.3987 137.8189 129.5940 34.6916 156.3734 107.7525 134.7733 143.7633 34.6815 93.3062 77.8486 192.2955 101.5779 82.0558 64.1133 32.4104 73.8037 143.8689 167.2400 106.3204 159.4050 140.4053 30.9704 32.4366 123.1141
170.7610 85.3548 181.4039 134.0237 46.7663 68.2058 76.1171 102.0576 62.9000 82.0759 157.6312 54.2563 149.4627 59.9222 95.4061 128.3492 104.0948 160.3936 183.9862 116.5385 80.2672 219.1622 132.6075 66.4142 9.7134 166.9574 145.9586 89.1163 105.3123 131.5830 89.7058 112.3064 86.1275 59.3521 64.7206 91.2199 58.6206 162.8198 83.5241 81.7749 102.7969 93.3726 99.9978 154.7563 99.8845 92.3099 190.2307 110.1827 94.8829 0.0000 79.8404 161.2911 151.2562 84.2236 160.5913 60.3497 63.4803 156.3460 85.9445 101.0991 76.4755 143.2338 17.7437 97.9887 194.9331 174.8846 181.1027 161.2723 59.2637 138.5653 131.3069 73.8526 137.2931 190.2494 134.4129 153.9343 73.1933 54.7607 77.3462 67.0915
20.3619 52.8109 51.2204 88.0789 62.7954 34.5203 136.7575 39.4260 33.6556 43.9295 31.3655 148.1235 170.5817 153.2743 120.0804 113.1728 63.9611 49.4500 93.7959 57.6351 207.4775 82.3062 31.4388 28.7431 135.3234 123.0141 25.2096 53.5088 124.6694 76.8269 129.7735 157.9307 52.5514 137.4351 232.4200 51.8293 120.1764 149.5380 73.7493 45.2205 130.4305 44.3596 55.8030 230.1392 112.4072 160.6431 150.7782 188.1108 46.5168 79.8404 0.0000 105.8099 84.0165 130.5519 131.8035 70.6339 111.0320 76.2512 187.6616 162.4063 138.0337 67.6399 176.5059 207.6539 136.7909 124.6153 137.2769 56.4546 56.2531 73.1488 101.8223 89.7230 51.9687 158.0784 101.5142 160.7937 136.9892 1.7637 36.9584 224.6610
155.2685 60.6777 67.6989 57.8920 120.9563 121.1588 134.8527 96.7935 84.9743 88.4725 100.5170 50.7892 71.1716 176.4723 230.8255 176.3151 134.4600 128.6054 105.4900 48.4276 88.5066 106.2973 16.7465 42.3350 202.8255 114.9240 94.6220 40.5373 72.0122 144.3829 158.8693 131.1746 168.7637 137.7070 180.0019 150.1617 70.6356 44.0759 38.1901 58.0358 157.5715 37.6082 91.1814 99.1042 97.2738 146.4680 20.0799 144.7608 212.5592 161.2911 105.8099 0.0000 106.0134 9.1242 228.0558 117.9504 61.0446 64.6218 129.9821 198.1329 94.0156 117.2858 122.2906 135.1084 148.5448 60.4419 106.4667 126.1636 110.0904 116.8968 110.8091 29.8555 83.9865 152.7089 116.9588 154.5648 142.2831 146.9694 73.9871 175.6149
71.0044 30.9134 85.5362 165.0947 66.9384 96.7191 116.5476 163.1578 52.7792 184.9775 101.1303 16.0863 113.8515 114.8502 294.7293 110.5907 2.7879 128.0741 154.6877 92.4412 76.0018 110.5057 83.6907 127.7693 160.3292 84.1279 96.5563 197.9756 115.3011 90.3182 192.9940 220.0133 85.9314 95.0805 102.5370 20.8414 119.7445 126.8813 107.8686 122.3666 49.8586 64.4893 164.0152 38.5315 69.5455 59.8602 28.8020 194.4048 23.4025 151.2562 84.0165 106.0134 0.0000 123.9238 110.1982 50.9506 121.2407 84.0356 86.5393 4.2769 144.7317 209.5358 75.8929 142.6104 117.1924 167.3421 94.3159 125.4184 139.2626 251.6987 32.1246 61.7831 177.2629 70.6194 53.6590 126.4230 3.1460 105.6169 120.1576 80.6843
79.0072 68.8236 58.9233 118.8337 177.9830 63.9082 106.0473 51.0961 87.4397 52.1529 125.4098 51.5631 83.0753 151.3270 209.5245 90.3369 77.7647 104.5752 4.5662 123.6281 20.5068 128.1456 93.4368 141.9410 25.3611 11.5092 99.5148 231.0003 75.0531 25.8142 196.5039 106.9884 93.5700 144.9607 68.2287 171.8568 161.3713 10.3838 83.7245 27.1511 132.9291 196.3998 145.7270 134.6197 79.6597 128.5601 105.3607 7.5157 142.6173 84.2236 130.5519 9.1242 123.9238 0.0000 287.9307 111.5258 111.5573 96.1482 74.4472 66.9495 47.9934 37.8002 85.1052 108.7753 85.8491 109.9764 85.7814 117.0901 132.3599 171.2522 164.1265 86.5562 158.9166 153.2061 183.6149 112.7220 78.8384 182.6939 55.2217 37.4077
49.7425 75.2185 140.5906 21.7614 116.1763 31.0778 130.7354 82.3613 62.0581 108.7788 65.2025 131.4193 12.2414 110.0547 123.4154 8.0870 216.2030 231.1579 88.3653 111.7776 97.8360 155.6335 8.1310 80.9685 155.8252 128.0248 78.2559 156.7733 213.9628 124.8169 117.5319 82.0128 154.7862 107.8355 75.2028 142.9516 212.1337 127.0642 81.4482 85.9007 81.2975 154.0174 1.6033 46.2637 154.8535 161.9875 174.3125 111.9671 146.4551 160.5913 131.8035 228.0558 110.1982 287.9307 0.0000 117.0972 26.6136 121.1820 67.1426 53.1523 116.1578 49.4875 201.4713 65.7988 108.4966 84.4172 107.3442 108.5732 138.1916 208.0934 247.7993 91.0422 199.1893 180.6086 115.0930 61.4931 133.1643 87.7126 88.5034 103.7853
33.2516 153.6118 33.9583 134.0295 112.1986 50.4272 76.5220 279.1674 159.9825 30.6696 191.1047 203.4148 148.4208 64.4235 77.3606 55.7363 160.0471 53.9796 105.2843 98.4495 142.9705 47.3776 158.6745 78.5615 64.8288 45.1431 126.0576 214.1311 62.1368 63.3824 56.9356 98.7595 44.8028 68.3755 39.7714 116.5891 6.9875 79.3984 155.3345 92.9990 136.6284 153.8222 85.1184 61.5071 62.2809 73.2130 163.0216 44.8335 127.3987 60.3497 70.6339 117.9504 50.9506 111.5258 117.0972 0.0000 48.2424 170.1062 43.9551 121.9196 89.7461 106.9634 138.8227 4.4435 18.9671 64.1767 32.4139 164.7954 142.0000 23.8901 135.0716 78.0288 175.1191 128.3278 73.3978 131.0505 175.9994 52.6965 80.1916 60.4864
110.3079 72.4761 30.3877 19.8493 142.9237 116.9749 98.2412 133.1733 161.1609 161.5515 116.6297 122.5467 160.4497 137.1445 100.3325 39.2450 92.8735 99.7525 163.2312 116.0151 51.7017 122.9143 235.3729 105.1293 137.6487 58.7424 134.8469 39.6324 78.1145 97.7922 80.9830 133.8028 68.8652 150.3273 110.7217 125.3089 137.6982 74.9949 88.2161 139.1580 195.5623 107.2109 103.8382 27.2037 159.5425 41.5521 96.3296 189.0505 137.8189 63.4803 111.0320 61.0446 121.2407 111.5573 26.6136 48.2424 0.0000 81.4605 218.2533 114.3170 182.7935 181.6635 73.8147 192.8312 112.9974 131.9105 83.8707 187.5651 72.6286 124.2282 45.1990 62.4015 118.5955 114.1277 92.8149 172.7315 155.8482 147.0261 185.0896 98.2280
108.9094 115.2387 242.9192 126.5491 292.1394 188.3554 0.2377 95.7873 120.2970 211.9636 161.3631 18.0333 80.2924 71.7032 57.8700 52.9023 110.6829 42.6943 131.0275 101.9149 70.6229 75.3407 69.3049 118.9205 54.7774 28.3676 95.7853 25.2215 142.5998 216.1089 129.2480 64.4391 76.2760 105.1273 53.6669 123.6491 126.0518 127.6799 57.4148 77.8880 53.4877 139.5728 51.3507 152.2146 58.4551 36.4471 84.4456 171.1297 129.5940 156.3460 76.2512 64.6218 84.0356 96.1482 121.1820 170.1062 81.4605 0.0000 159.0901 109.6524 19.6979 66.7441 181.1287 8.4558 126.8723 155.1992 91.9365 151.0714 49.4908 25.2338 132.0158 93.9266 90.5068 93.7104 29.8434 112.1885 74.2138 109.7889 157.9763 66.7275
