80
0.0000 42.2273 49.9268 122.6536 40.3682 172.3175 136.4532 145.9428 138.4319 86.6171 73.8087 84.5705 99.6160 153.3581 63.7217 88.2922 102.8894 221.8337 38.4037 19.0930 187.2334 118.9267 26.6120 183.5059 112.6881 157.3098 131.6434 48.1977 47.7309 178.8108 130.9810 95.1443 140.2060 107.0463 53.9340 137.1191 146.8717 90.4983 55.8781 43.6903 132.5004 33.9915 125.1468 131.2827 48.8944 159.9862 107.5969 68.8535 135.1018 122.0161 93.4547 151.5684 10.0684 102.3504 118.9367 154.7142 71.9222 91.8065 7.3590 93.4198 43.5625 91.1158 30.7958 66.6837 185.7518 171.8441 182.9966 84.3162 156.4886 122.0538 120.1421 82.3353 77.7034 114.8748 141.5285 27.9535 20.7464 14.4928 36.2026 127.1857
42.2273 0.0000 112.9467 177.3382 141.5256 113.9945 170.0423 86.3640 217.6134 66.5705 132.6447 69.4219 168.2402 194.0410 102.3214 109.3019 133.5727 70.1721 199.6137 72.7000 138.3836 159.8838 112.7472 127.6548 80.0559 116.4894 170.4893 9.5784 94.9460 192.6591 114.5697 158.9502 211.8384 22.6396 205.5751 101.9955 124.8822 130.8916 85.6691 219.0654 116.3006 215.4701 66.4269 35.6885 121.9566 130.9760 101.8115 99.1194 21.7373 46.7589 124.1951 110.8533 82.2711 65.8675 166.2415 84.9361 88.9763 189.0487 83.4437 213.2360 121.6294 222.8912 86.5399 13.5667 85.3769 112.1883 148.1098 204.3904 151.1092 109.4743 136.5656 52.0869 133.5023 108.4142 101.6155 128.0190 188.3243 92.4405 96.7223 115.9040
49.9268 112.9467 0.0000 41.6130 91.6445 185.5268 129.5822 93.8456 116.0056 177.0505 61.1234 26.4989 23.3592 29.7551 83.0646 25.3609 65.3835 68.9001 115.0347 110.5191 92.6912 162.9514 228.3749 121.2601 22.5364 105.1720 123.8245 6.5689 115.2908 155.3428 42.1396 11.9144 120.3640 184.5650 41.3945 144.0106 89.2329 111.9482 164.1828 31.2543 48.5505 58.1626 81.9722 113.4088 143.2950 164.0144 177.4685 55.5976 249.9669 13.6514 109.7532 87.7004 88.9889 182.8970 158.8889 126.2208 82.6794 156.3096 37.9798 115.9908 13.9736 96.5823 104.5394 97.7022 134.5428 137.3463 138.8492 13.0260 31.9789 190.5719 164.0854 102.1801 136.1216 71.5043 182.2359 175.8784 121.5834 98.0101 147.3657 49.2259
122.6536 177.3382 41.6130 0.0000 102.4916 55.4416 116.8247 191.0191 251.8054 95.4383 82.3267 101.2785 148.4951 72.3954 116.8381 171.8879 89.5433 123.0635 22.4132 113.2736 71.8261 127.1270 44.3164 30.4727 77.4140 9.9127 27.5396 207.1219 7.6502 204.9525 16.5677 136.7775 128.2265 106.1564 25.3098 94.9401 183.5659 87.0275 115.0097 31.1708 99.3602 97.2216 141.5820 69.2416 79.4326 20.3887 32.1230 86.4971 128.9158 74.4166 138.1352 85.3237 166.0371 160.8899 77.9766 109.0162 69.8325 84.1607 72.9827 99.5584 119.9266 166.5481 163.6699 67.5029 107.7553 77.5467 65.4242 7.4527 18.9770 193.6144 20.9718 110.9591 164.0785 131.1752 70.5555 69.6226 31.1144 17.7795 83.0750 118.2904
40.3682 141.5256 91.6445 102.4916 0.0000 64.7094 136.2040 69.8006 124.7873 120.2418 17.5687 118.4921 77.3965 115.1233 90.5076 178.4313 115.5339 66.0952 146.6904 126.1023 24.2566 146.4509 42.0627 227.5941 55.8576 121.2391 184.4492 130.4152 134.5229 112.8134 68.8618 114.0605 96.3923 80.6429 37.6918 103.2837 158.4316 63.6001 37.0994 183.2301 87.1694 42.3124 167.9130 139.0014 89.9127 14.9338 145.8040 86.1559 211.7273 96.7815 117.8458 89.9935 159.6162 110.5685 91.9421 177.6707 21.0801 63.3029 106.3923 79.0841 38.6279 17.2584 180.0885 1.6398 72.3501 151.0385 148.0428 147.2589 65.2287 106.6039 105.5066 20.2969 195.9274 205.3085 55.3419 35.0228 171.3990 38.4263 152.9699 191.3296
172.3175 113.9945 185.5268 55.4416 64.7094 0.0000 91.6858 110.1821 148.6040 140.0678 119.6495 147.6282 66.4872 17.3756 137.1891 144.7175 57.0102 56.4543 118.1123 55.5389 99.9439 14.7539 148.2217 8.0941 176.3356 168.1850 91.5255 144.2138 198.0017 114.9728 76.8309 113.8467 109.2714 123.9849 100.3997 86.5559 70.1613 106.6283 67.0702 54.4223 122.2170 48.6193 109.0956 105.9091 123.2782 121.6302 186.5470 78.6987 146.9159 50.6047 120.7912 141.9618 31.1686 33.1318 81.1407 101.0225 148.9053 20.9162 137.5474 29.5379 87.2439 109.3443 177.5942 83.5365 23.6755 42.0772 164.3617 140.0389 133.0225 51.0693 93.8871 65.2787 109.3942 74.3923 125.6725 140.2363 90.7150 133.4989 35.0603 185.7840
136.4532 170.0423 129.5822 116.8247 136.2040 91.6858 0.0000 99.8282 121.9496 62.3033 168.1788 111.0757 49.2366 106.8948 31.3140 77.3906 84.9430 195.5660 172.3284 139.1315 5.5663 42.9920 87.8431 150.7860 137.1893 77.2130 117.2126 61.2186 159.7552 30.7611 254.7834 30.0830 26.8499 127.1021 63.2392 143.6642 126.9064 89.2709 81.7713 13.6954 225.9298 71.8552 177.4116 196.2974 43.6140 160.1215 183.1624 126.3761 34.1325 130.9061 193.2928 184.9882 98.2996 102.0931 157.1441 82.2362 201.8503 130.3769 85.6508 15.4377 40.1724 95.5164 125.4425 94.5807 147.1497 3.0034 93.6513 93.4935 47.0755 154.3053 191.3186 114.4800 44.0325 3.9292 124.8827 146.0613 9.8750 176.6691 39.4613 182.8827
145.9428 86.3640 93.8456 191.0191 69.8006 110.1821 99.8282 0.0000 131.4558 48.3458 128.8713 184.6156 94.7686 88.1929 125.3347 61.2742 78.6467 94.6990 98.6148 69.2281 86.1108 92.9216 37.3383 50.8967 84.9017 140.0039 108.7779 157.9265 31.9745 130.9431 42.5402 80.2809 148.6889 105.4152 163.5563 75.3334 139.5392 55.4356 216.8432 126.7684 32.3069 58.5623 127.7562 163.4809 111.8284 31.3162 33.1150 129.9702 64.9606 105.2015 165.6024 174.8887 9.4632 135.8435 50.5352 136.8541 146.3404 109.9318 51.4733 44.3335 203.9247 204.7713 172.8771 63.2951 154.9765 181.5551 7.6063 60.0240 158.1260 153.1992 116.1434 23.0157 142.0436 68.1522 195.0187 68.4615 133.5424 128.0285 86.5639 145.9436
138.4319 217.6134 116.0056 251.8054 124.7873 148.6040 121.9496 131.4558 0.0000 145.1091 112.9469 57.4038 137.1886 87.8067 139.2107 161.0025 88.1460 62.1333 95.0480 125.1028 191.3994 170.0802 79.7732 126.1465 177.6178 138.9985 31.5765 106.5743 25.7624 81.5179 37.8999 163.3840 46.5663 85.5300 75.1326 7.9921 133.4964 215.4255 137.6959 33.0543 115.1214 124.0482 90.0066 202.2133 232.6723 135.5639 27.8118 148.7426 172.5299 128.7649 67.1575 99.8259 70.1349 72.5647 90.8978 121.0313 161.8262 112.5746 56.1424 151.3014 40.6325 81.3735 124.3647 56.1552 118.4928 128.1743 132.4123 188.5576 114.3870 56.4803 125.1399 119.2294 34.1461 115.0815 32.0780 132.4379 100.8435 105.8498 113.9997 22.2589
86.6171 66.5705 177.0505 95.4383 120.2418 140.0678 62.3033 48.3458 145.1091 0.0000 71.8179 101.5001 99.6339 133.0127 103.0058 61.2927 143.8227 94.9252 141.9025 104.2250 138.1430 104.2653 40.8513 67.3483 94.9710 92.5226 31.2414 177.1478 114.5698 69.6377 22.8637 137.4130 127.6790 100.8128 194.4477 31.5313 84.2350 110.6043 25.6970 109.8260 44.3485 11.3898 148.0851 152.1349 125.3892 54.1190 30.2479 87.2194 45.9564 186.6017 109.5406 79.4949 154.0662 190.7895 70.5010 42.8330 79.3449 42.3596 90.9494 68.8016 41.7176 147.1665 192.5715 43.3973 76.7482 161.7033 202.2992 123.3403 86.4705 155.7932 84.6112 99.0172 62.4887 132.7215 140.0886 137.8051 17.5635 88.4428 117.1732 115.7718
73.8087 132.6447 61.1234 82.3267 17.5687 119.6495 168.1788 128.8713 112.9469 71.8179 0.0000 168.2884 74.7773 200.0720 61.6013 163.3342 123.8358 90.0611 133.0789 188.4548 163.8890 46.5867 135.1786 41.6997 112.3927 61.8096 69.7318 159.9862 143.7027 172.8381 144.1214 123.1275 84.9739 126.8833 32.5816 72.2817 128.3635 85.1975 159.8290 67.6907 11.7759 105.7306 48.3519 117.8100 133.5666 100.9697 107.6121 162.2314 90.5890 152.0045 56.6580 61.3005 217.8270 261.5950 89.9404 143.4705 55.4476 49.3704 60.6989 97.5680 65.0590 145.3101 74.1524 140.3752 199.2451 43.2067 63.8743 162.4622 102.4597 102.1175 31.1885 104.8999 81.4647 91.0098 7.8465 189.8532 69.1701 106.7549 134.3195 41.9092
84.5705 69.4219 26.4989 101.2785 118.4921 147.6282 111.0757 184.6156 57.4038 101.5001 168.2884 0.0000 142.1937 159.4582 56.2637 64.5970 35.2141 9.2204 191.3344 141.8308 93.8333 69.1810 216.7471 10.1472 67.9974 113.2969 32.2466 107.0389 88.5753 87.5869 159.7041 140.9441 6.1004 175.4631 88.8556 151.8282 125.6398 133.4040 140.0510 118.3905 71.9093 134.2110 192.0815 96.3349 55.0877 112.8375 127.3425 72.6912 202.3603 88.4804 139.2530 130.6227 39.6049 78.1115 101.7852 91.6129 99.2891 116.8008 109.8752 73.3402 164.1543 192.1958 48.1736 61.9497 132.3926 150.1293 71.4855 140.6264 98.5028 54.7576 135.5717 72.6148 244.2090 16.1290 83.0115 205.1497 98.1885 178.8240 162.5995 115.5819
99.6160 168.2402 23.3592 148.4951 77.3965 66.4872 49.2366 94.7686 137.1886 99.6339 74.7773 142.1937 0.0000 84.5894 165.3319 130.1899 44.6091 178.2077 102.2982 114.2537 22.0605 15.4679 58.8954 224.8013 98.5776 232.2811 193.5621 89.9563 76.1519 75.9973 0.4035 125.9571 54.5602 67.9680 205.5512 7.7823 117.7733 94.0417 72.7101 121.6413 71.4217 178.9355 154.3075 91.3575 254.5961 94.9440 78.4064 113.7858 101.0134 95.1973 156.3761 124.8573 126.5216 72.7216 43.4917 61.8164 31.8202 162.1187 109.2437 114.5981 122.8266 127.7753 60.2901 125.5537 123.4715 160.9006 75.5285 50.1321 109.4786 69.4658 44.7973 132.3930 97.3730 127.5887 93.0359 222.6262 242.7769 110.3571 186.5572 204.3237
153.3581 194.0410 29.7551 72.3954 115.1233 17.3756 106.8948 88.1929 87.8067 133.0127 200.0720 159.4582 84.5894 0.0000 4.1315 15.8090 192.0427 151.0928 76.1086 25.3204 121.7201 74.3866 71.2375 145.9164 144.0669 155.5193 162.0397 148.7853 35.6349 53.5326 106.6086 14.6947 116.9665 115.0779 131.8164 111.7686 149.7915 67.1231 86.1462 246.3403 121.0529 107.7512 139.0537 203.4160 245.4764 163.0303 35.8243 102.6493 185.5167 122.9952 46.3097 52.9268 60.7991 63.0510 52.2276 15.2125 125.7763 163.7009 182.2103 104.4492 61.5624 82.6462 139.3449 48.1829 121.9353 109.1667 48.9577 198.5262 91.6021 105.0342 1.1143 43.2274 191.3760 100.6338 105.7955 127.1576 133.0848 140.8895 192.4153 136.0256
63.7217 102.3214 83.0646 116.8381 90.5076 137.1891 31.3140 125.3347 139.2107 103.0058 61.6013 56.2637 165.3319 4.1315 0.0000 147.7957 184.7815 155.9977 124.6899 46.9678 24.7092 141.1305 15.4483 26.8467 69.8046 108.6021 38.1793 182.7841 154.3012 110.1839 200.3149 83.9240 83.9588 118.3913 127.9568 142.4537 144.4569 33.6566 140.8246 135.0749 173.5136 217.8395 121.2530 119.9929 108.3554 53.1709 193.6292 76.8312 163.0141 92.9538 44.2495 185.8150 76.0668 77.3650 84.4534 41.0013 126.0842 156.2688 56.3550 76.0753 22.8684 132.9648 155.9462 136.8519 90.0770 46.1143 60.1542 64.2384 98.2202 191.7143 133.4387 56.6174 103.7910 101.7891 31.8438 110.4084 99.3075 271.7737 56.4393 105.8622
88.2922 109.3019 25.3609 171.8879 178.4313 144.7175 77.3906 61.2742 161.0025 61.2927 163.3342 64.5970 130.1899 15.8090 147.7957 0.0000 88.6382 33.0872 67.0618 141.4597 173.4203 204.8545 41.0021 21.3776 109.4902 117.2017 43.2101 130.1795 229.1793 121.4831 154.5193 147.2979 74.2215 157.5423 103.3030 47.1463 92.0962 125.7053 139.0978 156.1043 187.7272 60.4209 209.9221 97.3202 34.0834 73.9663 132.9008 192.9899 126.9013 33.6626 205.3446 30.0758 52.2826 74.5747 128.7724 104.8544 168.2543 111.0270 47.4992 151.6216 168.3379 108.2785 74.1576 173.3186 243.1171 108.1866 235.1805 198.0678 106.3633 126.0508 36.8220 61.7151 147.1866 33.7455 29.8947 7.5863 93.5600 160.5299 134.5152 105.5187
102.8894 133.5727 65.3835 89.5433 115.5339 57.0102 84.9430 78.6467 88.1460 143.8227 123.8358 35.2141 44.6091 192.0427 184.7815 88.6382 0.0000 201.3648 56.5865 45.8261 147.4644 72.3042 141.5224 109.2092 173.5338 217.1941 140.0480 97.0545 51.4249 134.1192 84.0931 16.8954 11.2908 113.4412 76.2043 135.1290 80.1362 12.6825 70.4014 43.8619 115.0296 169.3288 95.4217 25.3309 65.4508 99.1021 131.3739 67.8954 214.1842 1.7204 78.9478 88.8762 122.0407 218.8866 94.9495 124.8045 69.6561 170.8407 78.4138 145.7665 146.4908 145.8421 153.9899 106.7575 140.2142 50.0079 87.7101 55.7935 83.2193 205.3085 26.2797 21.9857 75.0456 145.4284 115.1962 68.0661 179.6613 154.1242 69.9780 16.2535
221.8337 70.1721 68.9001 123.0635 66.0952 56.4543 195.5660 94.6990 62.1333 94.9252 90.0611 9.2204 178.2077 151.0928 155.9977 33.0872 201.3648 0.0000 84.8075 91.9510 60.8755 47.3685 48.4682 133.4875 50.3153 84.5409 136.5247 167.1989 88.9028 133.5250 44.8422 85.2942 35.7533 9.4868 92.9613 129.4923 101.2939 44.5478 34.1434 126.2535 147.6101 167.5746 168.7129 272.9935 121.7649 125.5480 159.5718 96.9389 126.4495 103.7592 117.8187 70.6533 50.2788 169.0374 176.9032 53.6803 112.7091 156.1257 109.9755 121.2138 122.4743 95.8771 144.5138 84.5417 60.2872 131.2367 73.0028 83.3834 16.4706 76.1808 159.9439 88.0329 36.5569 61.1005 144.1043 121.1421 120.6277 70.8942 98.3603 150.4493
38.4037 199.6137 115.0347 22.4132 146.6904 118.1123 172.3284 98.6148 95.0480 141.9025 133.0789 191.3344 102.2982 76.1086 124.6899 67.0618 56.5865 84.8075 0.0000 63.7614 102.9113 30.3665 91.1407 59.9072 26.0498 75.5402 99.3667 142.5988 41.2458 33.9396 57.1579 101.9096 92.6661 53.4022 179.9076 65.6374 133.2490 151.9846 15.2153 142.8110 197.2435 141.0674 36.8148 98.8511 209.4358 54.9645 124.4469 91.4978 174.3174 184.1052 64.6008 65.6580 63.5070 87.9083 49.6496 84.5679 127.5870 31.2016 81.4644 91.5239 58.6949 110.4219 158.9333 110.9338 31.1106 150.6056 93.2237 144.0191 35.2235 77.1596 161.5658 155.5490 115.7615 76.8337 144.7825 104.8191 153.3396 77.0989 177.9935 86.4001
19.0930 72.7000 110.5191 113.2736 126.1023 55.5389 139.1315 69.2281 125.1028 104.2250 188.4548 141.8308 114.2537 25.3204 46.9678 141.4597 45.8261 91.9510 63.7614 0.0000 203.9438 79.0442 36.0358 137.8718 48.7355 229.4295 57.2559 119.7500 93.8048 42.7244 96.9391 135.3908 183.8156 168.7059 52.8429 26.3875 49.0450 162.0861 212.1381 124.3227 45.4631 153.9148 157.0691 125.1146 129.9191 131.4177 108.3841 71.7236 58.1228 143.8347 187.8278 11.1215 59.7129 63.7554 46.5068 100.0257 152.8411 77.3376 123.4826 45.3607 61.8762 16.0847 18.5246 182.9163 153.4322 62.4645 60.9918 131.7334 116.5796 40.2990 169.9122 72.2667 113.5941 173.4551 162.5078 49.4522 134.2983 82.1045 114.2571 76.4298
187.2334 138.3836 92.6912 71.8261 24.2566 99.9439 5.5663 86.1108 191.3994 138.1430 163.8890 93.8333 22.0605 121.7201 24.7092 173.4203 147.4644 60.8755 102.9113 203.9438 0.0000 132.8778 85.3165 102.2961 180.2892 87.6026 48.5769 153.4919 116.4425 65.9564 85.1251 84.4183 201.5462 74.5047 76.6753 115.9183 131.3596 93.2296 91.1500 110.5581 215.2740 87.5571 60.3978 52.9777 221.2767 144.3241 38.4495 29.2291 129.2123 74.0812 70.4241 19.7733 47.1996 121.9444 93.6084 154.4473 237.1139 73.4952 103.3387 120.5206 87.3620 220.0908 18.5117 175.3158 90.5371 117.3427 144.5516 33.0238 156.1336 87.1109 124.2871 118.0542 36.8828 127.9962 15.9231 179.6145 79.7381 177.6068 53.3684 186.8346
118.9267 159.8838 162.9514 127.1270 146.4509 14.7539 42.9920 92.9216 170.0802 104.2653 46.5867 69.1810 15.4679 74.3866 141.1305 204.8545 72.3042 47.3685 30.3665 79.0442 132.8778 0.0000 33.8767 145.4134 16.3264 106.4394 50.7839 35.7530 49.3631 137.4070 123.6689 61.6901 27.2149 90.9068 39.8539 152.6305 3.0471 77.8232 170.3272 107.3218 134.6363 108.9244 108.1630 48.6111 144.1745 154.5686 95.1073 183.1713 50.9372 65.8326 182.4378 219.6400 58.9122 196.8703 143.6907 184.9928 172.5622 160.6905 123.0234 84.0604 73.4776 76.1762 51.1745 98.2199 180.2170 85.6706 136.0087 61.8262 174.6264 119.2918 91.4859 29.2801 70.5701 206.5912 69.4009 9.0162 35.1871 152.5710 21.6811 68.8281
26.6120 112.7472 228.3749 44.3164 42.0627 148.2217 87.8431 37.3383 79.7732 40.8513 135.1786 216.7471 58.8954 71.2375 15.4483 41.0021 141.5224 48.4682 91.1407 36.0358 85.3165 33.8767 0.0000 65.6311 77.0726 96.8223 130.8621 77.4076 60.0531 15.8881 65.8181 19.3329 127.3403 90.8100 57.3196 1.9178 53.1240 88.7502 34.8907 65.7467 145.0909 43.9132 147.8631 115.9532 159.7468 235.3248 202.9865 185.3163 210.6708 118.3882 120.2230 52.9418 139.5236 62.7126 127.9732 146.3326 118.1549 22.4048 84.9476 189.9124 161.2696 162.9658 4.4790 103.2147 103.0155 61.9063 58.6083 44.2022 81.0868 127.6977 63.0447 281.4531 52.2871 64.3795 54.8644 218.3982 87.2151 83.2142 121.6657 89.6564
183.5059 127.6548 121.2601 30.4727 227.5941 8.0941 150.7860 50.8967 126.1465 67.3483 41.6997 10.1472 224.8013 145.9164 26.8467 21.3776 109.2092 133.4875 59.9072 137.8718 102.2961 145.4134 65.6311 0.0000 103.6315 93.3611 56.9458 140.2781 161.9637 152.2628 96.4183 55.3698 52.4834 131.1915 107.2476 168.8374 236.3371 67.3253 143.8113 71.0926 13.5233 121.0968 50.0505 119.9463 91.3440 87.7262 177.8667 60.2022 36.6001 137.1982 119.2351 6.2194 3.5449 130.5771 132.1359 138.3311 91.1167 66.2045 160.1680 179.2600 92.0229 139.6816 80.9815 141.7818 111.7985 144.1533 91.2306 32.5536 21.7052 42.9066 112.7115 38.3097 111.0951 88.2903 169.6673 70.2162 57.8996 109.7496 116.5293 163.3058
112.6881 80.0559 22.5364 77.4140 55.8576 176.3356 137.1893 84.9017 177.6178 94.9710 112.3927 67.9974 98.5776 144.0669 69.8046 109.4902 173.5338 50.3153 26.0498 48.7355 180.2892 16.3264 77.0726 103.6315 0.0000 139.7473 84.2337 72.7971 51.5844 47.8595 149.1638 114.0298 28.7877 69.7072 102.1038 83.3861 62.6793 99.4810 11.3792 151.3230 130.4135 89.1194 12.0840 6.2122 94.0014 21.6472 41.4017 61.5843 78.8532 139.0442 72.0162 125.8502 220.0377 116.2444 120.2838 83.9551 115.3482 65.9590 77.7471 133.3423 55.9174 61.1285 128.9957 100.9578 72.0133 135.2196 147.8379 72.3356 97.6387 178.6182 109.5589 111.9724 101.7908 72.7260 173.5572 134.1194 58.6817 71.5337 160.3409 31.3046
157.3098 116.4894 105.1720 9.9127 121.2391 168.1850 77.2130 140.0039 138.9985 92.5226 61.8096 113.2969 232.2811 155.5193 108.6021 117.2017 217.1941 84.5409 75.5402 229.4295 87.6026 106.4394 96.8223 93.3611 139.7473 0.0000 109.7351 53.5612 118.1347 115.5794 166.1581 235.7595 83.0966 36.4688 2.6998 151.8719 104.8614 140.5262 223.3716 111.0450 92.1005 131.9555 83.9651 22.1459 85.6114 51.5728 31.2361 46.6458 29.6360 113.3138 157.1900 71.5075 96.3797 106.7558 254.1191 157.4096 61.5539 79.5966 52.5918 114.4483 61.7400 136.8097 78.7701 145.2927 104.8763 144.5762 4.3164 18.9848 2.5021 96.6855 130.1805 47.6976 191.5540 126.9614 93.8712 73.6586 138.4712 135.8158 10.9433 3.9385
131.6434 170.4893 123.8245 27.5396 184.4492 91.5255 117.2126 108.7779 31.5765 31.2414 69.7318 32.2466 193.5621 162.0397 38.1793 43.2101 140.0480 136.5247 99.3667 57.2559 48.5769 50.7839 130.8621 56.9458 84.2337 109.7351 0.0000 48.2612 100.2979 204.7946 134.3864 143.2207 22.1167 85.6043 200.9400 91.9283 93.6521 31.8258 107.0847 158.8802 19.9615 12.6823 56.9951 170.2910 86.0586 68.5310 169.3450 97.8162 102.9393 82.0195 98.7369 150.6513 181.8412 62.9386 215.4154 80.7089 55.3198 58.8858 67.7552 37.7755 76.0592 114.5758 92.1919 79.7261 66.5617 149.2978 141.9332 188.2699 91.4609 66.0664 163.1822 78.0982 86.9500 120.5618 94.4710 27.5141 81.5324 75.9139 31.4734 84.9204
48.1977 9.5784 6.5689 207.1219 130.4152 144.2138 61.2186 157.9265 106.5743 177.1478 159.9862 107.0389 89.9563 148.7853 182.7841 130.1795 97.0545 167.1989 142.5988 119.7500 153.4919 35.7530 77.4076 140.2781 72.7971 53.5612 48.2612 0.0000 75.1922 125.5182 148.8737 103.5287 57.0206 51.2002 92.6252 105.1432 74.2440 167.6879 56.1158 127.2669 70.5070 91.6733 56.1871 187.0716 84.3049 67.5001 120.3246 114.0151 163.5198 134.0874 143.0830 102.5065 146.6423 186.1799 129.3243 24.2715 114.8206 154.9699 191.0307 49.9744 104.6154 164.6919 63.5695 159.0932 130.8976 217.9983 55.0251 142.5519 203.5303 204.7999 61.1979 200.7794 92.9985 142.8065 205.3946 177.4791 167.1442 19.6416 71.5148 90.6547
47.7309 94.9460 115.2908 7.6502 134.5229 198.0017 159.7552 31.9745 25.7624 114.5698 143.7027 88.5753 76.1519 35.6349 154.3012 229.1793 51.4249 88.9028 41.2458 93.8048 116.4425 49.3631 60.0531 161.9637 51.5844 118.1347 100.2979 75.1922 0.0000 154.0573 81.4117 104.9213 181.5227 104.2033 98.3958 71.9301 109.0898 58.0458 224.3252 71.9354 89.7044 43.4908 73.7480 6.9732 117.0123 73.9656 15.2839 19.9246 161.9394 199.1658 22.9349 35.9689 17.2436 156.0240 66.7410 151.3263 28.8895 161.1336 52.8307 47.4958 143.7444 83.7666 84.1857 304.3262 155.8524 15.5498 171.9399 121.2891 109.2052 113.6320 90.6471 132.1130 20.1032 105.7296 174.2011 244.3226 122.5185 66.5323 38.5090 63.2472
178.8108 192.6591 155.3428 204.9525 112.8134 114.9728 30.7611 130.9431 81.5179 69.6377 172.8381 87.5869 75.9973 53.5326 110.1839 121.4831 134.1192 133.5250 33.9396 42.7244 65.9564 137.4070 15.8881 152.2628 47.8595 115.5794 204.7946 125.5182 154.0573 0.0000 95.7399 193.0762 125.5932 146.7021 139.8279 75.4948 134.2388 87.2420 119.4139 93.5399 89.0752 43.4780 159.3110 94.8554 44.9322 41.5014 169.5098 44.4624 79.2502 41.1529 127.2102 54.4527 90.4882 65.7902 27.5584 153.0341 141.2445 45.6103 21.0430 48.0697 141.2716 76.5811 99.4830 101.9671 215.8151 173.5143 100.3718 194.2805 157.8874 228.9868 120.6382 188.7713 196.2495 137.6086 49.8224 51.3764 126.5620 48.7629 147.8783 19.3706
130.9810 114.5697 42.1396 16.5677 68.8618 76.8309 254.7834 42.5402 37.8999 22.8637 144.1214 159.7041 0.4035 106.6086 200.3149 154.5193 84.0931 44.8422 57.1579 96.9391 85.1251 123.6689 65.8181 96.4183 149.1638 166.1581 134.3864 148.8737 81.4117 95.7399 0.0000 126.4427 101.2856 40.6857 94.5037 157.6294 124.3045 24.1898 47.2863 65.6714 223.5401 163.1285 111.9392 190.1159 65.3047 228.0146 58.7963 80.1272 61.3076 42.2246 131.9423 178.2701 248.4941 58.5197 100.6146 70.4756 138.4245 69.7325 225.3165 188.3202 85.4562 152.7161 163.6149 17.5249 69.9671 184.8951 181.4712 93.5179 101.1515 102.7781 146.4542 123.5188 145.8002 147.6227 70.3790 38.2025 180.0952 104.1542 26.3710 178.2857
95.1443 158.9502 11.9144 136.7775 114.0605 113.8467 30.0830 80.2809 163.3840 137.4130 123.1275 140.9441 125.9571 14.6947 83.9240 147.2979 16.8954 85.2942 101.9096 135.3908 84.4183 61.6901 19.3329 55.3698 114.0298 235.7595 143.2207 103.5287 104.9213 193.0762 126.4427 0.0000 156.4155 100.5012 17.5584 119.2709 99.2026 173.1096 19.5883 73.6060 83.7811 142.9108 109.1464 45.3919 171.6868 29.0455 165.5256 151.7615 188.8036 137.8766 73.5413 125.2511 106.5223 78.3045 75.6069 72.1317 113.7998 136.1576 18.8174 84.7623 153.0465 165.0135 74.1154 109.9940 93.7156 79.6168 87.3217 68.1874 38.2278 44.1387 65.5682 85.1974 10.9435 90.1217 168.6991 116.8406 152.9379 26.6453 52.0584 25.0178
140.2060 211.8384 120.3640 128.2265 96.3923 109.2714 26.8499 148.6889 46.5663 127.6790 84.9739 6.1004 54.5602 116.9665 83.9588 74.2215 11.2908 35.7533 92.6661 183.8156 201.5462 27.2149 127.3403 52.4834 28.7877 83.0966 22.1167 57.0206 181.5227 125.5932 101.2856 156.4155 0.0000 121.5846 136.3926 146.2402 25.6270 47.1492 109.0700 29.4734 155.9092 43.3481 9.5619 30.9386 162.8772 186.9782 65.2500 145.6469 191.5895 97.2373 50.7845 76.8897 199.7382 66.4802 52.1196 91.0658 153.2916 75.0894 170.5488 192.9374 101.3526 126.2553 94.9615 134.5906 37.0674 96.1945 71.1085 73.8774 100.7110 144.6212 146.8413 116.1840 86.0602 34.4642 122.6457 79.1083 39.9668 160.6139 110.2279 144.7008
107.0463 22.6396 184.5650 106.1564 80.6429 123.9849 127.1021 105.4152 85.5300 100.8128 126.8833 175.4631 67.9680 115.0779 118.3913 157.5423 113.4412 9.4868 53.4022 168.7059 74.5047 90.9068 90.8100 131.1915 69.7072 36.4688 85.6043 51.2002 104.2033 146.7021 40.6857 100.5012 121.5846 0.0000 63.0876 127.8005 74.2104 113.8704 42.9324 108.0038 33.1996 55.3475 155.3911 47.5553 70.5594 128.3950 56.5953 166.2293 130.9617 64.7349 148.0809 148.0559 53.3251 78.8772 11.1120 137.0816 120.5000 44.6395 143.8138 154.1091 123.8726 34.4203 259.5982 191.9703 101.8373 181.2372 148.4936 63.6264 99.1749 157.0539 202.9328 211.6174 81.5691 138.0631 80.0650 108.2918 186.8468 172.4739 96.8146 5.6150
53.9340 205.5751 41.3945 25.3098 37.6918 100.3997 63.2392 163.5563 75.1326 194.4477 32.5816 88.8556 205.5512 131.8164 127.9568 103.3030 76.2043 92.9613 179.9076 52.8429 76.6753 39.8539 57.3196 107.2476 102.1038 2.6998 200.9400 92.6252 98.3958 139.8279 94.5037 17.5584 136.3926 63.0876 0.0000 152.0338 85.7770 147.7427 93.8295 179.2385 56.8946 44.6027 47.8427 58.8961 125.1851 120.5111 81.5336 107.6257 158.8141 165.3255 142.5322 89.6976 218.9961 91.6862 127.2140 55.6522 9.5534 80.4763 201.0017 119.3443 15.7954 112.2752 162.6973 139.2949 82.7533 48.1264 74.6241 99.1347 110.0854 120.3197 23.5058 44.7658 50.9159 3.0318 133.5400 121.1875 60.1431 168.8700 207.0142 100.4691
137.1191 101.9955 144.0106 94.9401 103.2837 86.5559 143.6642 75.3334 7.9921 31.5313 72.2817 151.8282 7.7823 111.7686 142.4537 47.1463 135.1290 129.4923 65.6374 26.3875 115.9183 152.6305 1.9178 168.8374 83.3861 151.8719 91.9283 105.1432 71.9301 75.4948 157.6294 119.2709 146.2402 127.8005 152.0338 0.0000 64.8175 84.1998 42.0173 116.2220 148.7562 133.4595 72.2382 94.0388 57.7068 128.0361 90.3719 145.8977 145.9216 137.8871 159.1309 98.1071 163.1570 60.4666 85.2874 103.7835 59.0060 48.7503 97.2626 115.8127 107.0058 129.4911 161.2082 31.4133 50.1653 110.9518 55.8561 63.1425 56.0648 55.6039 177.2114 82.3963 122.5108 36.9324 70.8821 116.7554 197.8199 89.5321 123.3575 202.2719
146.8717 124.8822 89.2329 183.5659 158.4316 70.1613 126.9064 139.5392 133.4964 84.2350 128.3635 125.6398 117.7733 149.7915 144.4569 92.0962 80.1362 101.2939 133.2490 49.0450 131.3596 3.0471 53.1240 236.3371 62.6793 104.8614 93.6521 74.2440 109.0898 134.2388 124.3045 99.2026 25.6270 74.2104 85.7770 64.8175 0.0000 184.6886 87.7738 142.2391 66.1666 86.4692 214.8598 83.2471 46.7087 91.4805 157.2250 67.2945 133.2082 116.3569 138.2018 2.1590 16.5940 18.5723 99.6460 50.5434 86.7671 106.5043 72.5302 194.0043 133.1220 154.0018 197.1217 198.2324 126.6305 159.4958 125.1696 28.0450 140.3901 43.7661 59.4977 119.9542 75.7956 20.1301 201.8329 52.0521 121.2336 145.8100 104.0789 77.6523
90.4983 130.8916 111.9482 87.0275 63.6001 106.6283 89.2709 55.4356 215.4255 110.6043 85.1975 133.4040 94.0417 67.1231 33.6566 125.7053 12.6825 44.5478 151.9846 162.0861 93.2296 77.8232 88.7502 67.3253 99.4810 140.5262 31.8258 167.6879 58.0458 87.2420 24.1898 173.1096 47.1492 113.8704 147.7427 84.1998 184.6886 0.0000 6.7400 39.7564 32.7246 88.0255 134.8669 88.7635 116.1671 132.5407 105.6624 143.5737 61.9864 209.8225 69.6629 151.6179 26.2914 107.7047 95.9717 44.7317 108.8529 148.5823 173.2019 179.9127 183.7503 212.5510 147.5443 135.0512 41.8299 166.8594 39.7442 67.5333 55.6556 53.6290 61.9499 100.1233 50.2994 127.3884 56.8203 166.7353 41.6551 165.4065 126.8526 165.2255
55.8781 85.6691 164.1828 115.0097 37.0994 67.0702 81.7713 216.8432 137.6959 25.6970 159.8290 140.0510 72.7101 86.1462 140.8246 139.0978 70.4014 34.1434 15.2153 212.1381 91.1500 170.3272 34.8907 143.8113 11.3792 223.3716 107.0847 56.1158 224.3252 119.4139 47.2863 19.5883 109.0700 42.9324 93.8295 42.0173 87.7738 6.7400 0.0000 82.1343 138.8927 92.3338 175.7484 154.3664 28.9443 133.2903 41.2491 36.6464 170.2841 72.1424 238.0557 130.8399 143.5471 69.4087 111.8450 137.1049 44.3019 80.3526 69.9312 40.9733 203.0359 25.6084 110.2577 58.6262 118.7433 144.8991 56.8753 114.2967 69.2650 97.3821 66.4669 57.0163 66.9204 71.1442 78.2192 164.8051 135.0142 137.4210 190.4350 168.5495
43.6903 219.0654 31.2543 31.1708 183.2301 54.4223 13.6954 126.7684 33.0543 109.8260 67.6907 118.3905 121.6413 246.3403 135.0749 156.1043 43.8619 126.2535 142.8110 124.3227 110.5581 107.3218 65.7467 71.0926 151.3230 111.0450 158.8802 127.2669 71.9354 93.5399 65.6714 73.6060 29.4734 108.0038 179.2385 116.2220 142.2391 39.7564 82.1343 0.0000 78.9294 93.7108 63.2487 170.2354 133.2617 142.2652 145.8746 122.5648 114.2435 188.2172 145.3425 89.9513 134.6441 19.3051 144.8312 88.5232 83.8948 113.9105 195.6010 71.9572 155.8675 96.3775 128.6386 143.6532 85.1586 46.2442 56.2431 122.5849 190.3543 142.7964 81.6688 89.5244 194.0133 101.9577 104.4319 165.4538 142.1452 155.4544 90.9910 156.7886
132.5004 116.3006 48.5505 99.3602 87.1694 122.2170 225.9298 32.3069 115.1214 44.3485 11.7759 71.9093 71.4217 121.0529 173.5136 187.7272 115.0296 147.6101 197.2435 45.4631 215.2740 134.6363 145.0909 13.5233 130.4135 92.1005 19.9615 70.5070 89.7044 89.0752 223.5401 83.7811 155.9092 33.1996 56.8946 148.7562 66.1666 32.7246 138.8927 78.9294 0.0000 94.5501 83.1472 83.5398 49.2320 165.5260 211.5996 113.6116 107.6914 291.1576 96.0566 202.5316 80.2376 174.6978 32.4300 112.0239 58.7550 178.8418 62.0084 197.6466 74.5495 195.2808 53.1954 138.6437 34.1708 103.9913 105.5516 37.1745 70.4361 31.6320 153.8891 6.7998 24.5865 54.1932 132.8939 44.0131 138.6220 133.4885 43.4295 122.7837
33.9915 215.4701 58.1626 97.2216 42.3124 48.6193 71.8552 58.5623 124.0482 11.3898 105.7306 134.2110 178.9355 107.7512 217.8395 60.4209 169.3288 167.5746 141.0674 153.9148 87.5571 108.9244 43.9132 121.0968 89.1194 131.9555 12.6823 91.6733 43.4908 43.4780 163.1285 142.9108 43.3481 55.3475 44.6027 133.4595 86.4692 88.0255 92.3338 93.7108 94.5501 0.0000 150.0403 185.1251 90.8899 142.9787 133.6114 118.7236 78.4155 75.8978 88.6819 88.2701 53.7651 175.4945 125.7569 129.1589 125.0086 56.1493 132.2039 9.0979 71.5201 187.1384 127.9032 117.7844 59.4304 40.8254 226.6530 107.7145 123.9724 101.4243 71.1431 175.0644 159.4963 139.0959 132.1682 56.6954 24.7196 81.3429 72.9013 6.8003
125.1468 66.4269 81.9722 141.5820 167.9130 109.0956 177.4116 127.7562 90.0066 148.0851 48.3519 192.0815 154.3075 139.0537 121.2530 209.9221 95.4217 168.7129 36.8148 157.0691 60.3978 108.1630 147.8631 50.0505 12.0840 83.9651 56.9951 56.1871 73.7480 159.3110 111.9392 109.1464 9.5619 155.3911 47.8427 72.2382 214.8598 134.8669 175.7484 63.2487 83.1472 150.0403 0.0000 147.6165 161.3738 110.1106 72.1255 96.7549 26.9971 192.1323 106.2325 172.1399 225.2291 75.5705 115.4789 166.1854 91.3039 134.5599 83.5986 136.4335 81.2219 40.8903 129.5058 70.2572 132.0936 107.3168 147.5766 94.4882 8.5716 120.3877 114.0163 126.7921 107.3769 258.3575 15.0454 134.1532 16.5284 32.5442 144.1781 90.0213
131.2827 35.6885 113.4088 69.2416 139.0014 105.9091 196.2974 163.4809 202.2133 152.1349 117.8100 96.3349 91.3575 203.4160 119.9929 97.3202 25.3309 272.9935 98.8511 125.1146 52.9777 48.6111 115.9532 119.9463 6.2122 22.1459 170.2910 187.0716 6.9732 94.8554 190.1159 45.3919 30.9386 47.5553 58.8961 94.0388 83.2471 88.7635 154.3664 170.2354 83.5398 185.1251 147.6165 0.0000 190.9362 136.9743 138.0697 93.5374 97.1814 68.4125 133.5269 69.6557 38.2322 73.5895 116.1305 47.1579 38.6556 108.1556 131.4300 92.9497 68.3857 75.7382 121.6108 81.8143 79.0502 62.0932 122.0603 99.3999 215.6407 102.2163 45.0704 35.6570 87.7642 199.3337 29.6789 59.0746 167.9368 165.1544 83.2772 86.5981
48.8944 121.9566 143.2950 79.4326 89.9127 123.2782 43.6140 111.8284 232.6723 125.3892 133.5666 55.0877 254.5961 245.4764 108.3554 34.0834 65.4508 121.7649 209.4358 129.9191 221.2767 144.1745 159.7468 91.3440 94.0014 85.6114 86.0586 84.3049 117.0123 44.9322 65.3047 171.6868 162.8772 70.5594 125.1851 57.7068 46.7087 116.1671 28.9443 133.2617 49.2320 90.8899 161.3738 190.9362 0.0000 168.9070 182.7791 185.3374 96.0984 86.3507 55.5785 2.2733 87.9375 109.7409 14.1373 167.6214 67.5787 78.2479 130.9146 191.0523 102.6023 64.8652 147.0336 116.0097 32.6753 170.1982 115.6877 90.9108 139.3885 68.4009 83.9841 18.8214 110.9780 94.8939 203.7887 94.1652 21.3725 24.1012 102.0960 8.9744
159.9862 130.9760 164.0144 20.3887 14.9338 121.6302 160.1215 31.3162 135.5639 54.1190 100.9697 112.8375 94.9440 163.0303 53.1709 73.9663 99.1021 125.5480 54.9645 131.4177 144.3241 154.5686 235.3248 87.7262 21.6472 51.5728 68.5310 67.5001 73.9656 41.5014 228.0146 29.0455 186.9782 128.3950 120.5111 128.0361 91.4805 132.5407 133.2903 142.2652 165.5260 142.9787 110.1106 136.9743 168.9070 0.0000 141.4266 121.2791 168.8160 158.8770 56.3049 81.1559 38.8748 127.5331 125.2102 88.5161 77.4784 125.1183 84.6536 49.0892 94.6913 15.9739 68.9686 100.7090 69.9380 32.0177 95.9215 23.6774 144.6460 124.5524 73.8834 89.5752 80.2302 116.9822 119.7328 65.3222 46.9709 77.6945 44.2083 122.8772
107.5969 101.8115 177.4685 32.1230 145.8040 186.5470 183.1624 33.1150 27.8118 30.2479 107.6121 127.3425 78.4064 35.8243 193.6292 132.9008 131.3739 159.5718 124.4469 108.3841 38.4495 95.1073 202.9865 177.8667 41.4017 31.2361 169.3450 120.3246 15.2839 169.5098 58.7963 165.5256 65.2500 56.5953 81.5336 90.3719 157.2250 105.6624 41.2491 145.8746 211.5996 133.6114 72.1255 138.0697 182.7791 141.4266 0.0000 96.3522 116.4767 1.9239 32.6410 180.5834 57.4846 103.2586 96.6178 269.3116 68.5559 92.0622 155.5647 64.5125 21.8031 168.5015 112.5189 49.1008 61.6758 134.5827 135.8074 91.0869 147.5009 132.1182 50.8205 167.3765 64.4843 195.1199 125.0461 58.3628 100.4919 233.6240 159.1493 165.4618
68.8535 99.1194 55.5976 86.4971 86.1559 78.6987 126.3761 129.9702 148.7426 87.2194 162.2314 72.6912 113.7858 102.6493 76.8312 192.9899 67.8954 96.9389 91.4978 71.7236 29.2291 183.1713 185.3163 60.2022 61.5843 46.6458 97.8162 114.0151 19.9246 44.4624 80.1272 151.7615 145.6469 166.2293 107.6257 145.8977 67.2945 143.5737 36.6464 122.5648 113.6116 118.7236 96.7549 93.5374 185.3374 121.2791 96.3522 0.0000 117.4903 174.8143 117.2756 101.1988 122.4213 165.9527 14.3491 155.6409 108.6763 87.6524 35.1137 123.1803 191.8646 73.1109 90.3682 84.7924 73.4094 101.7768 62.2585 115.5647 86.8584 89.2008 126.0003 48.7242 60.9622 252.1769 129.5560 121.1656 271.4784 50.7812 151.2933 94.4041
135.1018 21.7373 249.9669 128.9158 211.7273 146.9159 34.1325 64.9606 172.5299 45.9564 90.5890 202.3603 101.0134 185.5167 163.0141 126.9013 214.1842 126.4495 174.3174 58.1228 129.2123 50.9372 210.6708 36.6001 78.8532 29.6360 102.9393 163.5198 161.9394 79.2502 61.3076 188.8036 191.5895 130.9617 158.8141 145.9216 133.2082 61.9864 170.2841 114.2435 107.6914 78.4155 26.9971 97.1814 96.0984 168.8160 116.4767 117.4903 0.0000 57.5021 149.9273 66.1023 63.2989 48.4340 69.4036 70.1969 164.3372 51.3934 141.7108 120.7453 138.8682 196.4153 61.6481 111.6854 59.9225 41.6801 194.1777 54.7019 124.9423 155.5341 73.4599 106.7253 94.4918 115.8450 139.2131 5.2647 95.7828 206.3537 133.9275 150.5483
122.0161 46.7589 13.6514 74.4166 96.7815 50.6047 130.9061 105.2015 128.7649 186.6017 152.0045 88.4804 95.1973 122.9952 92.9538 33.6626 1.7204 103.7592 184.1052 143.8347 74.0812 65.8326 118.3882 137.1982 139.0442 113.3138 82.0195 134.0874 199.1658 41.1529 42.2246 137.8766 97.2373 64.7349 165.3255 137.8871 116.3569 209.8225 72.1424 188.2172 291.1576 75.8978 192.1323 68.4125 86.3507 158.8770 1.9239 174.8143 57.5021 0.0000 99.4312 0.7295 151.6229 56.4367 142.4739 27.1167 107.3865 132.0024 65.5577 112.5102 117.6816 95.1588 160.9168 97.8856 213.7146 224.7628 156.5365 103.1806 94.9794 119.8661 112.5538 11.5649 112.0744 47.0305 105.2908 226.2415 138.3369 55.2675 84.3853 52.0289
93.4547 124.1951 109.7532 138.1352 117.8458 120.7912 193.2928 165.6024 67.1575 109.5406 56.6580 139.2530 156.3761 46.3097 44.2495 205.3446 78.9478 117.8187 64.6008 187.8278 70.4241 182.4378 120.2230 119.2351 72.0162 157.1900 98.7369 143.0830 22.9349 127.2102 131.9423 73.5413 50.7845 148.0809 142.5322 159.1309 138.2018 69.6629 238.0557 145.3425 96.0566 88.6819 106.2325 133.5269 55.5785 56.3049 32.6410 117.2756 149.9273 99.4312 0.0000 117.6660 185.0348 107.7271 186.9045 119.4654 98.9750 172.3365 83.2173 144.0319 68.5210 104.3593 151.6090 180.5931 89.1402 55.2645 107.5648 139.4717 68.4819 7.9116 94.4053 195.2374 231.0774 114.6368 226.2822 42.3642 62.1951 253.8369 152.9364 38.5871
151.5684 110.8533 87.7004 85.3237 89.9935 141.9618 184.9882 174.8887 99.8259 79.4949 61.3005 130.6227 124.8573 52.9268 185.8150 30.0758 88.8762 70.6533 65.6580 11.1215 19.7733 219.6400 52.9418 6.2194 125.8502 71.5075 150.6513 102.5065 35.9689 54.4527 178.2701 125.2511 76.8897 148.0559 89.6976 98.1071 2.1590 151.6179 130.8399 89.9513 202.5316 88.2701 172.1399 69.6557 2.2733 81.1559 180.5834 101.1988 66.1023 0.7295 117.6660 0.0000 88.5428 154.9450 139.0586 142.1445 78.1070 170.1444 84.4113 58.0460 11.1829 115.8473 109.5753 127.8403 162.2532 52.0052 182.4107 70.9597 31.9867 91.7189 57.7234 95.8057 70.1865 79.9426 59.1819 38.2683 141.7195 310.6558 131.0925 91.4567
10.0684 82.2711 88.9889 166.0371 159.6162 31.1686 98.2996 9.4632 70.1349 154.0662 217.8270 39.6049 126.5216 60.7991 76.0668 52.2826 122.0407 50.2788 63.5070 59.7129 47.1996 58.9122 139.5236 3.5449 220.0377 96.3797 181.8412 146.6423 17.2436 90.4882 248.4941 106.5223 199.7382 53.3251 218.9961 163.1570 16.5940 26.2914 143.5471 134.6441 80.2376 53.7651 225.2291 38.2322 87.9375 38.8748 57.4846 122.4213 63.2989 151.6229 185.0348 88.5428 0.0000 179.9646 69.9155 120.0606 204.9581 65.0613 134.0217 134.9852 100.8070 89.9429 148.9789 27.3048 156.1254 94.9612 87.3507 64.2288 38.8267 109.6224 147.2233 139.6984 24.4269 116.5262 145.6398 116.3309 113.2094 145.4191 139.0167 161.7447
102.3504 65.8675 182.8970 160.8899 110.5685 33.1318 102.0931 135.8435 72.5647 190.7895 261.5950 78.1115 72.7216 63.0510 77.3650 74.5747 218.8866 169.0374 87.9083 63.7554 121.9444 196.8703 62.7126 130.5771 116.2444 106.7558 62.9386 186.1799 156.0240 65.7902 58.5197 78.3045 66.4802 78.8772 91.6862 60.4666 18.5723 107.7047 69.4087 19.3051 174.6978 175.4945 75.5705 73.5895 109.7409 127.5331 103.2586 165.9527 48.4340 56.4367 107.7271 154.9450 179.9646 0.0000 140.1051 5.3852 53.0447 39.6707 35.0896 80.7682 118.8961 104.2225 155.3012 74.4152 91.6345 161.3328 94.9238 132.6497 137.5670 116.2683 185.8653 50.7471 64.6752 213.0657 97.9802 15.7540 107.8087 18.6924 107.6362 166.6816
118.9367 166.2415 158.8889 77.9766 91.9421 81.1407 157.1441 50.5352 90.8978 70.5010 89.9404 101.7852 43.4917 52.2276 84.4534 128.7724 94.9495 176.9032 49.6496 46.5068 93.6084 143.6907 127.9732 132.1359 120.2838 254.1191 215.4154 129.3243 66.7410 27.5584 100.6146 75.6069 52.1196 11.1120 127.2140 85.2874 99.6460 95.9717 111.8450 144.8312 32.4300 125.7569 115.4789 116.1305 14.1373 125.2102 96.6178 14.3491 69.4036 142.4739 186.9045 139.0586 69.9155 140.1051 0.0000 195.3929 174.2132 41.8144 145.2267 134.1429 74.4709 240.3452 99.2362 180.4889 1.4314 131.6904 109.0983 158.9796 135.3629 70.3753 42.7523 103.9842 10.3709 165.4791 39.7219 154.6935 191.9220 169.3569 127.9555 159.7618
154.7142 84.9361 126.2208 109.0162 177.6707 101.0225 82.2362 136.8541 121.0313 42.8330 143.4705 91.6129 61.8164 15.2125 41.0013 104.8544 124.8045 53.6803 84.5679 100.0257 154.4473 184.9928 146.3326 138.3311 83.9551 157.4096 80.7089 24.2715 151.3263 153.0341 70.4756 72.1317 91.0658 137.0816 55.6522 103.7835 50.5434 44.7317 137.1049 88.5232 112.0239 129.1589 166.1854 47.1579 167.6214 88.5161 269.3116 155.6409 70.1969 27.1167 119.4654 142.1445 120.0606 5.3852 195.3929 0.0000 108.2709 103.4434 171.0234 34.4441 162.0732 126.1986 52.1806 31.8132 155.2113 210.1838 80.1180 74.8859 114.0051 93.5776 58.7745 121.6437 38.2813 110.9878 131.5386 139.0657 180.9108 156.0631 109.5528 53.0388
71.9222 88.9763 82.6794 69.8325 21.0801 148.9053 201.8503 146.3404 161.8262 79.3449 55.4476 99.2891 31.8202 125.7763 126.0842 168.2543 69.6561 112.7091 127.5870 152.8411 237.1139 172.5622 118.1549 91.1167 115.3482 61.5539 55.3198 114.8206 28.8895 141.2445 138.4245 113.7998 153.2916 120.5000 9.5534 59.0060 86.7671 108.8529 44.3019 83.8948 58.7550 125.0086 91.3039 38.6556 67.5787 77.4784 68.5559 108.6763 164.3372 107.3865 98.9750 78.1070 204.9581 53.0447 174.2132 108.2709 0.0000 117.3852 133.2617 139.5516 172.3828 61.7626 227.8136 55.8097 192.9976 62.3612 121.5813 82.5063 55.7898 94.6547 123.8844 73.2318 42.9426 158.6045 44.2465 86.6456 81.0678 184.0350 166.2708 176.6807
91.8065 189.0487 156.3096 84.1607 63.3029 20.9162 130.3769 109.9318 112.5746 42.3596 49.3704 116.8008 162.1187 163.7009 156.2688 111.0270 170.8407 156.1257 31.2016 77.3376 73.4952 160.6905 22.4048 66.2045 65.9590 79.5966 58.8858 154.9699 161.1336 45.6103 69.7325 136.1576 75.0894 44.6395 80.4763 48.7503 106.5043 148.5823 80.3526 113.9105 178.8418 56.1493 134.5599 108.1556 78.2479 125.1183 92.0622 87.6524 51.3934 132.0024 172.3365 170.1444 65.0613 39.6707 41.8144 103.4434 117.3852 0.0000 80.9598 137.5445 177.7851 97.7063 105.6608 64.2913 99.7852 118.7556 197.6492 11.9101 107.8609 139.2108 42.6326 132.6922 35.2888 136.6952 213.5060 102.7282 126.0071 92.7545 109.6002 201.8095
