80
0.0000 97.9840 81.4375 15.4774 137.0702 166.4341 27.4006 69.8264 253.7048 34.0768 214.3996 114.4218 117.7939 189.2610 164.7071 138.5395 119.0102 42.1012 191.6172 57.8630 60.8139 92.2917 75.5806 196.6564 108.8242 31.0267 136.0115 153.9551 60.3880 180.5484 134.5946 61.4263 160.9382 122.9960 94.9559 77.1761 119.3855 114.7315 18.0156 97.6564 104.9078 50.4214 118.2615 34.8653 18.1645 110.9447 71.2165 63.6736 40.8400 53.0960 87.2413 113.6597 104.5495 94.7600 62.4476 134.2588 111.5492 39.0769 20.3103 79.3091 49.3968 86.9596 141.6959 209.9505 54.6094 36.6252 91.9613 229.5125 26.9288 35.5452 159.1865 81.9612 83.4241 146.1614 56.8302 217.8892 134.2288 151.0950 117.5732 19.4923
97.9840 0.0000 49.9597 100.5112 116.3828 63.1209 186.9334 87.0377 19.5519 21.9485 76.9801 89.4998 44.2133 204.5304 80.5888 205.3780 81.1369 135.9971 103.2255 75.3009 136.1752 71.7204 49.4315 113.3844 106.4105 8.6025 94.8856 137.1396 68.6930 91.9414 44.4010 66.5056 117.3326 155.6107 85.1731 84.8081 168.0424 116.5773 172.9673 21.2681 106.9953 73.2853 122.7009 135.9855 159.2095 115.7661 73.3397 131.5863 112.9163 60.8836 183.6844 140.5148 177.8048 96.7266 22.6137 130.2367 219.3217 138.6740 201.7619 105.6872 52.3823 107.4681 47.2036 231.5069 24.8034 115.5312 207.6436 196.7754 53.5771 119.9742 154.6533 107.1654 38.0465 11.9962 158.3518 150.7997 103.9136 92.1138 177.6741 49.4249
81.4375 49.9597 0.0000 93.0191 25.6958 118.1461 9.7319 51.8820 93.5593 19.2433 137.3573 112.1029 72.1043 2.7692 10.4410 38.3960 65.9250 121.6434 61.4343 111.9050 18.6759 129.9720 115.7281 111.8856 155.9003 118.4651 49.9752 57.7217 63.0514 196.2820 102.7125 145.3823 150.5433 85.6239 93.9382 190.6567 39.2294 117.9447 181.2978 56.5072 148.1393 141.2034 106.3901 181.1904 189.2218 95.9472 103.3474 96.0436 109.8467 134.9635 58.2106 86.8834 91.3575 96.8081 125.3165 111.2325 154.3825 40.5113 97.8622 186.0609 58.1772 40.3062 217.4428 186.9740 207.1481 113.8304 137.1579 122.2759 20.7755 135.2372 141.7689 39.8143 140.2297 211.5733 108.4875 73.4805 97.6759 53.7667 73.4156 94.8318
15.4774 100.5112 93.0191 0.0000 82.1631 112.5647 150.2443 165.3638 152.2713 224.8841 179.5671 80.5422 57.9998 58.5737 113.2083 154.2296 89.7042 109.4990 130.2025 50.6886 85.3780 217.3250 95.4428 60.8752 117.3171 115.6713 155.0163 4.3698 26.8999 78.9034 28.0899 84.5134 99.7501 115.0684 58.8029 88.8062 197.0257 47.1178 275.7510 107.5069 56.5416 34.0360 175.4183 89.8801 48.6220 84.4492 97.0462 67.5016 132.4596 268.1291 87.0359 63.0134 60.4574 99.5159 239.7626 153.9128 85.5822 79.2098 131.2367 123.0674 103.4162 63.5286 198.8796 195.6994 26.0805 116.4305 203.8247 84.7511 28.8251 84.2886 172.2697 26.7239 61.2098 39.6260 136.6379 157.5492 46.7057 153.4894 28.6771 246.4459
137.0702 116.3828 25.6958 82.1631 0.0000 186.4347 127.1079 79.8053 8.6803 97.0947 124.4159 159.7853 171.4736 133.1659 74.6152 138.8483 185.8715 54.7173 90.0670 72.7008 166.3322 57.4884 112.0982 125.1817 90.7815 15.6364 86.1411 217.0138 10.5143 89.2042 18.8957 70.4561 84.1142 39.9310 228.4935 84.5357 33.1824 97.5445 113.1644 128.5283 2.2235 85.6212 108.6773 102.7071 33.2763 98.2945 172.0875 110.4591 97.9605 180.3230 151.3507 22.6329 140.6090 116.9530 132.7162 186.5094 116.5823 17.0888 87.6328 140.8513 115.7056 167.4087 146.9183 108.5773 100.4400 68.2736 166.4909 136.5737 162.6913 144.1385 98.4339 136.0664 91.8511 74.0145 3.1342 106.2954 83.7673 178.4673 126.4884 190.2851
166.4341 63.1209 118.1461 112.5647 186.4347 0.0000 182.9460 95.6654 105.6048 95.8793 15.5560 106.9544 142.9484 167.5550 81.2995 113.2671 229.3857 64.7465 73.9332 122.1459 44.4030 116.3524 91.2680 142.0515 15.1244 115.3421 107.6526 80.5616 144.0799 88.9789 43.8186 114.0612 77.9201 6.2958 106.7733 130.2800 35.7256 52.3152 131.9738 12.8527 17.5316 151.7734 128.3662 4.2295 144.3962 70.0940 71.7838 40.3644 124.4116 101.4771 193.3614 73.1587 115.7744 67.1393 153.0267 183.1317 190.8857 128.7997 176.4539 170.3429 147.7069 156.1697 25.7635 50.1035 3.0812 125.0520 80.0352 100.4949 47.8987 161.0255 85.8739 199.0160 189.0528 89.0120 153.0305 129.1828 226.0688 114.6589 45.7405 85.0299
27.4006 186.9334 9.7319 150.2443 127.1079 182.9460 0.0000 177.3735 54.5066 0.3439 118.3363 132.5413 88.0260 162.7062 78.8435 141.0685 113.3585 22.8485 108.1329 87.7334 75.0613 150.4802 129.9996 63.9162 193.0868 95.7057 180.0092 95.2787 123.8074 102.7135 192.1977 109.3066 166.1339 79.8822 48.7350 39.3003 52.0354 147.7272 110.7329 153.3742 83.0958 118.1722 120.4770 136.5530 182.3770 155.1767 123.8406 138.8221 63.2216 121.8440 122.6840 29.3087 19.2064 64.9128 45.1780 192.0263 16.4902 78.8580 80.5102 167.3013 128.1562 188.9318 135.3795 43.5187 84.6854 40.3531 151.5106 127.1663 130.3197 211.2159 100.1960 106.0157 109.6925 164.1443 115.4153 74.3827 68.7059 67.4882 113.4941 41.8053
69.8264 87.0377 51.8820 165.3638 79.8053 95.6654 177.3735 0.0000 140.2030 21.2606 69.7941 170.4964 14.9573 72.0889 52.5985 54.5986 145.1266 116.9126 117.8133 60.4556 96.7580 53.3731 66.7913 97.3888 94.2839 124.2708 169.7883 86.6381 86.2476 72.0176 158.6985 168.3406 86.2045 124.1955 27.2392 110.6340 49.2116 187.5786 45.1388 81.2621 30.9421 145.5955 79.4965 44.7880 65.1517 193.0848 69.1324 70.4261 33.1807 118.7174 50.3298 126.2493 182.0634 71.5112 108.2588 175.5006 244.1241 87.4925 63.7155 138.6526 14.5799 18.1215 219.9655 98.5605 89.0382 167.4372 104.3685 224.2437 122.0387 133.2661 155.6857 48.0832 232.4153 90.1676 63.9645 118.9687 184.6694 132.5978 28.4670 116.7336
253.7048 19.5519 93.5593 152.2713 8.6803 105.6048 54.5066 140.2030 0.0000 77.1220 65.1353 191.9330 107.9531 111.9542 129.5812 28.5300 79.9911 197.6841 109.5491 100.4672 152.6023 119.5937 9.5043 62.4833 216.9596 113.9274 99.9718 89.0627 37.0416 99.0853 115.5010 16.2284 88.5346 89.8373 164.6400 101.4150 191.3797 117.3557 205.9062 81.4727 58.6260 154.2676 47.1273 156.8810 150.2911 47.1630 67.7868 23.1531 26.0625 112.0171 134.0729 19.3790 70.1614 71.8329 40.7583 87.7781 236.5837 147.2056 9.7409 136.2457 145.9078 72.5201 51.6744 230.3187 91.5734 139.7213 38.6003 51.8416 30.0016 195.3536 144.8004 57.3688 102.7606 162.7892 169.9979 72.0888 212.1884 71.6456 72.7103 142.6534
34.0768 21.9485 19.2433 224.8841 97.0947 95.8793 0.3439 21.2606 77.1220 0.0000 119.8249 137.2696 204.2441 251.2501 142.2974 99.9179 140.3846 125.0667 26.3865 120.5434 73.1487 161.4607 66.9402 93.8753 31.5207 133.2552 79.2465 62.0831 193.7468 84.6069 156.4307 78.5022 70.7177 216.4152 115.3552 45.4122 238.2612 125.2852 58.9703 80.7774 109.9331 89.3863 95.5987 29.4114 182.9750 157.2478 69.5611 124.9725 125.7480 75.1335 44.6043 132.5325 106.8201 114.0008 181.3658 41.0706 145.8327 0.7727 186.7342 30.5416 43.4203 68.4038 180.2979 12.0025 62.9086 37.4738 145.4870 156.8119 155.6193 150.3739 82.2529 148.1414 30.8323 113.4053 62.5983 85.3193 60.0221 150.0746 75.3340 104.7582
214.3996 76.9801 137.3573 179.5671 124.4159 15.5560 118.3363 69.7941 65.1353 119.8249 0.0000 110.1965 87.5493 182.8076 49.7889 100.2042 150.8850 137.3095 48.2205 16.2159 183.3824 116.7853 166.7745 124.5745 71.6815 95.8203 150.4451 76.6081 142.1155 100.0314 137.0414 83.8670 71.2242 28.5801 87.6495 102.6676 97.1932 22.9771 65.7752 38.9649 59.1448 101.3206 93.8557 169.2600 165.2540 45.9322 91.0519 133.7392 130.2374 3.7058 74.1338 187.9435 191.8193 94.7373 146.5005 110.0486 61.2274 159.1816 86.0119 141.0626 192.6192 144.0311 51.4337 39.0864 118.2209 142.4187 176.4111 118.6341 87.6353 107.6017 102.1182 55.8844 97.1844 149.8237 84.0103 72.0442 102.5671 52.3848 118.7113 51.4159
114.4218 89.4998 112.1029 80.5422 159.7853 106.9544 132.5413 170.4964 191.9330 137.2696 110.1965 0.0000 142.0474 158.1199 60.7169 172.6154 83.6877 172.6039 55.0644 104.5968 148.3157 73.1814 76.6460 146.7092 86.9862 92.9698 124.8546 221.9636 202.5809 82.0342 142.7024 94.8494 207.6282 133.6057 91.7542 46.3053 165.0746 157.3042 100.7517 91.9867 47.1607 21.1939 170.9116 75.4248 65.7889 74.0180 34.5442 55.9743 36.7806 164.3475 157.0214 85.7314 123.4413 142.7529 65.7563 98.8195 213.9495 55.7587 186.1467 95.2684 208.0012 242.8079 223.2671 104.4182 100.5387 95.5543 89.2604 8.6209 139.5203 106.8800 187.5356 186.4030 112.3044 187.1747 30.5159 155.6715 190.2881 86.2945 118.5743 87.0868
117.7939 44.2133 72.1043 57.9998 171.4736 142.9484 88.0260 14.9573 107.9531 204.2441 87.5493 142.0474 0.0000 221.7641 90.0712 50.8138 124.5490 148.7233 153.2813 113.0987 165.2587 129.6444 116.0160 147.6860 132.3485 157.2042 158.8345 85.8995 194.1773 123.9416 121.5277 18.7381 171.3089 53.7485 133.1318 108.9179 26.8300 138.7735 151.1992 89.7441 117.1943 33.2677 159.7196 67.6140 50.1714 164.4667 3.5840 90.1485 121.5703 56.4445 120.4894 180.0227 39.2756 81.3259 89.0237 128.0517 70.7657 74.8941 143.5115 57.1916 51.8111 134.7916 62.5781 115.8970 83.6078 27.8047 73.3699 141.6294 147.3212 86.4034 32.9013 47.0257 218.5103 209.2428 73.0934 47.1494 141.1112 77.7341 148.0941 29.8957
189.2610 204.5304 2.7692 58.5737 133.1659 167.5550 162.7062 72.0889 111.9542 251.2501 182.8076 158.1199 221.7641 0.0000 80.8797 62.6240 195.2273 65.4683 75.0955 77.4242 180.3164 109.4743 68.6006 144.1290 60.5941 98.0634 76.7760 60.7605 63.9422 49.9879 109.5504 129.3292 61.2705 123.7365 44.8845 135.8180 157.5036 119.6306 121.3444 56.9112 50.1946 104.1834 109.9966 104.6858 37.4918 92.0181 124.3431 132.2929 86.5179 53.8143 98.7453 118.8816 37.0941 84.5797 63.5238 115.5239 131.0418 172.6842 225.5700 8.9763 4.4123 132.4546 139.3000 199.9344 31.9492 4.8393 77.1766 180.9788 127.2812 109.2198 155.6920 205.7858 68.9808 107.3598 44.3271 115.1189 99.7005 95.4904 6.6416 115.3979
164.7071 80.5888 10.4410 113.2083 74.6152 81.2995 78.8435 52.5985 129.5812 142.2974 49.7889 60.7169 90.0712 80.8797 0.0000 188.0203 43.3683 61.5280 100.6315 258.4677 110.2263 22.6090 17.4816 154.5505 152.4059 162.3215 60.2458 23.8375 155.8532 114.4555 177.5568 62.1464 77.7909 89.9786 161.9837 167.9093 48.6656 30.7488 118.1437 40.0231 73.4216 174.0297 169.8873 59.0772 82.7908 19.9405 116.4072 319.3853 154.6247 58.6249 28.0958 14.5858 136.4732 124.8976 182.3503 59.3547 79.8110 129.7863 198.0902 108.8548 7.2239 128.8015 93.2784 109.7811 53.9674 113.8539 69.4912 104.4569 91.9667 113.5034 150.2142 174.4978 192.2572 61.7032 107.6317 148.6140 69.0097 107.4822 91.9623 84.1663
138.5395 205.3780 38.3960 154.2296 138.8483 113.2671 141.0685 54.5986 28.5300 99.9179 100.2042 172.6154 50.8138 62.6240 188.0203 0.0000 127.1219 130.7440 113.0416 6.5107 108.0083 155.9319 123.5010 102.7544 106.4378 138.3126 26.0119 139.9328 78.5996 111.1947 187.8854 79.9252 61.6698 96.6140 22.9678 32.9462 6.2140 127.8806 96.5059 67.1133 73.4595 1.4064 148.2664 101.2356 150.0290 130.7334 27.6664 221.7279 99.6798 59.8528 168.8561 18.5512 110.1033 73.5034 39.1425 49.1058 171.2213 158.1675 184.4203 145.1629 217.9040 151.0753 43.8792 32.1132 232.3716 96.6340 52.2920 207.1163 149.0659 38.3928 124.1321 75.8421 95.9638 38.4497 130.3180 123.2295 115.2055 155.0343 169.6304 154.4760
119.0102 81.1369 65.9250 89.7042 185.8715 229.3857 113.3585 145.1266 79.9911 140.3846 150.8850 83.6877 124.5490 195.2273 43.3683 127.1219 0.0000 173.5089 64.1947 192.3070 69.5208 64.8208 60.7200 71.3244 162.5969 23.2060 95.0760 164.1722 111.0600 124.8496 110.2514 130.2611 88.8046 57.6512 91.0298 52.9266 65.0744 150.6134 73.8892 92.3177 83.1382 154.2848 80.0383 101.6248 187.4742 26.8501 145.6829 182.8346 76.2780 130.8038 28.1796 107.9950 25.6519 62.6719 81.9569 125.5347 142.4150 168.4945 102.2060 92.4911 141.7497 189.7641 17.5287 128.3229 147.4557 56.0508 186.3174 164.9530 2.1934 156.7305 94.4449 27.0604 242.9296 29.7933 72.0199 62.6515 14.7970 6.1986 126.1929 166.4656
42.1012 135.9971 121.6434 109.4990 54.7173 64.7465 22.8485 116.9126 197.6841 125.0667 137.3095 172.6039 148.7233 65.4683 61.5280 130.7440 173.5089 0.0000 75.1160 157.8654 90.7262 116.1696 156.7943 146.2651 125.0953 148.9404 155.6707 135.9124 131.4650 176.8089 262.5679 27.8023 121.0540 177.2858 75.2870 222.8329 151.1803 163.2201 101.0556 147.4800 122.0830 145.0545 207.5111 11.7337 68.6431 144.9991 71.2197 65.3981 61.1815 16.1795 106.4649 86.1776 91.2346 112.5949 114.2728 28.4905 199.7445 56.3169 63.2320 215.7403 71.9632 61.7771 105.5251 62.8609 164.7829 41.2882 52.9314 128.2961 142.3553 133.5504 175.9594 126.3355 193.6640 110.5282 146.0707 198.6181 161.3746 100.5502 201.9268 90.0679
191.6172 103.2255 61.4343 130.2025 90.0670 73.9332 108.1329 117.8133 109.5491 26.3865 48.2205 55.0644 153.2813 75.0955 100.6315 113.0416 64.1947 75.1160 0.0000 231.9393 196.0859 79.9701 87.1639 228.6088 98.4866 172.0779 165.5224 66.3542 66.1762 68.0036 85.6006 61.6915 55.6416 318.6761 32.8571 92.4667 159.3920 115.7304 47.2610 203.4427 89.7053 84.6613 87.7979 130.9600 195.9109 84.9264 75.8483 141.1498 54.5306 156.0955 141.1036 82.7996 200.4443 44.5911 165.7031 62.4308 63.5562 67.3699 134.1470 75.2164 76.2307 51.5368 90.5201 112.5978 93.4419 225.3743 144.5736 196.0250 47.4213 85.6034 135.4898 42.0409 151.6310 44.9950 144.6383 21.2336 26.4026 85.5438 76.3611 120.4378
57.8630 75.3009 111.9050 50.6886 72.7008 122.1459 87.7334 60.4556 100.4672 120.5434 16.2159 104.5968 113.0987 77.4242 258.4677 6.5107 192.3070 157.8654 231.9393 0.0000 152.8079 176.8804 98.4825 109.7521 108.9169 171.1005 155.0511 73.1154 102.4823 100.7778 63.0259 85.1135 64.2125 60.3637 97.1987 149.2389 80.6068 74.3792 110.4233 57.8602 83.5414 138.0691 97.0122 140.8323 107.9236 78.9092 88.9830 73.5068 44.7952 162.8747 179.6869 125.9030 41.3196 133.4396 128.9157 291.0484 94.7839 58.3603 170.2268 21.4149 83.8337 171.3130 127.3904 85.1493 25.6459 137.7224 133.3172 73.2147 89.8707 68.9093 131.8132 18.6795 169.8193 94.4546 131.6709 206.8730 39.5108 156.1396 199.3209 151.1774
60.8139 136.1752 18.6759 85.3780 166.3322 44.4030 75.0613 96.7580 152.6023 73.1487 183.3824 148.3157 165.2587 180.3164 110.2263 108.0083 69.5208 90.7262 196.0859 152.8079 0.0000 180.1887 126.4457 111.1941 124.6790 97.1384 140.4491 88.1340 90.6404 131.7911 183.6954 55.3442 156.4779 62.6506 43.8283 51.8940 189.9814 157.0555 82.1398 127.4844 87.1454 145.6451 88.0493 42.6827 161.1437 103.2090 110.6864 18.0126 172.7440 87.6079 101.9345 150.9599 218.4642 40.0238 161.8262 136.1672 257.9440 30.6947 138.1249 80.6539 65.1561 59.4136 103.5063 116.1772 120.7307 151.5637 84.4515 83.5701 157.1049 59.4752 99.9172 104.7176 68.8624 58.1176 69.1970 66.8441 68.2821 66.0449 81.3227 142.6078
92.2917 71.7204 129.9720 217.3250 57.4884 116.3524 150.4802 53.3731 119.5937 161.4607 116.7853 73.1814 129.6444 109.4743 22.6090 155.9319 64.8208 116.1696 79.9701 176.8804 180.1887 0.0000 117.0757 96.3513 17.0980 92.4613 104.1576 71.2620 165.2889 59.4670 128.5078 109.6083 87.5702 17.4105 208.4308 157.7636 128.2031 106.1781 72.5484 24.2432 110.5509 190.7798 176.5214 214.9706 84.1388 119.1578 97.4298 73.5545 77.6166 194.9870 141.3029 110.4190 53.1426 203.4037 32.8032 182.1752 190.0696 140.4206 64.3495 65.8264 56.6286 127.3308 26.7740 77.1326 37.1565 219.0221 116.9465 127.7947 157.7695 38.2107 69.4956 178.7878 159.5694 122.2428 217.5553 87.5763 90.3465 76.4344 17.8204 72.6023
75.5806 49.4315 115.7281 95.4428 112.0982 91.2680 129.9996 66.7913 9.5043 66.9402 166.7745 76.6460 116.0160 68.6006 17.4816 123.5010 60.7200 156.7943 87.1639 98.4825 126.4457 117.0757 0.0000 29.6713 127.1996 163.1994 29.6554 181.1962 48.7087 120.0507 30.9241 73.7891 51.8489 20.9406 113.2888 121.3424 64.4725 89.2781 123.1779 31.2190 179.0623 48.9210 65.5226 194.6716 206.6116 84.8437 129.1067 134.5566 14.3014 130.1970 52.7516 33.6101 171.2465 76.0622 91.0373 162.1108 156.1136 86.1461 180.5225 199.7801 63.1113 74.0124 40.7918 157.9170 131.2108 66.0339 91.9712 105.7219 102.0743 97.3607 107.8854 225.3765 123.0834 115.1086 48.6416 136.5528 120.8836 78.9457 131.9218 150.5309
196.6564 113.3844 111.8856 60.8752 125.1817 142.0515 63.9162 97.3888 62.4833 93.8753 124.5745 146.7092 147.6860 144.1290 154.5505 102.7544 71.3244 146.2651 228.6088 109.7521 111.1941 96.3513 29.6713 0.0000 160.8068 101.7286 67.9024 65.6752 120.9689 154.6115 124.3261 26.0790 228.1641 76.8327 88.4524 148.3613 150.9719 131.1660 143.5342 83.1097 125.0754 174.2081 0.9449 129.6323 113.5629 106.4716 207.1186 121.2782 66.8896 110.1947 67.4595 64.7696 132.1490 188.5459 166.5122 177.2930 92.4925 179.1163 173.8557 101.4583 105.1080 49.3341 132.2011 66.0908 117.6434 93.6081 43.1308 93.2616 173.5336 224.7794 143.7884 11.2233 145.6222 162.7498 103.7959 68.1098 154.5416 188.3856 50.0070 78.2066
108.8242 106.4105 155.9003 117.3171 90.7815 15.1244 193.0868 94.2839 216.9596 31.5207 71.6815 86.9862 132.3485 60.5941 152.4059 106.4378 162.5969 125.0953 98.4866 108.9169 124.6790 17.0980 127.1996 160.8068 0.0000 108.3631 155.7116 39.1773 161.6453 110.4463 126.9797 89.6426 50.5773 39.4748 46.6381 224.2903 113.8176 60.5355 155.2879 130.0385 51.0631 129.1272 17.4085 134.4049 124.8847 4.9145 87.4728 179.9572 183.0437 182.8642 97.1369 2.3542 103.3720 94.7413 129.6899 35.4388 42.3833 102.0902 122.5577 12.7503 55.7292 126.4702 189.1472 100.2497 171.2916 99.7594 110.5354 132.6984 10.9343 141.9331 149.5134 68.8375 41.4699 30.0720 193.5153 6.1861 155.3956 109.0893 164.4416 70.9739
31.0267 8.6025 118.4651 115.6713 15.6364 115.3421 95.7057 124.2708 113.9274 133.2552 95.8203 92.9698 157.2042 98.0634 162.3215 138.3126 23.2060 148.9404 172.0779 171.1005 97.1384 92.4613 163.1994 101.7286 108.3631 0.0000 18.9371 133.2054 69.9312 65.5110 87.2306 168.9637 142.8751 282.8379 263.7130 150.9575 117.6217 210.5850 31.3995 158.9913 78.4319 88.9057 161.4279 67.2858 107.1611 14.2836 110.6489 106.9083 97.8949 29.0764 139.3753 166.7055 117.0263 144.4965 133.3075 160.7246 46.4406 122.1800 139.8773 200.9316 48.5521 101.0095 124.8001 43.4191 48.1627 105.0651 146.5355 54.2888 181.6879 53.5271 5.2347 204.2714 34.5331 78.2349 121.9176 134.8520 133.4766 190.7641 31.2678 249.6383
136.0115 94.8856 49.9752 155.0163 86.1411 107.6526 180.0092 169.7883 99.9718 79.2465 150.4451 124.8546 158.8345 76.7760 60.2458 26.0119 95.0760 155.6707 165.5224 155.0511 140.4491 104.1576 29.6554 67.9024 155.7116 18.9371 0.0000 143.5534 110.4731 50.8149 23.9108 111.3429 132.3064 128.7511 64.8316 30.6981 128.3450 94.4363 29.5755 88.4507 80.2791 54.5537 49.3697 54.1918 81.2841 32.0917 115.6404 96.5783 133.3365 147.1633 148.1201 11.0594 109.2382 151.4344 198.7516 203.2272 111.3408 61.2534 60.8194 8.2936 132.1068 122.3273 44.0552 124.9061 122.0819 90.9048 32.9417 67.9959 52.6564 34.5354 136.5270 127.6940 156.9915 77.5425 173.5169 0.7533 96.1819 48.5563 118.3498 56.3232
153.9551 137.1396 57.7217 4.3698 217.0138 80.5616 95.2787 86.6381 89.0627 62.0831 76.6081 221.9636 85.8995 60.7605 23.8375 139.9328 164.1722 135.9124 66.3542 73.1154 88.1340 71.2620 181.1962 65.6752 39.1773 133.2054 143.5534 0.0000 208.8903 49.4415 140.3911 231.1727 150.4068 40.1310 62.2523 91.5675 9.5530 137.9473 162.4930 229.1125 126.9489 114.1771 14.5928 155.0067 118.5333 132.6173 151.5826 40.7400 63.7873 118.0534 104.4056 75.6608 131.1804 171.2216 106.8372 128.6090 129.2231 46.5069 162.4926 171.0860 25.2266 108.0176 95.6082 200.1941 71.8609 76.3456 63.6755 140.7269 72.9921 75.5427 142.2207 66.0027 98.1515 27.2968 70.5456 82.8552 105.8476 178.1933 156.2211 60.4778
60.3880 68.6930 63.0514 26.8999 10.5143 144.0799 123.8074 86.2476 37.0416 193.7468 142.1155 202.5809 194.1773 63.9422 155.8532 78.5996 111.0600 131.4650 66.1762 102.4823 90.6404 165.2889 48.7087 120.9689 161.6453 69.9312 110.4731 208.8903 0.0000 101.3391 143.2088 158.9791 76.3431 38.8220 146.4699 179.8582 29.0230 130.7182 144.8538 136.0285 219.6733 79.9434 100.9098 85.2793 91.3421 160.4300 122.6545 153.9103 49.5381 43.6463 196.9259 91.3198 255.7165 15.0482 84.9782 20.7885 49.2602 1.9794 217.6039 101.9951 111.6412 74.6316 57.3963 152.9349 48.8977 96.4529 111.9938 189.4564 119.0047 187.7367 85.4318 34.1761 144.2520 106.1164 137.6665 102.8726 82.7966 104.5624 28.8613 119.5957
180.5484 91.9414 196.2820 78.9034 89.2042 88.9789 102.7135 72.0176 99.0853 84.6069 100.0314 82.0342 123.9416 49.9879 114.4555 111.1947 124.8496 176.8089 68.0036 100.7778 131.7911 59.4670 120.0507 154.6115 110.4463 65.5110 50.8149 49.4415 101.3391 0.0000 102.5613 41.4434 37.9989 136.3271 156.0798 53.8020 88.6613 157.7153 83.6961 102.3425 95.9406 92.4604 15.1023 230.8696 49.3192 67.0525 73.5226 195.0067 165.8666 220.4117 47.9096 84.2435 153.3441 9.1275 53.6112 131.8380 107.7074 135.2082 134.4268 74.6534 91.6501 33.2732 168.6815 46.9365 233.1040 92.9332 22.6563 30.6859 74.2007 204.0772 165.0258 166.6345 145.0296 193.3840 179.1003 82.6247 113.5450 24.0657 162.4629 47.6336
134.5946 44.4010 102.7125 28.0899 18.8957 43.8186 192.1977 158.6985 115.5010 156.4307 137.0414 142.7024 121.5277 109.5504 177.5568 187.8854 110.2514 262.5679 85.6006 63.0259 183.6954 128.5078 30.9241 124.3261 126.9797 87.2306 23.9108 140.3911 143.2088 102.5613 0.0000 154.2332 133.7337 29.5528 66.9686 106.6492 137.7696 5.6402 163.6934 100.3100 74.6667 148.2714 106.8615 43.2155 158.3399 55.5279 94.1958 87.8276 121.4752 177.7826 159.7258 24.9521 187.3647 148.3062 31.8012 137.0940 108.4536 34.4753 113.6870 46.2647 188.6230 95.3646 119.5736 162.9223 71.3478 106.0462 100.0497 123.4083 61.7262 125.7191 16.1364 59.6782 78.1013 172.7128 199.1198 60.1289 82.4105 182.8129 67.2691 155.4160
61.4263 66.5056 145.3823 84.5134 70.4561 114.0612 109.3066 168.3406 16.2284 78.5022 83.8670 94.8494 18.7381 129.3292 62.1464 79.9252 130.2611 27.8023 61.6915 85.1135 55.3442 109.6083 73.7891 26.0790 89.6426 168.9637 111.3429 231.1727 158.9791 41.4434 154.2332 0.0000 147.3909 49.2388 139.9581 85.9284 62.0811 103.0116 138.5150 115.9781 90.5195 91.3606 63.8598 114.3167 138.9381 160.3065 147.8646 117.5570 188.7411 190.4840 85.4554 49.6307 62.0710 22.4088 22.4196 105.1959 146.8426 111.8817 111.2153 148.7852 156.7611 154.8760 80.2924 95.1877 95.7955 89.1518 174.8152 101.6591 170.9699 66.4811 89.4052 112.6711 54.5626 136.6434 135.9766 89.0053 74.7801 91.5235 106.3415 78.8700
160.9382 117.3326 150.5433 99.7501 84.1142 77.9201 166.1339 86.2045 88.5346 70.7177 71.2242 207.6282 171.3089 61.2705 77.7909 61.6698 88.8046 121.0540 55.6416 64.2125 156.4779 87.5702 51.8489 228.1641 50.5773 142.8751 132.3064 150.4068 76.3431 37.9989 133.7337 147.3909 0.0000 50.3477 73.8215 90.9731 139.2483 179.1778 105.6088 124.5139 73.7034 53.9535 70.8953 85.2354 20.2411 81.1191 2.6235 151.2796 51.1383 114.0976 125.2369 173.1580 137.6960 118.4965 113.5821 96.2781 42.3123 125.4204 92.8460 154.2324 86.1717 83.7955 145.6601 157.1958 99.8613 214.6570 140.2729 102.6466 73.0466 92.5957 57.7115 117.1888 40.5533 134.1083 157.9817 57.3115 135.2996 172.8839 88.1810 155.3250
122.9960 155.6107 85.6239 115.0684 39.9310 6.2958 79.8822 124.1955 89.8373 216.4152 28.5801 133.6057 53.7485 123.7365 89.9786 96.6140 57.6512 177.2858 318.6761 60.3637 62.6506 17.4105 20.9406 76.8327 39.4748 282.8379 128.7511 40.1310 38.8220 136.3271 29.5528 49.2388 50.3477 0.0000 66.7773 91.9024 94.0746 46.6399 117.0201 34.5687 155.7112 171.6031 123.0763 134.7716 100.7866 43.0247 123.0341 172.2919 64.8127 116.4778 158.2789 124.7671 66.8233 253.3663 122.6378 54.7930 68.4461 15.3698 25.7725 55.8608 76.6149 174.1721 155.2644 134.8155 37.8480 107.3242 167.7866 133.2110 100.9344 59.3364 195.1995 165.3813 105.6133 50.2162 32.6077 22.1108 46.0998 110.5484 122.8764 53.5550
94.9559 85.1731 93.9382 58.8029 228.4935 106.7733 48.7350 27.2392 164.6400 115.3552 87.6495 91.7542 133.1318 44.8845 161.9837 22.9678 91.0298 75.2870 32.8571 97.1987 43.8283 208.4308 113.2888 88.4524 46.6381 263.7130 64.8316 62.2523 146.4699 156.0798 66.9686 139.9581 73.8215 66.7773 0.0000 119.5759 69.9206 146.9233 129.5447 85.0544 174.7294 139.4433 88.2430 12.2886 89.9720 58.7671 166.5088 138.9784 50.2339 59.2869 8.8185 99.2057 30.3300 113.6394 125.6609 74.7900 158.2439 130.6248 157.9510 79.0423 17.9288 130.1393 49.8306 143.9229 42.2090 86.3484 188.3929 0.0306 122.6069 81.0737 23.1481 49.0699 153.8526 56.3662 235.7632 121.7041 171.1486 80.4962 58.8454 129.0281
77.1761 84.8081 190.6567 88.8062 84.5357 130.2800 39.3003 110.6340 101.4150 45.4122 102.6676 46.3053 108.9179 135.8180 167.9093 32.9462 52.9266 222.8329 92.4667 149.2389 51.8940 157.7636 121.3424 148.3613 224.2903 150.9575 30.6981 91.5675 179.8582 53.8020 106.6492 85.9284 90.9731 91.9024 119.5759 0.0000 65.3775 99.9831 126.2288 172.6503 84.7161 103.3149 72.0581 121.2903 108.8354 58.2017 40.6543 120.2494 19.8870 40.8734 132.6296 79.4958 65.5832 19.9497 117.2005 121.5939 69.1891 89.2092 84.7832 45.1252 91.0591 115.9926 172.7510 21.5412 148.1518 103.7008 42.5109 28.3082 152.2187 246.7673 135.7782 119.4760 139.3435 128.2101 56.1405 170.7912 23.4099 80.8171 164.7839 144.0572
119.3855 168.0424 39.2294 197.0257 33.1824 35.7256 52.0354 49.2116 191.3797 238.2612 97.1932 165.0746 26.8300 157.5036 48.6656 6.2140 65.0744 151.1803 159.3920 80.6068 189.9814 128.2031 64.4725 150.9719 113.8176 117.6217 128.3450 9.5530 29.0230 88.6613 137.7696 62.0811 139.2483 94.0746 69.9206 65.3775 0.0000 61.8833 38.8704 223.1388 12.3434 80.7102 97.8904 210.1631 84.2151 163.9365 182.6205 239.3738 218.8083 74.4031 74.5783 98.1047 62.2694 54.1138 25.7060 59.7172 129.1828 160.7987 187.8744 44.6512 100.7949 11.2635 211.8353 123.2802 73.4638 80.2105 52.6990 106.0746 88.6318 127.5988 191.6358 47.9812 92.8553 2.7273 79.5911 140.1918 28.3403 201.6516 223.1053 141.7330
114.7315 116.5773 117.9447 47.1178 97.5445 52.3152 147.7272 187.5786 117.3557 125.2852 22.9771 157.3042 138.7735 119.6306 30.7488 127.8806 150.6134 163.2201 115.7304 74.3792 157.0555 106.1781 89.2781 131.1660 60.5355 210.5850 94.4363 137.9473 130.7182 157.7153 5.6402 103.0116 179.1778 46.6399 146.9233 99.9831 61.8833 0.0000 119.7682 177.8463 163.0394 107.2715 148.5347 40.5387 31.3703 90.1313 98.7169 64.2636 41.1819 241.1998 172.4975 155.9596 145.2678 71.3048 72.8064 105.3874 117.5285 20.5261 100.1647 228.4661 122.6289 121.8632 172.3948 68.3259 70.1939 80.5250 268.0000 37.9256 132.4852 151.9209 5.2148 97.3246 26.4582 75.6788 152.5021 85.3567 59.5936 62.0211 81.1334 48.1995
18.0156 172.9673 181.2978 275.7510 113.1644 131.9738 110.7329 45.1388 205.9062 58.9703 65.7752 100.7517 151.1992 121.3444 118.1437 96.5059 73.8892 101.0556 47.2610 110.4233 82.1398 72.5484 123.1779 143.5342 155.2879 31.3995 29.5755 162.4930 144.8538 83.6961 163.6934 138.5150 105.6088 117.0201 129.5447 126.2288 38.8704 119.7682 0.0000 0.4182 49.2037 106.5252 66.9757 201.4259 118.9080 50.3371 91.3237 103.8253 54.8519 93.6062 131.6558 130.1415 124.0151 132.9185 83.9086 69.2108 153.4555 96.6715 1.8267 62.9382 103.0905 43.8106 162.1165 144.3914 125.0990 80.7132 168.2236 59.9171 166.2896 108.3191 209.1004 164.6479 56.6154 58.2375 78.4789 77.2219 284.4015 66.9030 119.8743 110.6304
97.6564 21.2681 56.5072 107.5069 128.5283 12.8527 153.3742 81.2621 81.4727 80.7774 38.9649 91.9867 89.7441 56.9112 40.0231 67.1133 92.3177 147.4800 203.4427 57.8602 127.4844 24.2432 31.2190 83.1097 130.0385 158.9913 88.4507 229.1125 136.0285 102.3425 100.3100 115.9781 124.5139 34.5687 85.0544 172.6503 223.1388 177.8463 0.4182 0.0000 142.5954 140.2198 64.4024 103.8987 135.8654 167.7913 118.5143 100.6794 54.2012 12.7325 37.7504 117.9430 105.0537 45.4443 127.1826 89.5815 61.5512 43.7209 73.5658 148.0768 118.5721 192.1502 207.8555 154.9228 55.1884 137.1271 47.7970 183.2682 221.6974 1.4649 128.9838 82.2384 244.3430 44.1951 43.6212 13.2228 226.3883 83.8020 74.0797 95.2928
104.9078 106.9953 148.1393 56.5416 2.2235 17.5316 83.0958 30.9421 58.6260 109.9331 59.1448 47.1607 117.1943 50.1946 73.4216 73.4595 83.1382 122.0830 89.7053 83.5414 87.1454 110.5509 179.0623 125.0754 51.0631 78.4319 80.2791 126.9489 219.6733 95.9406 74.6667 90.5195 73.7034 155.7112 174.7294 84.7161 12.3434 163.0394 49.2037 142.5954 0.0000 83.4996 45.2778 125.9843 3.7823 212.6197 131.1521 15.2417 120.9504 178.2791 34.7719 128.0862 36.3631 178.0497 53.7285 108.2691 82.9817 91.2349 214.0451 26.3512 122.8887 88.5071 35.3684 87.7680 144.3660 94.2540 204.6050 135.6406 130.8907 84.0083 222.5059 125.1507 93.8424 63.0987 49.1242 87.9741 85.2898 96.3728 113.8377 66.2374
50.4214 73.2853 141.2034 34.0360 85.6212 151.7734 118.1722 145.5955 154.2676 89.3863 101.3206 21.1939 33.2677 104.1834 174.0297 1.4064 154.2848 145.0545 84.6613 138.0691 145.6451 190.7798 48.9210 174.2081 129.1272 88.9057 54.5537 114.1771 79.9434 92.4604 148.2714 91.3606 53.9535 171.6031 139.4433 103.3149 80.7102 107.2715 106.5252 140.2198 83.4996 0.0000 103.1351 120.5987 127.1058 86.1284 149.9059 13.2753 103.9976 105.1529 60.5189 165.1124 125.0888 100.6976 35.7626 28.2677 154.7827 65.3458 131.0760 130.6078 89.5024 67.9381 100.1436 18.6288 53.2713 244.4487 104.1045 70.6191 74.4512 202.1353 85.9922 109.1867 91.5360 129.9602 97.8385 149.8375 118.7101 31.6944 143.3172 40.8215
118.2615 122.7009 106.3901 175.4183 108.6773 128.3662 120.4770 79.4965 47.1273 95.5987 93.8557 170.9116 159.7196 109.9966 169.8873 148.2664 80.0383 207.5111 87.7979 97.0122 88.0493 176.5214 65.5226 0.9449 17.4085 161.4279 49.3697 14.5928 100.9098 15.1023 106.8615 63.8598 70.8953 123.0763 88.2430 72.0581 97.8904 148.5347 66.9757 64.4024 45.2778 103.1351 0.0000 49.1367 41.4396 210.7317 27.8583 5.0375 33.1829 76.9391 20.5955 78.9939 62.9121 177.7667 92.5396 71.6054 157.4384 15.1991 37.2655 127.2714 35.3538 72.1272 92.5947 154.8118 30.1802 173.5715 135.6588 136.9011 7.1817 88.2662 176.0089 75.5840 136.2428 46.6864 52.4620 15.0211 152.8387 80.7338 61.0842 153.3619
34.8653 135.9855 181.1904 89.8801 102.7071 4.2295 136.5530 44.7880 156.8810 29.4114 169.2600 75.4248 67.6140 104.6858 59.0772 101.2356 101.6248 11.7337 130.9600 140.8323 42.6827 214.9706 194.6716 129.6323 134.4049 67.2858 54.1918 155.0067 85.2793 230.8696 43.2155 114.3167 85.2354 134.7716 12.2886 121.2903 210.1631 40.5387 201.4259 103.8987 125.9843 120.5987 49.1367 0.0000 84.0108 115.0762 95.6738 42.5887 137.8332 34.8302 160.0776 168.2319 101.5808 80.9914 43.6231 14.9439 86.6264 15.0435 167.6861 115.4625 60.0194 25.4631 78.8184 80.0392 111.7062 75.2090 81.8042 124.6706 52.9038 86.2832 154.9968 115.3013 1.5157 35.5967 209.3604 59.7895 98.8101 58.1017 54.5255 45.5201
18.1645 159.2095 189.2218 48.6220 33.2763 144.3962 182.3770 65.1517 150.2911 182.9750 165.2540 65.7889 50.1714 37.4918 82.7908 150.0290 187.4742 68.6431 195.9109 107.9236 161.1437 84.1388 206.6116 113.5629 124.8847 107.1611 81.2841 118.5333 91.3421 49.3192 158.3399 138.9381 20.2411 100.7866 89.9720 108.8354 84.2151 31.3703 118.9080 135.8654 3.7823 127.1058 41.4396 84.0108 0.0000 117.4205 112.3669 87.1022 87.9403 4.6662 46.6834 224.3422 66.1487 44.4731 126.9621 145.3464 121.9012 155.9630 116.5256 102.0875 106.4897 107.7241 131.3580 93.5299 53.3537 95.3540 40.8299 48.8381 238.8527 114.9987 124.4698 153.9532 15.5687 101.5773 166.9872 133.8873 40.0018 117.5101 80.1225 46.8138
110.9447 115.7661 95.9472 84.4492 98.2945 70.0940 155.1767 193.0848 47.1630 157.2478 45.9322 74.0180 164.4667 92.0181 19.9405 130.7334 26.8501 144.9991 84.9264 78.9092 103.2090 119.1578 84.8437 106.4716 4.9145 14.2836 32.0917 132.6173 160.4300 67.0525 55.5279 160.3065 81.1191 43.0247 58.7671 58.2017 163.9365 90.1313 50.3371 167.7913 212.6197 86.1284 210.7317 115.0762 117.4205 0.0000 86.0009 283.6716 34.3019 224.2953 72.8169 93.5594 228.4184 124.6105 173.1538 105.9744 195.2025 81.3058 126.1519 178.9706 105.0352 94.1283 201.7682 51.6675 112.7669 59.3545 101.6544 94.1594 93.9057 82.0267 162.3877 136.9897 119.1931 91.0702 25.2078 56.7640 52.8263 143.5177 114.1718 89.1142
71.2165 73.3397 103.3474 97.0462 172.0875 71.7838 123.8406 69.1324 67.7868 69.5611 91.0519 34.5442 3.5840 124.3431 116.4072 27.6664 145.6829 71.2197 75.8483 88.9830 110.6864 97.4298 129.1067 207.1186 87.4728 110.6489 115.6404 151.5826 122.6545 73.5226 94.1958 147.8646 2.6235 123.0341 166.5088 40.6543 182.6205 98.7169 91.3237 118.5143 131.1521 149.9059 27.8583 95.6738 112.3669 86.0009 0.0000 42.5092 1.7901 15.4094 51.0772 16.1818 114.0772 152.8582 86.5053 85.3348 7.2296 163.4741 83.2036 219.7887 138.9397 110.3776 49.2845 67.2480 46.7751 84.8582 72.6219 142.3971 80.8809 62.5989 110.0881 73.1161 43.8504 177.4103 45.3905 76.3848 144.6993 185.8087 15.8632 129.5108
63.6736 131.5863 96.0436 67.5016 110.4591 40.3644 138.8221 70.4261 23.1531 124.9725 133.7392 55.9743 90.1485 132.2929 319.3853 221.7279 182.8346 65.3981 141.1498 73.5068 18.0126 73.5545 134.5566 121.2782 179.9572 106.9083 96.5783 40.7400 153.9103 195.0067 87.8276 117.5570 151.2796 172.2919 138.9784 120.2494 239.3738 64.2636 103.8253 100.6794 15.2417 13.2753 5.0375 42.5887 87.1022 283.6716 42.5092 0.0000 72.8016 102.0910 128.6707 167.5943 87.3006 36.4130 54.0836 54.6259 113.7267 134.2869 181.0761 152.6685 163.9546 133.3642 65.9291 173.7344 116.5770 81.0788 41.4322 174.1428 100.0377 228.3494 120.7313 2.5380 102.9439 38.5326 97.4971 49.6884 164.0984 146.7947 165.9963 69.0294
40.8400 112.9163 109.8467 132.4596 97.9605 124.4116 63.2216 33.1807 26.0625 125.7480 130.2374 36.7806 121.5703 86.5179 154.6247 99.6798 76.2780 61.1815 54.5306 44.7952 172.7440 77.6166 14.3014 66.8896 183.0437 97.8949 133.3365 63.7873 49.5381 165.8666 121.4752 188.7411 51.1383 64.8127 50.2339 19.8870 218.8083 41.1819 54.8519 54.2012 120.9504 103.9976 33.1829 137.8332 87.9403 34.3019 1.7901 72.8016 0.0000 141.9964 50.5547 73.1481 87.4937 7.2113 14.9659 170.7873 170.8123 65.0320 143.3008 75.4509 120.0188 153.6103 94.0270 95.6611 74.7207 98.7073 33.3283 149.3166 3.6929 152.0438 116.6266 96.1230 131.6993 89.6214 36.7041 142.5001 85.0892 58.3094 74.3191 148.3120
53.0960 60.8836 134.9635 268.1291 180.3230 101.4771 121.8440 118.7174 112.0171 75.1335 3.7058 164.3475 56.4445 53.8143 58.6249 59.8528 130.8038 16.1795 156.0955 162.8747 87.6079 194.9870 130.1970 110.1947 182.8642 29.0764 147.1633 118.0534 43.6463 220.4117 177.7826 190.4840 114.0976 116.4778 59.2869 40.8734 74.4031 241.1998 93.6062 12.7325 178.2791 105.1529 76.9391 34.8302 4.6662 224.2953 15.4094 102.0910 141.9964 0.0000 194.2380 148.4593 93.5493 48.5978 78.3327 67.5711 95.8646 140.2048 84.6203 60.6638 86.8115 123.1099 107.7073 109.5981 69.4834 99.4924 149.5572 102.1695 112.4127 108.3458 64.4064 160.5319 114.3763 79.5285 146.2552 136.8570 119.6435 132.0859 85.9601 120.3105
87.2413 183.6844 58.2106 87.0359 151.3507 193.3614 122.6840 50.3298 134.0729 44.6043 74.1338 157.0214 120.4894 98.7453 28.0958 168.8561 28.1796 106.4649 141.1036 179.6869 101.9345 141.3029 52.7516 67.4595 97.1369 139.3753 148.1201 104.4056 196.9259 47.9096 159.7258 85.4554 125.2369 158.2789 8.8185 132.6296 74.5783 172.4975 131.6558 37.7504 34.7719 60.5189 20.5955 160.0776 46.6834 72.8169 51.0772 128.6707 50.5547 194.2380 0.0000 91.0127 153.3046 152.4777 62.3401 61.0843 134.4541 162.1382 137.3871 109.1154 76.6082 96.3932 119.9321 76.8135 89.2279 66.6646 103.3011 56.1019 116.3473 190.8786 125.2543 87.0145 73.8692 242.1100 78.8953 240.8286 181.4842 85.7745 52.7398 140.1219
113.6597 140.5148 86.8834 63.0134 22.6329 73.1587 29.3087 126.2493 19.3790 132.5325 187.9435 85.7314 180.0227 118.8816 14.5858 18.5512 107.9950 86.1776 82.7996 125.9030 150.9599 110.4190 33.6101 64.7696 2.3542 166.7055 11.0594 75.6608 91.3198 84.2435 24.9521 49.6307 173.1580 124.7671 99.2057 79.4958 98.1047 155.9596 130.1415 117.9430 128.0862 165.1124 78.9939 168.2319 224.3422 93.5594 16.1818 167.5943 73.1481 148.4593 91.0127 0.0000 122.9335 77.7849 125.7319 131.5785 100.3980 133.4062 124.3475 136.9083 59.6900 71.1329 15.5242 175.0821 185.7479 59.6544 241.8243 135.1597 47.2732 81.5034 89.9386 136.9643 77.5426 211.4359 64.5392 5.3237 80.1737 61.1894 107.2875 168.6348
104.5495 177.8048 91.3575 60.4574 140.6090 115.7744 19.2064 182.0634 70.1614 106.8201 191.8193 123.4413 39.2756 37.0941 136.4732 110.1033 25.6519 91.2346 200.4443 41.3196 218.4642 53.1426 171.2465 132.1490 103.3720 117.0263 109.2382 131.1804 255.7165 153.3441 187.3647 62.0710 137.6960 66.8233 30.3300 65.5832 62.2694 145.2678 124.0151 105.0537 36.3631 125.0888 62.9121 101.5808 66.1487 228.4184 114.0772 87.3006 87.4937 93.5493 153.3046 122.9335 0.0000 181.7927 21.0302 15.3407 27.4808 170.3776 118.6033 163.8779 203.7005 174.5636 44.1845 146.2286 168.8321 25.6832 115.2704 159.5515 50.3410 227.4166 128.1934 187.1639 8.6131 113.3336 64.1050 14.2028 93.4550 199.8870 201.5554 157.1474
94.7600 96.7266 96.8081 99.5159 116.9530 67.1393 64.9128 71.5112 71.8329 114.0008 94.7373 142.7529 81.3259 84.5797 124.8976 73.5034 62.6719 112.5949 44.5911 133.4396 40.0238 203.4037 76.0622 188.5459 94.7413 144.4965 151.4344 171.2216 15.0482 9.1275 148.3062 22.4088 118.4965 253.3663 113.6394 19.9497 54.1138 71.3048 132.9185 45.4443 178.0497 100.6976 177.7667 80.9914 44.4731 124.6105 152.8582 36.4130 7.2113 48.5978 152.4777 77.7849 181.7927 0.0000 63.8541 125.2729 115.4481 157.9094 43.7409 116.8966 164.5974 112.4130 164.1616 105.3590 256.5392 119.7630 99.7788 172.5850 65.3484 155.4365 172.1599 141.9966 66.8506 31.9792 91.2386 120.9733 91.4958 135.4150 7.9024 41.1981
62.4476 22.6137 125.3165 239.7626 132.7162 153.0267 45.1780 108.2588 40.7583 181.3658 146.5005 65.7563 89.0237 63.5238 182.3503 39.1425 81.9569 114.2728 165.7031 128.9157 161.8262 32.8032 91.0373 166.5122 129.6899 133.3075 198.7516 106.8372 84.9782 53.6112 31.8012 22.4196 113.5821 122.6378 125.6609 117.2005 25.7060 72.8064 83.9086 127.1826 53.7285 35.7626 92.5396 43.6231 126.9621 173.1538 86.5053 54.0836 14.9659 78.3327 62.3401 125.7319 21.0302 63.8541 0.0000 185.7159 57.3444 88.6706 126.3847 188.6195 69.4835 106.8096 122.9085 132.3179 40.8114 65.4993 22.6836 193.7816 69.8630 81.2562 98.6812 54.6806 101.1057 84.5940 23.8953 160.6432 27.2124 192.0459 58.4424 208.3460
134.2588 130.2367 111.2325 153.9128 186.5094 183.1317 192.0263 175.5006 87.7781 41.0706 110.0486 98.8195 128.0517 115.5239 59.3547 49.1058 125.5347 28.4905 62.4308 291.0484 136.1672 182.1752 162.1108 177.2930 35.4388 160.7246 203.2272 128.6090 20.7885 131.8380 137.0940 105.1959 96.2781 54.7930 74.7900 121.5939 59.7172 105.3874 69.2108 89.5815 108.2691 28.2677 71.6054 14.9439 145.3464 105.9744 85.3348 54.6259 170.7873 67.5711 61.0843 131.5785 15.3407 125.2729 185.7159 0.0000 72.9773 97.7801 163.5897 86.0717 19.2739 60.1571 112.5559 194.6337 125.1282 195.1831 148.4055 105.7297 155.3928 184.5802 100.1353 126.4696 164.9730 14.9640 57.3971 65.6031 168.7439 40.7592 41.7408 114.8235
111.5492 219.3217 154.3825 85.5822 116.5823 190.8857 16.4902 244.1241 236.5837 145.8327 61.2274 213.9495 70.7657 131.0418 79.8110 171.2213 142.4150 199.7445 63.5562 94.7839 257.9440 190.0696 156.1136 92.4925 42.3833 46.4406 111.3408 129.2231 49.2602 107.7074 108.4536 146.8426 42.3123 68.4461 158.2439 69.1891 129.1828 117.5285 153.4555 61.5512 82.9817 154.7827 157.4384 86.6264 121.9012 195.2025 7.2296 113.7267 170.8123 95.8646 134.4541 100.3980 27.4808 115.4481 57.3444 72.9773 0.0000 120.2630 86.9485 96.4087 56.7363 178.5018 97.8065 37.2558 138.8388 130.1394 76.1840 162.7895 80.7979 109.7909 77.9243 33.1003 129.1046 190.7797 174.4078 74.6096 161.0630 77.5036 57.5124 26.0074
39.0769 138.6740 40.5113 79.2098 17.0888 128.7997 78.8580 87.4925 147.2056 0.7727 159.1816 55.7587 74.8941 172.6842 129.7863 158.1675 168.4945 56.3169 67.3699 58.3603 30.6947 140.4206 86.1461 179.1163 102.0902 122.1800 61.2534 46.5069 1.9794 135.2082 34.4753 111.8817 125.4204 15.3698 130.6248 89.2092 160.7987 20.5261 96.6715 43.7209 91.2349 65.3458 15.1991 15.0435 155.9630 81.3058 163.4741 134.2869 65.0320 140.2048 162.1382 133.4062 170.3776 157.9094 88.6706 97.7801 120.2630 0.0000 168.5760 81.5618 122.9578 99.2792 218.2359 136.0204 172.4423 132.4669 11.8975 60.1128 135.9784 160.3758 26.4620 192.3463 220.8808 132.6476 82.0318 88.9459 32.7640 173.7439 133.8255 96.0095
