200
0.0000 119.0460 174.2021 38.0350 160.8290 82.5634 95.3006 90.8155 287.3590 163.9911 144.0980 80.1466 77.9059 94.7090 73.2091 34.6802 36.8221 111.6174 174.8717 163.9314 106.9365 68.8362 112.1634 247.2518 156.7230 155.2388 68.1452 78.3977 160.9715 178.4076 46.3153 48.7965 69.5274 18.2999 242.0877 128.9540 83.7424 60.6398 69.4433 92.2362 145.6113 99.9954 133.5010 71.5155 46.2517 101.9963 136.6630 84.4518 92.5367 57.9843 159.2966 84.7731 10.5597 137.2999 140.6150 31.3874 96.5944 187.9553 85.4533 95.0006 137.1215 85.9097 60.3064 148.1038 118.1378 24.6515 120.9454 37.0386 71.0152 163.4753 128.9743 159.9411 193.0642 80.8938 75.4668 155.1238 26.9144 139.0062 98.3964 119.6210 93.9468 90.9499 199.0511 103.1145 53.1570 158.4578 57.0832 84.8266 159.9658 103.4551 2.8953 56.7961 4.5870 55.1048 141.5053 122.4511 147.5730 137.4227 74.5513 21.4688 54.6307 104.7337 143.5790 167.9420 103.3938 80.2206 61.4065 38.2583 178.4986 72.2110 116.8091 66.2707 120.9617 182.7883 127.2046 130.7734 85.0364 64.9246 26.1287 47.4665 175.4358 37.7265 66.0515 75.5138 83.3205 153.1953 70.6540 105.4620 85.5743 66.8584 102.8160 219.3025 113.5119 42.3775 121.1058 144.8696 95.9966 261.3189 108.4172 143.4435 189.2518 173.5540 66.2538 66.0389 31.9191 81.3759 20.2088 90.8765 111.7091 78.5034 144.8473 23.2713 117.6001 99.8785 108.7266 146.9094 70.6088 162.7434 56.6053 71.7388 170.1268 33.8520 175.3664 167.7130 86.8285 201.0021 80.7120 60.2485 17.7872 69.4233 97.2176 82.4002 145.3491 58.0022 186.9076 95.3955 127.7678 149.8350 163.7918 140.5283 141.4336 169.4932 170.1851 78.0209 184.4558 159.3656 131.1777 112.8478 119.9476 74.0286 131.1512 170.9680 94.9018 74.8282 105.3381 214.6300 156.1288 66.2912 32.5513 191.6126
119.0460 0.0000 191.7369 106.0277 14.0378 114.9341 157.2353 141.3771 43.1735 138.5364 44.0384 134.3923 57.5964 109.0857 123.0203 35.0326 46.8552 100.3486 175.1137 125.5476 84.1008 80.2518 154.2375 110.4368 129.3242 32.9997 86.9246 71.5325 127.3772 151.9247 3.5369 174.1252 77.1252 90.4095 74.0598 144.5441 87.1623 133.5846 60.3155 79.6088 106.9338 85.6153 63.5697 93.7145 209.4168 148.4258 173.9496 123.8889 134.1579 61.5245 194.3730 45.6022 64.2784 46.1546 148.3068 81.4748 182.3757 57.3657 96.7387 81.8185 118.5729 47.2727 133.1858 100.3073 70.3647 39.3584 25.3152 125.3752 134.0016 133.0127 86.4462 127.0129 187.9956 41.4656 146.2009 127.2939 66.1708 146.1384 135.5719 115.9024 46.1814 16.9888 107.0030 94.5297 59.4722 133.2030 77.2248 81.0087 100.4115 192.9192 149.4718 143.3275 128.3480 204.7200 78.0187 102.2135 22.4322 198.5211 186.3423 59.5654 39.1023 106.2531 46.8904 93.3632 76.6009 112.0440 118.4487 37.2183 105.3630 101.2257 52.5103 250.1513 110.7431 139.9632 72.3029 183.1334 152.2306 90.8809 96.1815 125.9569 92.7422 133.2200 88.4922 101.9896 128.2304 74.8395 88.8341 22.0393 49.2800 67.8600 87.7117 29.6372 102.0162 72.2043 155.3347 101.9168 32.1762 49.9205 180.3467 145.1376 77.7777 107.2713 90.2202 39.9665 21.4936 108.9477 92.8862 168.3484 97.4708 134.9119 97.2149 102.2594 91.6747 55.3063 209.6249 26.9616 71.9366 60.0237 147.6079 134.3997 178.4198 144.9184 160.4674 102.4219 160.6373 229.0795 112.1952 100.0151 146.4707 75.5120 52.9597 134.2930 141.9360 36.7261 68.4775 49.0537 172.4423 64.6350 158.9665 136.1098 118.8806 71.1880 199.6209 64.1395 80.5498 149.7259 207.3992 90.0382 117.1012 10.7124 51.1408 60.5181 104.1844 42.9938 104.2331 68.0018 65.4175 167.2579 52.9813 47.5895
174.2021 191.7369 0.0000 106.8876 94.3984 50.1523 60.2793 58.6084 241.7708 104.5957 117.9701 130.6161 157.3681 119.8640 108.3148 181.6310 131.1011 73.7285 50.6004 146.7355 101.3943 132.8762 48.2545 145.0742 56.8134 96.2688 1.5326 200.1864 75.6046 86.8894 124.8756 1.8322 83.9686 130.6805 78.6192 173.5905 81.6357 157.9937 199.9630 95.0750 57.7249 110.8228 191.7498 57.6096 177.8569 130.1965 68.2128 133.5982 69.3950 130.2119 107.6360 14.1582 35.7915 96.5878 3.7542 105.5559 38.0039 45.3137 92.4628 32.0933 143.3335 127.6064 288.6622 176.2473 107.8256 174.0147 174.5577 67.1195 128.7439 134.8441 219.7967 144.4132 34.5555 9.0406 124.9949 183.5612 206.7825 92.4634 184.0606 137.2523 74.9384 115.6195 104.5191 181.1751 169.8750 231.8786 137.4080 47.4444 164.5048 143.0614 73.2588 73.1548 208.3373 47.4187 176.1701 145.6590 58.0990 244.9416 87.6587 124.7884 53.8287 121.7968 125.2665 160.4206 23.4875 155.9704 15.3799 119.5130 125.9526 108.9414 15.8864 156.0885 76.9117 23.5323 96.1350 175.4079 90.9635 200.5623 135.8949 123.3579 109.6757 150.4364 68.3309 108.5354 182.5488 73.6283 51.2286 101.2471 101.5305 186.4983 93.0309 97.7192 7.1888 90.2487 147.3144 153.8966 59.2505 97.9428 128.5286 123.6485 125.1979 152.8419 163.6348 156.2907 134.8212 75.4178 72.7099 118.1409 100.7125 88.4499 10.6848 16.9278 135.4805 119.8228 186.2983 110.5650 67.2079 125.9307 196.4174 16.3664 157.0280 86.7539 131.6000 121.4939 139.2250 115.3644 146.7197 206.1457 142.1852 118.4473 155.8841 105.4830 134.7135 70.7240 190.2318 95.0205 189.2234 56.4684 22.5942 10.8502 155.3390 33.4193 85.9100 115.7485 207.3621 71.9320 96.0011 46.3861 20.0777 65.2132 164.4231 129.0950 136.0298 158.7833 132.1827 78.9244 61.5414 66.8003 15.7397 46.6707
38.0350 106.0277 106.8876 0.0000 139.6173 138.3012 131.5515 65.1860 88.3900 126.8736 61.2498 107.7666 175.9845 82.4815 4.7713 72.2864 98.9461 179.2845 94.6883 37.0335 138.8109 66.1199 125.3749 26.9851 161.5309 136.8946 73.0509 116.6027 206.9494 55.5332 26.8090 78.9038 77.8401 224.9806 166.6943 72.9080 109.5344 56.6917 116.2399 107.0646 85.0700 157.6478 87.5854 73.3933 194.2074 97.5003 54.4364 225.2870 93.5538 68.9276 153.6876 104.8148 151.9402 140.9406 205.7099 67.4593 172.4275 75.3018 150.9555 134.8490 130.9466 130.2406 94.4632 129.4759 131.0418 103.3276 71.2355 124.5050 104.6273 106.4228 85.8807 49.9369 141.1898 59.7310 13.3495 106.5357 101.0881 29.4264 280.9503 16.4329 86.3417 94.5246 162.0638 44.6583 111.3051 194.2583 164.5993 39.0304 102.4094 141.6935 197.2900 120.0715 100.7063 201.2008 170.6680 120.5462 80.1898 159.1644 29.5475 35.9124 93.4589 37.5663 75.2241 88.6306 151.2233 150.9272 74.4116 175.6452 45.6595 99.8121 2.9859 190.3406 28.5101 268.1821 118.4068 43.4169 153.2953 160.7491 106.2161 22.0194 101.6770 91.1773 93.6748 96.2666 206.6874 161.3018 99.9916 97.6538 72.3871 36.0669 200.4906 6.7032 131.1024 70.9187 104.4970 26.3321 74.5972 156.5339 125.3357 111.2655 59.2996 80.5353 9.0533 93.5980 25.8784 110.1117 120.8183 143.5827 96.0722 71.3618 34.4922 139.0350 151.5090 152.4030 118.7628 177.7667 138.4824 102.0639 91.5465 179.2521 128.4867 121.2216 41.1740 128.1508 70.3448 156.0367 144.1351 11.5769 95.0777 180.9556 41.2567 65.4470 17.7624 6.3092 83.2924 92.1332 97.5178 79.4927 208.6156 176.9036 146.1905 102.5723 129.3340 78.5019 16.0714 113.6445 58.1528 176.9055 103.1153 74.8588 83.6118 142.4605 42.8241 81.7328 78.6180 6.4624 117.0723 77.6118 95.5934 117.5325
160.8290 14.0378 94.3984 139.6173 0.0000 121.8571 56.7025 158.2442 236.4702 69.3664 103.6592 90.7929 140.2170 47.4487 110.4136 91.7260 145.5116 110.9424 83.5578 115.6071 143.4364 134.0556 143.3429 209.2337 167.4923 64.2068 158.0930 161.1540 103.5130 123.8510 9.5871 175.4892 10.1314 25.5169 249.2584 16.9202 55.8893 104.6273 125.2508 137.6594 198.3215 154.7777 28.1832 171.7876 129.2413 93.0048 93.4381 32.5099 126.2502 103.2076 55.2320 88.7576 92.2853 141.4756 80.0633 58.8985 126.2033 105.8283 17.9667 184.2881 162.6087 118.7067 40.1629 160.2202 136.4788 144.9242 120.3690 85.0631 154.0916 232.2727 60.5322 54.4201 28.6439 168.5931 71.3181 52.1012 140.1249 143.0693 82.7979 76.0223 151.4824 150.1096 50.1708 148.0077 51.5674 166.4113 119.6863 190.8963 122.2832 1.3481 32.5203 168.5704 151.7760 110.6451 37.8136 130.1574 50.4361 38.6312 133.9226 118.5648 38.5437 50.7217 122.0776 130.1856 109.0217 38.2757 35.5404 126.4897 157.1140 35.4646 173.7949 166.7460 100.1192 109.7287 128.7347 87.9660 100.4448 156.6170 88.8133 96.6744 42.8524 36.3849 161.4671 120.9680 11.8004 181.9899 86.0175 174.9320 211.8173 58.6743 74.9169 112.2397 120.7416 82.0357 190.7836 179.3463 184.1887 152.1061 149.3187 19.1294 27.1235 213.2852 94.6991 117.4483 73.9890 97.1932 63.6015 97.1886 87.8132 57.7432 176.9797 49.4341 117.7254 110.2547 83.6063 117.3385 119.8220 90.3274 201.0779 95.1989 71.6224 27.8094 25.2767 79.1335 63.3806 19.1036 32.4168 129.7958 196.0879 95.1911 107.5967 167.9239 72.4833 12.1061 112.5671 21.8930 202.7302 132.4778 72.5644 112.2871 33.5977 131.8906 42.3905 35.1764 111.3505 152.8285 77.9282 227.3408 120.6649 220.9972 153.8661 22.2256 67.2139 3.3315 146.2626 126.9600 169.7064 161.0290 117.6814 96.7592
82.5634 114.9341 50.1523 138.3012 121.8571 0.0000 182.5896 141.2760 81.7857 46.5076 63.9004 83.0269 191.2245 76.6090 93.8324 17.6318 249.0842 134.5340 170.6646 180.8958 62.7061 24.4376 25.9601 46.6554 151.5393 71.1543 2.8389 119.0017 244.6985 158.5185 104.4699 224.8489 66.5970 185.2877 75.4556 59.8808 5.2833 171.3889 90.6331 80.9042 103.9952 67.4503 41.2736 117.7387 171.8023 68.8909 97.9262 65.7940 9.4588 155.3405 8.1114 88.5022 102.7229 47.6717 201.0122 96.3490 62.9436 142.9104 78.6266 145.1909 91.5250 216.2791 117.5663 184.0815 138.0029 70.7090 129.1682 146.6608 99.3393 73.5020 101.2477 20.6203 86.8373 23.9023 110.5795 63.2562 175.4845 211.5243 168.4537 157.4565 37.5278 177.8368 155.4846 49.1998 37.9906 77.8268 128.9737 68.1866 188.2031 2.3247 119.3244 101.9118 20.0397 102.8443 27.0166 178.2772 76.0315 120.2379 197.0316 152.6996 8.5984 59.0469 115.6582 155.7228 150.8708 42.1983 175.4702 52.0576 132.6712 80.5351 65.4714 131.3988 118.8516 16.6638 87.7792 80.8719 102.8093 143.3976 92.2164 109.5521 27.7537 38.1530 198.2567 38.8849 36.3376 147.5985 96.7413 104.8304 28.8003 122.8667 128.1193 83.7449 59.7818 171.4815 73.7373 86.5358 203.9590 155.4293 116.5702 43.7264 109.0827 83.4307 84.6153 120.7329 82.7279 18.5604 84.0419 174.6470 92.0884 257.7342 104.0398 79.9485 169.3985 77.2334 98.4532 87.7256 117.5033 109.5628 63.2789 82.1466 11.0557 157.4122 92.6545 81.9569 145.0541 173.5591 151.2438 135.8934 168.8757 69.0829 61.0972 163.6228 63.7298 39.5624 60.6914 138.3633 58.2883 157.3477 88.8309 129.3251 100.0446 79.4687 88.0691 81.5036 102.6675 128.0523 48.9664 114.9723 40.6317 87.0770 89.4521 72.7551 44.9728 146.3821 67.5279 118.7221 146.4928 33.1118 31.8350 71.3496
95.3006 157.2353 60.2793 131.5515 56.7025 182.5896 0.0000 1.4392 8.1673 86.8784 147.9009 162.7974 68.7731 17.4962 113.4056 13.2966 70.5816 130.4624 129.8343 174.1590 142.9525 88.5350 92.1831 35.7789 46.9814 11.5500 53.5264 143.9821 113.1720 129.4463 131.4832 43.8224 23.0895 190.8610 158.8278 125.3225 144.1575 9.9946 135.5461 37.3937 149.0078 45.3285 186.2904 148.9422 248.2502 150.8478 117.2096 107.9429 92.9733 229.5522 163.7069 58.4795 80.9001 85.0142 64.2610 89.6736 115.4888 58.3161 75.0716 153.8821 127.3802 136.0423 121.7273 29.2304 23.7130 163.5298 111.0414 107.1608 68.8032 68.1317 74.4115 42.1654 50.7075 29.2437 96.3198 87.5021 104.9077 122.2417 73.6382 75.8482 132.6326 101.6874 60.5881 171.4921 56.8789 32.2940 78.6002 182.9953 53.2029 38.3180 124.4951 116.5467 28.3224 200.7169 152.5604 227.8935 64.0169 129.3613 122.1906 76.8757 190.9661 11.9010 171.0318 129.1954 154.4440 149.4907 71.6433 30.1040 62.9145 155.3890 112.5736 116.3807 129.1107 125.7933 29.7656 90.5392 81.2495 86.0485 124.0549 99.7523 86.4199 92.8120 72.6374 97.3977 69.2817 13.7423 29.8312 39.7887 165.1560 83.9038 162.4468 99.6400 72.3067 133.3480 68.6162 138.1281 151.7072 100.7296 94.3707 42.7876 105.4985 62.7908 131.2653 67.4495 154.6755 111.1341 66.7067 145.8085 100.0191 99.2762 19.4081 148.3499 159.3757 161.9092 132.1244 156.5360 71.1809 59.9609 25.6386 154.9327 134.9898 87.1624 239.9785 178.7545 145.0122 67.0088 45.9439 33.1128 160.5450 163.2711 53.1779 109.0026 60.5025 108.6600 28.3759 109.5428 128.8358 201.1647 150.5604 36.7256 102.8439 95.2949 166.9460 52.4392 78.9667 116.9206 161.8382 82.6038 84.9954 77.9461 13.3446 178.2247 38.7048 126.0232 138.2607 44.7057 143.4004 42.2644 148.5650 198.2669
90.8155 141.3771 58.6084 65.1860 158.2442 141.2760 1.4392 0.0000 34.6463 53.0182 28.2233 56.5404 215.6857 154.5443 93.5839 13.5417 189.5154 165.5259 123.9150 35.9818 88.1437 22.0327 7.6292 284.6921 139.1194 7.4441 29.8221 112.3217 66.3709 161.6152 131.5279 67.5421 109.6503 47.0682 57.8993 14.9325 123.0867 159.6444 67.9345 61.3898 155.7983 100.2216 174.4394 99.4589 81.5556 108.7194 141.6798 98.0887 74.6061 202.2990 52.3402 173.6739 145.1439 264.7430 79.3907 96.6464 189.9347 103.6147 79.2707 188.3616 133.5502 75.9448 63.4690 77.4793 180.7444 4.5255 50.0421 179.2691 135.7215 123.3442 85.1223 2.9128 93.9585 83.6518 123.3191 93.7167 18.8362 155.9652 122.8098 227.7799 101.9198 66.7258 100.8170 131.3639 137.2723 190.8921 41.2665 148.1623 28.9336 80.7226 218.3075 149.7320 149.0087 6.5775 98.8519 81.5930 65.5403 23.3958 111.0194 45.9950 139.6875 118.3719 138.7585 207.8271 162.7915 161.0071 92.3506 32.5103 88.5659 43.1197 203.2953 63.5695 97.7042 91.8395 30.6633 92.5921 124.3511 103.5564 104.5666 76.0983 153.9788 73.0824 89.7265 82.5820 99.8958 55.8086 101.1552 122.8383 148.4941 94.2064 138.5793 15.1465 171.1088 89.3633 80.0305 90.1342 139.7841 54.8400 84.2600 167.5931 133.1595 67.3582 196.8247 142.4994 20.6579 94.4774 62.5494 75.3695 78.1441 43.3284 126.3919 130.8607 53.2003 55.1257 119.1764 85.3452 47.8130 135.5980 150.4536 56.4240 188.0024 47.8703 5.1849 98.2070 73.1839 172.0852 170.1075 102.6159 134.7816 84.1488 36.3793 129.7286 133.7297 117.5984 126.0822 188.2043 212.4320 58.9886 84.5107 86.5720 29.6814 136.2156 208.4626 109.4126 89.5112 52.9563 210.1923 203.1419 49.4211 16.0238 25.1166 99.5699 151.2254 189.9719 208.4437 148.8889 110.6210 86.5974 89.2130 93.5917
287.3590 43.1735 241.7708 88.3900 236.4702 81.7857 8.1673 34.6463 0.0000 95.0710 96.7366 66.7701 76.6030 206.9727 89.7974 24.6603 187.7396 113.0345 196.1124 71.0977 52.7069 101.0644 150.0629 130.0242 135.5495 179.8131 72.5225 14.5749 61.6719 194.0776 184.9299 116.1467 93.4908 19.1514 132.5438 83.2964 150.8966 80.9091 118.4633 21.3973 62.5432 149.4214 168.5586 136.2188 51.3564 128.3110 65.6196 135.9237 141.7642 135.0041 9.6456 32.2026 50.9397 124.1903 38.0982 111.2530 87.4182 36.2998 66.2467 46.9515 32.3583 52.7477 16.0828 191.2915 166.5397 145.2739 155.6778 65.2306 89.0803 133.4028 141.1790 129.3718 66.8344 124.0793 123.8525 146.5114 151.0471 120.3316 71.9901 207.5265 179.9455 85.2835 177.2327 141.6236 130.0550 48.4914 138.4160 106.7380 74.9180 47.9668 208.1954 46.8345 68.8887 118.7027 156.8152 2.4980 81.9070 11.8407 59.6836 72.5095 77.6873 87.6575 155.5169 129.4638 142.2261 3.5632 68.1355 81.1119 115.4515 224.3451 115.4516 142.3851 34.0819 150.0257 83.4338 203.3787 169.5348 44.7453 218.5124 73.6031 85.6000 81.0888 115.1930 61.9451 66.9359 62.7127 22.5991 152.5953 104.4774 116.5263 79.3692 151.5914 284.0437 143.6718 156.5606 65.2224 62.9296 234.2493 78.2495 66.1245 31.3187 106.1953 27.7824 56.4612 41.7440 167.7513 54.0234 40.9088 71.1171 51.0070 86.9437 5.8245 57.7285 111.0811 106.6297 204.1531 165.0244 167.5198 68.7275 181.1131 153.4075 33.8574 75.0978 185.1312 66.2472 73.3249 42.9755 166.5981 121.0267 95.9243 4.7580 89.6846 49.6759 119.2209 186.7291 104.4118 55.5614 142.9826 31.3181 32.8426 101.2130 146.3575 106.6282 90.7915 118.1693 153.3977 157.3984 39.4484 166.6749 86.3351 145.8421 211.0479 3.5069 121.6723 99.4288 150.1246 59.6687 164.4552 149.2110 225.0168
163.9911 138.5364 104.5957 126.8736 69.3664 46.5076 86.8784 53.0182 95.0710 0.0000 102.5092 36.7000 40.8453 159.6449 96.6500 76.0794 106.3934 66.3829 64.2606 121.8943 96.9675 113.8026 188.8878 91.3589 114.3181 44.9914 172.0982 68.7930 0.0341 37.3094 106.5375 197.8607 60.3341 114.8250 158.3991 115.5965 133.6699 21.2365 190.0519 167.5346 83.3938 59.4131 84.9623 155.8746 153.7022 224.3874 57.0910 26.2399 25.2947 52.8349 143.7894 108.2094 82.1104 36.3726 175.4827 149.1216 113.2100 54.1448 154.9095 113.3790 20.5724 140.7093 111.8807 165.1108 152.1811 109.0197 156.8720 117.3196 65.1674 184.8131 187.0917 212.8565 78.7141 143.1853 186.2586 251.8951 9.9776 77.9679 150.3834 170.6785 253.5517 156.7380 223.4702 62.1796 60.4406 139.8713 96.1464 96.9887 39.3237 99.6288 158.8378 251.9925 13.9961 133.8540 89.5929 41.8560 99.9955 99.8106 60.6441 24.9335 147.3153 95.4786 158.0050 156.9843 88.6134 22.6028 76.5953 171.1397 112.7371 97.1690 12.6650 74.0238 196.2366 32.8822 119.8543 117.6520 49.3960 113.3385 151.3238 190.4506 66.4304 109.8785 27.5680 87.8525 126.9661 29.7342 49.2047 141.7676 150.7641 131.4797 26.6966 134.5812 207.4115 220.6171 131.0444 6.3031 168.5263 60.7134 259.0126 64.1238 23.7204 76.3573 83.4091 98.7139 92.4873 40.4800 34.4423 178.0081 146.5636 122.1069 165.6993 7.1273 53.2707 106.7818 85.5992 106.5630 109.6676 215.1447 89.8570 148.8844 2.9509 99.4049 12.6493 67.7213 91.9770 96.4082 113.4669 128.6543 102.5762 43.8625 85.5356 166.5933 134.5622 30.7662 79.4483 117.4766 104.5164 106.3608 98.4430 82.0981 33.9489 101.3912 128.3458 102.8873 94.3371 71.2319 157.0229 33.9687 183.2705 109.7838 102.2605 34.7296 120.0903 11.9282 144.0334 90.4834 152.3694 253.9411 186.6507 69.7946
144.0980 44.0384 117.9701 61.2498 103.6592 63.9004 147.9009 28.2233 96.7366 102.5092 0.0000 116.0604 75.2012 34.7619 169.5309 148.4957 86.8238 3.9979 130.0809 213.9285 59.3127 35.5391 67.1810 188.9476 76.6298 33.3665 123.3519 143.9947 117.6340 99.3905 134.4676 88.7987 66.5373 138.6599 50.8266 110.8361 4.2642 130.2670 21.4487 91.3972 59.9716 20.5601 64.6476 152.1154 70.5365 165.4071 136.3349 132.4504 68.4825 65.7079 161.7606 60.7516 40.3378 57.3133 159.3396 141.4890 45.7262 68.7963 58.7305 72.3503 112.7137 114.0618 145.6236 98.9546 127.2660 38.1737 135.2540 28.4326 104.7458 96.8168 113.9407 230.8765 5.4969 178.1408 105.4032 32.4165 96.3092 27.5882 36.3086 118.7866 37.4974 107.2264 117.8891 105.0233 132.9510 112.4132 82.1610 124.1925 73.8343 144.7375 145.6524 165.3898 103.5245 98.9023 92.2560 41.4825 163.7562 182.6603 8.3977 56.6424 100.8349 93.3970 127.0123 124.2684 171.9177 140.4363 90.0609 92.9315 175.2358 79.3556 120.4606 163.7914 140.1315 211.6523 114.4804 62.9079 80.7433 116.8051 136.7129 72.9119 24.1997 28.4071 76.3947 74.7403 136.8013 58.2559 44.4898 113.5418 144.1203 164.9733 12.8718 144.9382 61.6737 75.5951 93.9218 61.9650 86.7047 64.6751 127.9480 13.9676 37.8358 81.1796 27.6633 122.8408 83.8222 230.2323 210.6121 112.1949 125.2720 119.5905 137.6266 61.1643 100.5946 121.2266 202.8114 35.3691 37.6380 63.5361 121.3276 133.5827 77.9329 89.8354 211.8808 178.1715 70.3099 175.8184 101.4630 157.9754 106.3564 87.2318 39.8756 113.5585 134.1677 96.1274 78.1505 147.3101 71.5254 42.2252 173.4784 50.2025 77.8505 169.5768 37.4685 166.3451 102.6974 43.1101 93.0421 52.7549 168.6056 108.6718 32.4502 94.1074 67.4338 73.1555 64.0422 138.2987 94.3378 135.8623 81.6553 66.0167
80.1466 134.3923 130.6161 107.7666 90.7929 83.0269 162.7974 56.5404 66.7701 36.7000 116.0604 0.0000 45.8228 78.6333 69.4030 49.4799 76.4996 28.6889 152.4960 197.1934 93.3724 71.8089 144.4856 55.8307 123.9878 170.3203 115.1342 77.7232 134.6832 38.9554 92.5717 110.7224 165.1143 107.0292 115.9905 224.3370 77.4883 116.5861 102.3299 29.3401 128.7134 25.8808 95.4000 82.3847 64.6500 189.9427 73.5162 124.4221 127.0842 90.9915 166.6590 85.9644 137.9045 108.8093 102.3001 104.5406 84.9952 63.8596 166.9853 141.1215 103.7861 68.5612 74.9117 42.7727 53.6666 151.0076 170.4801 107.1784 50.3835 128.8556 129.0771 137.7608 76.8480 124.4277 140.2944 122.1693 78.9962 160.8663 160.6490 56.5993 137.8791 104.3631 180.5543 55.6667 29.9344 60.2844 65.4272 224.6730 128.3465 105.5391 78.9381 105.5075 51.9872 93.1850 27.8313 146.7870 90.3855 105.6461 130.2148 111.9621 135.7846 53.4010 102.8317 116.4448 273.2326 153.3812 58.4116 169.6206 134.6555 60.5950 205.7949 139.9669 130.1563 154.5986 80.4173 178.0769 45.6570 57.0875 139.4270 93.8104 112.0240 82.2101 111.2752 82.4028 34.6630 113.2214 101.2009 112.5929 42.9404 184.3663 113.8285 57.2015 140.4495 31.1228 82.3252 174.8687 141.8628 118.4485 34.6488 86.1836 77.9115 89.2476 95.4452 28.7501 174.9731 142.4828 106.6069 146.5072 118.5116 97.9519 146.6263 20.7415 134.9019 206.9848 49.0717 99.6972 66.0931 11.8330 78.3400 142.7859 132.7645 59.3913 84.1531 93.7235 67.5123 187.1489 121.2816 148.8559 43.6720 62.6504 31.1723 97.8568 109.2810 18.6262 42.1722 87.8536 93.1585 152.2884 41.8138 166.7579 56.7791 234.9855 82.5211 40.3322 95.1408 142.2117 195.2719 47.2444 260.6037 29.8311 67.8432 90.0396 199.0221 122.5197 98.0528 58.8610 166.7098 87.6225 90.9493 101.5853
77.9059 57.5964 157.3681 175.9845 140.2170 191.2245 68.7731 215.6857 76.6030 40.8453 75.2012 45.8228 0.0000 138.3695 112.2406 50.6749 173.3452 107.0831 193.4342 184.3600 105.0372 165.6253 230.4687 110.7765 111.7493 236.2322 43.6399 110.6650 153.0326 112.7250 103.5029 199.8004 106.2959 72.1053 48.2366 93.7782 68.0092 139.2870 81.8367 102.9387 55.8201 37.5053 118.5408 189.4997 14.8708 81.7731 57.3345 186.1906 102.7047 150.9268 47.5967 109.0804 47.4078 124.4540 159.4448 20.9654 19.5085 20.1400 30.5848 30.5666 46.5949 48.5271 108.5713 83.6811 136.8771 72.8172 56.0279 111.9083 61.9956 119.2481 179.2939 140.8497 97.2209 64.8684 161.9026 48.1820 122.1912 47.2214 209.5415 120.0325 131.6329 45.1667 163.0241 145.4138 69.7935 40.2191 82.8163 219.1732 76.1471 88.2670 69.5761 74.2996 91.4331 89.5624 143.7177 91.8871 163.0276 183.8766 204.5619 49.6262 59.1571 51.5687 42.6698 23.6933 80.6826 174.0228 58.8251 2.0774 64.9974 92.8746 135.9858 156.6631 0.8680 134.6685 76.3890 102.9453 81.3753 120.4855 0.1361 33.6023 111.9024 52.6384 121.2553 20.4686 99.0630 94.8498 69.3809 154.1436 116.5003 33.7624 69.7621 111.9901 66.9561 220.2340 78.1211 116.0852 153.4759 196.8212 121.0563 19.3250 144.8251 136.7736 161.3045 167.0098 135.3273 68.3137 164.0732 184.2511 66.6257 77.5338 106.0234 82.3747 138.3626 174.4837 44.9588 88.3507 172.1693 102.7401 118.2757 13.5873 37.8218 91.5983 23.9692 77.6217 89.4791 16.8710 207.9455 66.4488 206.9345 41.3802 50.0147 78.6184 97.0749 155.0883 74.8407 71.6060 87.6882 33.7033 149.6225 21.7509 125.6141 98.7310 89.4443 157.6234 74.4505 44.5727 197.3902 15.7965 181.2100 133.3379 92.8240 41.5307 163.0340 15.6258 94.6614 146.8054 156.0309 39.3735 55.0285 127.4603
94.7090 109.0857 119.8640 82.4815 47.4487 76.6090 17.4962 154.5443 206.9727 159.6449 34.7619 78.6333 138.3695 0.0000 109.2592 125.9172 37.9406 84.2886 57.4498 26.8538 212.8804 96.3592 31.2334 171.5542 110.2432 99.6959 108.6624 85.2387 93.9518 19.2587 90.0325 141.9665 225.3518 94.3861 2.8381 71.3791 260.3650 109.4214 49.9850 68.5509 121.8596 147.2387 149.5490 75.7719 136.1454 99.1446 30.0648 160.2018 66.4028 13.7607 55.6835 133.8671 124.0410 194.3773 133.0525 155.7225 165.8023 129.7801 102.7866 157.9467 56.9311 48.7134 52.5488 19.3428 185.4148 62.4398 104.6318 165.0784 166.3240 61.5880 38.3448 130.1390 141.5197 48.8204 13.8849 85.0643 40.3552 79.4785 108.8270 115.3742 116.5382 79.2537 28.5207 84.7396 183.2775 226.3244 46.1545 213.5730 191.6381 135.6097 53.5757 29.1142 98.8984 66.3659 155.7876 143.9159 107.6551 57.0757 77.3733 88.3792 54.7183 148.4391 89.8387 114.6340 185.2919 145.9121 112.6972 86.9828 86.7559 67.9090 77.0682 31.7780 185.1353 116.5078 124.2872 127.2699 14.4605 82.5819 113.4071 138.5587 63.7096 28.6783 137.0547 6.0326 9.9953 5.8976 55.1642 107.7385 108.2343 90.6487 125.0331 57.0291 75.4220 189.3031 55.9329 86.6151 25.9097 124.8945 134.9194 115.4387 106.7453 181.5512 48.5920 222.6907 50.9865 83.3825 217.6300 30.7481 160.2967 35.1710 112.8610 90.5375 24.2865 155.7368 59.4314 80.3711 152.9019 73.9144 203.0776 47.7436 155.2376 146.1503 213.9195 112.2422 106.9453 157.8031 124.7027 116.1406 256.3723 118.2426 152.1598 184.3381 150.4732 110.5076 137.1905 214.1414 136.0863 31.3547 125.1600 87.4108 85.2071 209.1506 63.3542 124.9558 24.8737 97.2744 45.9709 178.6828 135.7165 218.1728 56.5926 103.1184 160.2046 101.5201 107.7679 26.0178 89.4039 108.8744 91.2776 86.2204
73.2091 123.0203 108.3148 4.7713 110.4136 93.8324 113.4056 93.5839 89.7974 96.6500 169.5309 69.4030 112.2406 109.2592 0.0000 105.6728 148.0225 119.6271 91.3283 113.8949 128.7878 125.3826 46.6048 118.3285 24.4874 196.9967 97.5408 89.9551 89.6588 150.0609 162.7550 105.1123 47.6253 46.7669 20.7952 71.5982 115.0914 74.5712 132.9139 135.9888 129.1516 160.0161 87.7887 208.7763 75.1803 111.4491 185.4010 135.7741 40.0353 208.3201 97.0047 76.1605 79.1096 201.0544 29.5192 274.1545 97.9242 2.8476 32.5604 207.1440 118.8603 146.5666 74.4779 164.1216 107.7136 140.7605 144.0341 135.4304 91.1516 4.3978 216.2321 176.9002 102.1015 76.7054 13.0693 91.2646 61.7030 78.6971 42.5621 83.9629 77.9044 99.4241 138.2190 60.0887 55.7423 88.2556 54.7470 135.7093 195.0444 118.0430 167.6689 120.8385 132.7951 56.3226 58.5383 11.2550 17.1484 40.1084 91.7526 19.4072 165.6526 121.1845 128.8713 69.6046 27.4391 145.1084 88.3991 82.4113 162.4295 77.4697 66.1419 109.0253 32.2546 63.4901 80.9168 80.9257 84.9176 123.8483 134.7986 128.5323 3.4124 0.2115 36.5915 152.5286 56.6050 103.5920 24.4973 87.3868 45.3998 123.4057 182.2100 48.9098 92.4699 71.2767 136.0296 205.3396 90.3616 216.3905 221.4177 87.4356 64.4850 176.2834 28.9494 167.8009 95.0953 115.2596 122.6219 157.3002 137.9878 69.6449 108.3785 39.4464 40.0046 137.4047 75.9603 115.6138 204.1209 53.7151 123.7927 18.1079 105.7565 94.9278 60.3804 91.7034 148.3756 134.3345 202.3949 71.7610 107.8896 92.0670 0.6939 119.8825 48.6766 117.6755 196.7097 9.1525 138.1329 64.6991 113.5557 90.5805 51.5363 147.3727 169.1821 165.2577 103.7768 86.8741 112.0022 135.9125 115.4017 193.0369 75.9039 170.1853 85.1718 76.1874 131.1470 76.6259 140.6137 122.4442 203.9171 198.5404
34.6802 35.0326 181.6310 72.2864 91.7260 17.6318 13.2966 13.5417 24.6603 76.0794 148.4957 49.4799 50.6749 125.9172 105.6728 0.0000 145.0489 45.8873 146.9656 86.6482 79.1893 88.5019 135.7501 72.1327 152.4150 14.6726 52.2287 198.7455 220.4528 161.7496 88.9586 156.7136 101.4954 96.2870 132.1337 53.7474 73.7182 91.3631 147.0473 37.3169 0.3409 181.6477 58.2336 57.5211 162.9138 71.0922 235.3352 87.3167 40.3093 141.3996 108.4442 169.0019 87.4616 73.0890 108.5604 165.1283 118.0648 6.2892 151.9077 55.7084 81.0819 192.7602 123.6386 108.3067 82.6522 177.9921 29.4553 34.7644 34.5699 126.0324 103.0605 63.5106 30.4323 137.5308 95.8472 127.7435 148.9650 103.1883 72.1903 163.7502 48.8965 155.6083 145.3685 122.1868 171.1343 76.6426 126.8872 123.6720 102.6665 114.4254 40.6715 43.5041 147.4379 27.9056 65.6729 8.4897 143.2716 108.8967 137.7026 52.8244 136.3697 98.9698 61.6625 106.2944 90.5978 57.9334 148.9973 201.3300 33.2842 49.5133 73.1027 47.3068 134.8144 41.1124 68.2454 120.8396 167.4018 67.2604 124.0420 92.8008 249.9810 147.7984 93.7069 102.3431 138.5301 181.7752 189.7833 2.0518 72.3551 125.0775 124.7704 115.2368 24.2481 79.9436 111.6195 93.4029 20.5869 198.5019 134.0786 122.6180 41.1207 134.8444 112.3666 64.6026 62.0301 112.7642 72.4980 139.1229 99.2568 211.5882 15.9796 125.5908 42.4636 53.3322 83.5762 60.6798 93.7282 115.7716 44.2339 102.9637 100.7102 19.0152 92.0800 86.1071 113.3858 3.3324 1.7109 46.3938 57.1547 117.0782 147.9690 178.3531 121.2541 56.6274 112.8433 121.3699 61.2499 143.6948 61.7025 147.8593 150.4618 90.3163 35.8147 60.0765 66.4578 6.5525 9.3111 100.0491 172.4840 86.0326 12.3386 170.6198 60.2044 91.1062 58.7521 151.1012 127.7988 143.2953 131.4137 33.7824
36.8221 46.8552 131.1011 98.9461 145.5116 249.0842 70.5816 189.5154 187.7396 106.3934 86.8238 76.4996 173.3452 37.9406 148.0225 145.0489 0.0000 52.3253 96.6986 81.3121 123.3903 126.7691 74.7312 82.5467 183.2299 129.3657 178.5858 76.1168 66.0042 135.4258 120.8467 62.4833 84.8062 60.9351 121.3217 68.8945 5.6456 113.5705 62.4670 91.6867 77.8475 145.0897 68.1286 107.9244 38.0389 87.8188 195.4989 220.2018 120.7164 87.9254 60.3988 180.0234 231.0230 62.8771 58.6034 181.9528 46.7287 130.8215 96.6994 165.9299 155.6538 214.3886 54.9341 166.1942 67.2039 123.5525 107.2298 102.5524 56.5759 92.4752 37.4030 147.2889 143.7087 174.0876 47.8019 155.6326 32.8336 86.4876 133.2389 196.9648 74.0258 71.3002 167.9728 153.2429 49.6907 79.5026 121.5866 78.6176 191.4984 25.3305 123.9262 126.4024 88.7881 115.3503 92.1775 103.2370 39.1825 20.1403 81.9018 116.0689 119.9847 228.2846 217.3439 134.5367 209.6518 158.1656 74.3179 117.0379 57.5330 42.3493 155.2896 68.1555 126.1203 228.5429 46.5684 138.1054 112.1599 117.7338 172.5169 203.5777 62.8177 53.1187 184.0414 107.2100 92.1067 41.5509 122.2554 108.6421 71.3757 152.6464 51.2725 129.7370 123.9810 59.6844 46.1357 83.8780 116.8311 182.9023 175.7251 68.6733 100.1258 77.1640 169.9726 85.7335 176.3359 113.3214 218.9049 113.5902 145.4005 40.6721 44.8412 100.2792 187.9331 52.8245 93.9802 210.0319 60.5923 111.5876 115.1040 81.1914 150.9869 79.1047 151.3367 145.5473 152.9149 38.6319 131.2343 52.4588 92.0366 152.8344 93.4033 64.3857 22.0199 15.3063 74.0822 54.5141 106.1548 190.1172 188.1393 169.3687 76.1651 88.2040 66.0044 43.3476 28.3541 45.5226 22.0154 34.5578 110.1862 190.2425 127.6715 124.3258 182.1100 119.5859 130.8151 63.2223 22.1465 69.3659 117.1200 173.0810
111.6174 100.3486 73.7285 179.2845 110.9424 134.5340 130.4624 165.5259 113.0345 66.3829 3.9979 28.6889 107.0831 84.2886 119.6271 45.8873 52.3253 0.0000 132.1779 145.0058 88.9740 120.0441 39.7457 148.5840 34.4820 93.7276 77.8992 127.8148 30.4464 60.5566 31.4291 72.0755 237.1817 115.6751 233.7045 96.0073 140.3334 0.8645 184.8960 150.4731 47.3848 174.3686 116.6420 51.0065 75.7512 181.2943 216.4511 90.5156 205.4152 57.2779 46.6478 95.7357 71.1874 93.2901 67.5563 27.7120 99.8215 10.1657 90.1854 26.3893 118.8710 16.7023 71.5549 63.4271 15.6044 222.4879 73.4405 135.6954 96.9587 118.6447 107.7916 128.1877 52.9607 192.8027 131.7361 132.7496 60.5186 188.4465 61.8880 161.4796 48.4084 34.8183 86.5140 66.8778 22.0552 3.4412 52.8935 129.0692 47.4854 81.1839 118.5604 146.2127 115.3726 64.4038 78.3310 168.4282 159.4837 10.4826 93.9433 125.1842 175.0169 129.7149 65.2316 94.7960 201.5459 148.6488 122.4414 147.0853 128.0288 37.3933 208.1179 24.5422 138.5548 146.4054 60.8955 126.9215 154.8761 74.2476 155.6823 145.6173 3.0908 51.4799 82.4067 69.4739 147.7764 94.9573 100.3382 72.5173 109.7895 222.0742 91.9319 77.2440 109.9622 88.7109 196.8413 156.5462 71.9021 8.6036 47.3521 4.2630 151.9507 238.6564 117.0758 146.2326 142.7432 49.7751 122.9358 85.0715 114.1553 83.3812 158.4511 32.0402 89.2428 271.3765 217.7383 21.5214 52.2633 53.2892 74.8397 61.4425 86.9454 103.1959 108.6320 165.8406 119.8077 96.9328 234.8876 93.3017 63.0361 175.1196 40.3264 85.5526 120.8711 93.8904 95.3002 146.5271 158.2860 132.2574 164.8425 59.2384 32.1139 108.7468 113.5406 67.7155 94.7990 174.5165 187.1455 98.9654 114.2570 181.3325 167.8546 168.9234 1.8418 102.4629 68.3103 131.1761 94.3589 131.5387 227.7859 157.6511
174.8717 175.1137 50.6004 94.6883 83.5578 170.6646 129.8343 123.9150 196.1124 64.2606 130.0809 152.4960 193.4342 57.4498 91.3283 146.9656 96.6986 132.1779 0.0000 156.7862 72.9981 51.2391 24.8305 93.3668 295.2710 52.2287 52.4354 219.8553 82.8595 114.9816 100.8598 154.7044 96.4503 151.8370 109.1619 95.1486 146.4199 133.4832 154.8482 107.7539 12.6583 113.7583 76.8013 100.6404 114.4476 51.9542 32.7044 39.9410 161.4029 24.4005 84.7563 52.0265 136.7727 103.3714 127.9463 110.1293 164.1729 8.2316 44.2741 88.6836 137.5701 103.1217 116.9707 148.6115 133.9086 69.3082 100.6900 135.3709 73.6186 32.5776 215.3906 137.2787 6.7573 55.1049 139.3599 62.4134 119.8107 93.6212 171.0704 31.6766 119.9002 72.8669 62.1767 146.1150 95.8710 152.0421 160.4687 86.6846 32.1875 157.5498 228.3123 52.1691 107.2367 113.3639 45.9886 146.5188 134.6148 27.3608 205.9743 17.8128 60.2961 140.6321 103.5684 223.9547 195.0639 127.9565 93.3340 82.5876 173.2272 134.2427 119.1034 137.6936 44.6663 184.3535 97.8883 215.4875 75.6087 126.2412 133.9276 81.2049 117.4173 128.4288 97.8907 8.0855 109.2705 191.3732 205.5827 62.4815 100.9149 114.6197 138.2037 136.5042 47.6038 106.6331 153.6737 98.6264 21.3650 21.2704 103.4705 96.0284 72.5025 115.1054 117.3217 41.4060 95.3527 102.1719 77.5719 101.8325 69.6621 36.3546 51.3457 136.6233 43.7156 61.1673 118.7058 78.8743 138.3397 219.4111 61.3697 30.9751 48.2320 178.6645 96.7973 80.8362 22.1364 107.9746 36.6305 43.8031 217.8651 124.3123 25.2037 236.5666 26.4611 177.8407 162.5064 134.3916 67.5842 114.7403 137.7145 205.1948 54.5108 80.3543 219.6738 45.6207 2.4320 61.1550 94.1241 150.1588 96.8878 142.1906 86.6698 226.8388 102.4748 71.9509 180.2319 81.0479 120.9286 152.9544 90.9106 98.9097
163.9314 125.5476 146.7355 37.0335 115.6071 180.8958 174.1590 35.9818 71.0977 121.8943 213.9285 197.1934 184.3600 26.8538 113.8949 86.6482 81.3121 145.0058 156.7862 0.0000 44.8598 134.1797 67.1600 76.6687 69.8243 23.0082 52.1658 83.0979 85.4149 91.2496 61.1674 56.5870 173.7948 51.0787 112.9114 65.6208 136.0683 113.5370 103.2357 59.2247 41.9671 48.8105 60.9519 64.8796 106.1347 89.4449 157.9628 101.5871 94.6201 138.2267 120.2227 145.6926 31.5930 109.3391 150.5113 17.8753 87.1307 163.6569 44.6220 36.8601 95.5181 67.1630 18.0549 99.9975 68.9098 223.3914 39.3915 138.2478 139.3074 172.3705 151.7545 135.8785 115.6353 64.0483 46.0265 53.3487 180.9554 131.5888 44.6638 79.3151 122.1173 61.6918 66.2665 60.0845 146.2405 56.6368 77.1055 221.2507 185.5338 90.2260 63.9123 151.3928 94.9940 140.0287 108.2855 2.6225 48.0835 45.1478 23.7617 33.0901 136.2161 2.2039 8.2674 130.9543 169.5439 85.4833 157.5433 151.1237 119.7708 55.3795 73.7977 88.0025 136.8673 96.7975 158.2333 54.9385 30.8172 128.6476 59.0639 16.8314 164.8370 101.5497 61.1632 165.5308 142.0723 83.8782 56.8069 56.9022 199.7228 167.7948 43.1448 136.0492 85.1686 100.5776 156.4921 49.9168 115.0951 120.8767 198.8285 74.4947 131.5755 190.7961 155.7063 81.1323 50.2486 155.5157 131.2232 138.0609 142.6886 51.5277 96.6634 119.3589 135.9587 82.0478 121.4076 152.5070 115.3416 94.1310 104.3285 107.7655 134.3915 78.1666 77.5347 28.4125 40.4108 89.8692 64.2430 140.1560 65.5238 137.0688 112.2401 85.3397 160.6500 92.9978 96.8169 204.6182 15.0063 81.2746 188.0376 150.9264 6.8955 137.0505 76.1531 119.3007 119.3587 67.5261 102.1168 31.7556 82.7237 79.3695 90.2744 65.3373 73.8498 100.2171 31.6190 67.1453 76.7686 57.9903 111.5471 103.0616
106.9365 84.1008 101.3943 138.8109 143.4364 62.7061 142.9525 88.1437 52.7069 96.9675 59.3127 93.3724 105.0372 212.8804 128.7878 79.1893 123.3903 88.9740 72.9981 44.8598 0.0000 148.6258 112.1545 98.5120 236.9371 50.7713 146.1520 50.1815 227.9695 72.0300 84.1839 42.5877 167.8308 75.5880 175.2779 95.7906 50.6211 96.6809 159.9294 44.6137 229.0772 147.4692 114.5508 90.8949 110.1437 79.6810 161.2160 37.1226 151.5462 164.9271 37.6837 112.8221 2.9987 117.3120 45.7497 56.2073 159.6077 180.8472 141.3689 149.9101 69.1322 88.1592 40.1231 129.6895 97.8717 147.2027 152.5283 75.3529 61.1620 27.6439 58.8416 102.7073 8.0762 72.9974 18.9715 227.2451 4.4983 110.0772 172.8238 101.3270 131.7920 110.5141 151.2056 108.6400 221.7076 150.8465 119.8900 90.0571 111.6430 111.5090 192.7397 62.2851 99.6226 164.9269 136.3750 163.3189 60.4372 85.4928 22.7310 104.8406 91.9890 66.1406 103.3298 32.2763 32.3667 36.9349 4.1258 169.4440 72.5675 65.7446 202.5342 35.5025 72.2307 112.7301 88.7541 74.2748 107.8193 228.2422 116.9395 53.7022 118.0210 128.5617 217.3484 67.6923 157.5460 190.0021 56.6230 66.0122 51.8634 142.9101 143.7581 47.3640 172.2516 180.5877 143.7138 163.1391 95.6888 156.8037 135.1458 180.2814 29.1114 44.6103 46.9961 153.0309 91.7328 90.3595 14.5354 109.7437 163.9856 31.7487 103.7230 91.8045 171.2151 148.6235 117.1864 126.4273 24.1257 110.7935 109.1936 207.0217 19.9564 144.8812 81.6676 26.4743 105.5375 150.5777 132.9186 103.1779 77.5877 162.3650 140.3092 62.7262 159.7473 210.3920 180.2212 121.0730 36.5841 73.9172 163.9929 147.2038 134.0351 157.5690 134.3214 138.6065 153.6375 44.3653 143.5427 43.3637 163.0720 71.0141 90.6158 59.7973 160.0547 99.7131 21.8908 218.8241 177.8330 151.0539 99.5536 163.8904
68.8362 80.2518 132.8762 66.1199 134.0556 24.4376 88.5350 22.0327 101.0644 113.8026 35.5391 71.8089 165.6253 96.3592 125.3826 88.5019 126.7691 120.0441 51.2391 134.1797 148.6258 0.0000 130.2491 180.6606 70.7726 229.2751 96.1657 89.5672 139.4131 118.3586 68.8787 76.0973 120.5609 139.3111 53.9309 37.8957 96.2083 126.7534 156.9226 148.8892 69.7508 138.2118 40.1220 108.5351 120.6096 208.5777 89.9510 133.3071 125.2004 170.5420 152.4018 17.4787 137.4002 114.5270 66.1198 32.5095 147.1816 167.0826 209.1530 202.9194 81.6220 145.7051 118.1510 22.7864 103.9475 73.8286 132.5545 144.3913 132.3169 142.0656 59.3103 138.4037 1.8636 75.6041 113.7066 169.0177 166.7061 28.3143 90.0867 100.0697 114.7077 59.7408 145.5682 131.7868 34.6565 267.1652 123.4691 106.2251 63.7194 14.1142 91.0545 219.8051 69.9402 66.3297 20.9090 25.1990 115.1501 98.1809 112.9118 0.7489 81.6120 73.3660 93.8389 44.1652 44.2992 75.9943 110.7548 115.6344 156.0640 62.4169 193.5896 154.4460 74.8214 81.0400 193.1104 105.9272 72.3300 59.0738 21.7484 107.5708 48.3289 90.6048 180.4340 42.1246 196.4837 90.5117 93.4987 67.0343 127.2808 69.1271 64.6127 54.9929 33.7030 81.7032 98.1518 146.0027 124.1079 90.3000 56.6666 37.1408 47.4503 144.4078 160.6062 84.3962 35.4632 61.2237 3.5050 172.2334 215.5740 190.2008 117.4524 168.2812 39.2196 47.7566 77.2561 195.5318 173.5932 88.5272 156.6302 59.3084 15.5417 81.9037 207.3368 87.9453 129.6753 133.5015 205.4381 90.3445 200.4811 82.1514 221.0077 135.5744 127.5136 29.3226 117.6094 49.9335 152.3015 123.0518 96.3475 89.7410 44.0884 136.0789 23.8901 165.8448 158.2590 110.5048 109.6465 132.6887 128.2472 82.1920 204.0727 117.8936 167.5638 30.2176 113.9317 95.7883 106.9476 46.8999 53.1140 17.4563
112.1634 154.2375 48.2545 125.3749 143.3429 25.9601 92.1831 7.6292 150.0629 188.8878 67.1810 144.4856 230.4687 31.2334 46.6048 135.7501 74.7312 39.7457 24.8305 67.1600 112.1545 130.2491 0.0000 118.6572 66.8709 83.2056 211.4727 66.0835 125.1906 164.0675 2.5152 101.0191 106.5655 121.0294 73.4234 192.7699 98.1125 76.8599 126.6328 170.2817 123.5004 72.3215 106.0777 170.2328 81.7369 48.1032 36.7598 95.2206 101.8117 26.5851 106.8891 96.8930 44.6733 112.8566 32.7636 84.1282 279.0385 224.4480 174.3174 91.8168 1.7188 80.4740 88.9140 211.0372 44.7178 132.3081 90.5427 86.5332 77.7538 128.2706 4.0443 93.1734 175.2450 71.8770 10.3058 26.2700 146.3057 64.7601 74.3897 73.5608 80.2749 36.8272 165.1315 291.9968 122.9792 68.5595 81.9798 105.4903 133.7059 50.1299 94.8034 119.0662 148.5290 187.0623 46.0406 114.7778 95.5836 229.8819 205.2574 131.3648 99.8576 83.4700 40.7249 110.4974 97.7417 165.3271 14.5552 183.9675 164.0581 194.9004 95.4355 14.3704 156.9780 108.2054 147.4638 23.7867 202.6042 48.5032 262.3088 161.6199 36.5276 174.1971 147.1308 96.9705 182.9032 119.6633 109.1875 161.6765 108.9273 167.6782 89.5181 121.6102 168.5762 63.4386 82.8235 117.0465 76.8097 49.7501 109.0551 48.5251 30.9692 176.1130 116.1933 97.9484 114.0249 58.4246 20.9404 123.6335 181.8281 102.9452 112.5157 178.3292 73.8472 53.1984 97.9494 134.6839 150.4362 53.1888 165.1928 210.3666 172.0904 82.0273 111.9680 162.7202 100.6226 198.8178 105.0112 205.8037 38.2056 106.5522 72.6276 141.7063 77.1336 74.2477 72.9016 147.6156 90.2622 140.1824 105.4963 26.8991 109.6286 177.0670 168.7680 11.5986 47.0708 173.8574 66.6893 150.9518 118.4102 295.9176 102.5505 81.9086 202.4806 88.9608 198.9980 112.8083 177.4011 153.3578 110.2308 154.7289
