200
0.0000 194.6089 37.4244 115.0667 228.4955 69.0569 106.0853 124.1931 95.4108 192.7596 137.9619 168.1207 184.6160 63.7451 54.7439 58.9843 88.7368 117.0375 221.4098 37.6854 89.2737 124.6458 114.9720 28.2224 122.8757 30.4406 94.7952 119.1554 122.0097 140.8863 15.4131 63.7835 58.9026 116.4832 246.0131 30.7744 82.6199 217.9008 40.3508 175.4723 70.8424 72.7148 162.6065 40.7056 217.3077 114.5744 79.9830 82.5191 111.1658 121.5836 52.2413 177.5229 123.7369 115.0151 225.1710 156.7555 174.9665 145.1128 87.1692 20.5392 117.6972 210.9924 58.5978 93.2723 169.4526 95.4697 114.1693 44.9572 145.6847 109.9299 12.6011 182.9582 89.0436 136.7218 190.8006 171.1879 115.1068 47.9981 105.7880 119.0191 132.9319 122.7563 76.3322 12.4240 201.2990 257.9100 166.4859 81.5089 40.4144 52.1084 142.1332 140.9980 129.5669 165.2849 85.7795 152.6093 136.8712 201.5685 42.9358 84.7969 48.7016 96.1055 106.2217 108.3114 40.1883 130.9527 73.0737 153.1525 37.6875 77.0925 83.6560 185.2599 165.0367 139.9259 79.5039 88.8579 138.7672 44.1114 90.5706 12.0746 121.1744 26.2731 52.5123 121.6398 27.9733 82.5917 163.0609 46.1391 147.4647 86.4577 75.2732 126.6247 42.2821 240.6159 128.9756 125.7611 145.4307 105.9578 105.7617 75.3074 90.7298 43.2415 109.6624 115.8910 112.9986 9.7064 137.5323 120.9305 210.5632 157.5781 3.2154 228.6528 38.3400 94.1746 50.6493 165.2460 100.4089 180.0567 138.3989 160.5358 162.1487 150.9740 79.7912 91.0423 157.9418 28.6559 32.2276 123.6456 73.1756 91.0329 44.3520 47.2920 151.5526 120.0894 97.7383 154.5141 79.4199 108.2556 167.7837 103.1714 53.8701 146.2861 111.1737 132.5995 110.4857 29.4692 68.7930 124.4524 49.2995 155.8462 15.5372 141.7010 150.5953 162.1404 55.9569 123.2383 72.1136 71.4312 68.9758 126.1208
194.6089 0.0000 153.2265 119.5390 205.5964 100.7493 99.5694 81.1353 52.2482 116.8645 290.2125 185.6519 97.8363 105.4762 156.4772 99.7828 184.1983 164.5189 119.5987 56.6678 148.4421 84.4085 43.3265 190.0153 152.2310 216.0688 131.6579 153.2565 105.7294 252.6603 97.9822 145.4327 162.9617 51.9012 177.4540 64.6725 118.5026 191.2723 157.3772 116.7340 188.0107 47.1282 87.4121 160.4811 32.4407 76.6909 89.8158 18.1629 200.7732 94.2092 123.9914 61.5163 138.2120 132.6457 26.3500 94.8066 185.8220 198.9337 134.1828 144.6473 67.7273 114.8531 42.5902 94.0926 110.0671 156.8916 11.4411 229.9011 87.4343 125.9823 133.5227 147.9082 147.0200 114.1509 98.2891 138.7553 91.3858 159.9779 159.6782 83.4518 191.6015 63.9241 36.5637 104.7443 39.3779 109.7046 210.7335 131.7265 100.7658 112.8450 30.5141 150.7052 70.4381 37.6405 117.1578 118.2142 157.4112 151.3134 110.1941 168.2781 114.6745 127.2889 112.0242 39.5806 39.5864 139.3026 182.4891 58.3053 157.7847 183.4497 142.6630 24.9292 71.0387 224.5708 60.1596 96.0252 120.7532 152.4359 87.8921 54.7863 135.5542 167.0368 99.0178 88.1400 20.6034 66.4897 98.2160 11.5727 115.4619 101.3363 75.5011 99.4501 57.6287 218.4570 97.4452 83.0354 82.8847 96.7462 95.6775 196.7366 42.0791 128.0392 22.5364 99.4199 122.6375 99.6737 177.2514 105.3615 50.3382 200.2049 152.0267 149.5909 137.5047 109.4377 115.4479 230.4891 62.0687 104.1830 193.2264 21.4614 113.2597 82.0122 115.6862 20.7808 107.2047 118.2543 140.2048 126.0180 28.0509 74.6831 109.7595 27.2080 45.3851 153.4256 118.1986 22.0863 109.3787 107.8934 163.9071 24.2097 114.7736 103.5547 53.4891 145.4313 118.4002 191.3769 172.6322 101.1462 81.5996 93.4379 169.1885 125.3545 8.6546 4.7587 111.0648 198.3664 63.6221 100.8734 126.8832 97.5801
37.4244 153.2265 0.0000 113.1464 71.6357 119.7913 50.7198 41.5431 49.7203 70.0541 122.0247 207.0944 138.5792 139.1460 17.0724 86.0281 37.6359 102.5412 51.4741 80.0653 185.6741 41.1962 65.0178 85.4745 111.3572 211.5171 149.2623 214.3265 36.1059 179.9710 82.9802 72.1449 62.2505 117.6219 42.5040 68.9303 84.1066 52.7059 109.2817 38.0089 64.1676 27.5026 144.1431 132.6705 214.1066 134.3944 131.0183 74.6268 148.8629 176.6651 166.9091 70.6565 131.8261 138.8330 166.2131 211.2711 171.6199 66.2555 52.4034 60.3006 153.8975 137.0651 46.0847 107.4045 152.9749 3.3364 45.8037 79.5906 135.0343 109.6854 103.9167 140.6090 116.8734 109.6275 74.8421 189.0712 36.4423 150.1653 126.8630 122.6897 121.6098 197.1274 71.9635 114.9525 77.6218 88.7121 65.7313 31.6776 160.0654 84.8542 120.4504 156.0993 171.7609 119.9288 108.2961 8.6252 139.5662 136.5133 105.3699 170.3435 13.3793 114.2098 129.6044 152.0085 72.8663 150.1764 13.7941 73.6708 95.3741 146.2668 96.7692 173.2760 82.9888 155.4740 124.5746 192.1218 195.0606 96.4779 104.6241 61.7232 51.7187 63.7358 66.6506 74.6031 4.6032 14.6112 25.9047 220.6380 143.0753 114.3984 118.3070 15.6413 128.9620 219.6876 150.7295 191.4226 72.9081 177.6841 134.3957 81.4250 24.1512 139.8391 131.1826 154.0996 59.6062 62.9055 186.3811 158.3625 89.8459 65.9741 24.6324 71.2233 103.9676 23.5910 206.7015 139.6127 120.4853 154.2878 88.4777 12.1658 87.9821 112.6103 130.1868 60.7676 93.5657 46.2507 70.0040 130.2296 47.2563 95.0080 39.4968 25.7894 114.4043 51.7503 108.6958 183.7669 63.1767 49.5663 69.9732 127.9872 58.0193 87.5490 108.2611 69.4281 210.6201 61.4756 134.5514 132.2305 137.3236 86.5448 76.8678 132.3842 117.9161 96.6194 243.1239 142.2414 94.1824 72.2260 34.3148 38.9882
115.0667 119.5390 113.1464 0.0000 151.0975 229.8614 142.7449 89.7714 142.6957 113.6888 90.8878 174.7447 110.5548 23.5654 108.1743 28.9578 65.3435 172.0250 63.1798 74.9187 12.9621 59.6518 82.0315 32.5003 95.8985 144.9317 113.7534 90.3883 49.6072 71.0556 60.4640 73.0290 124.0830 102.0878 75.4685 203.1663 194.3977 52.9306 134.1807 47.8772 164.3769 176.4913 3.3104 95.7750 142.9798 15.0221 21.0923 62.2187 71.9691 102.4281 240.1096 24.1407 176.6484 68.6019 59.7167 105.7978 180.8957 97.0614 8.6113 190.0611 120.0984 123.9432 89.0834 88.7605 129.5064 186.9606 48.0875 177.2795 51.6443 162.1620 154.0336 157.2443 51.7179 41.5312 61.2089 41.5673 104.5571 133.1726 32.3490 178.2244 157.4142 46.9986 21.8748 139.6636 33.9275 157.9864 20.0014 113.3080 92.8403 126.1612 138.9501 136.0191 112.6658 110.1463 35.6837 50.6431 137.1189 172.7923 79.7561 76.5239 66.4444 158.3289 172.0310 60.8708 55.3239 120.2608 63.0420 128.2169 156.0615 144.9313 97.8021 24.5962 213.8770 199.8988 179.1695 69.8404 118.1794 67.9743 160.1289 91.5068 148.0058 139.3255 17.6059 116.2197 158.2969 123.0575 105.9963 82.0432 155.0336 67.5856 57.3954 83.0435 81.2795 88.5870 74.5050 194.5316 121.1971 124.4455 89.3327 27.1446 59.2951 49.1563 97.1083 81.9288 166.4270 226.9717 102.7404 63.8878 153.2955 159.7824 165.5542 168.9492 134.5651 67.5523 75.9129 128.0689 92.5770 82.3177 129.5793 70.5864 204.1718 110.5437 39.2547 104.1094 39.9602 187.7276 108.4429 126.7873 56.3217 231.1769 104.2886 114.1891 33.1545 71.2000 143.7254 118.7010 123.6583 77.2808 80.4296 5.2518 98.8972 148.8806 79.6182 117.7645 86.8676 113.9837 138.1666 141.5885 73.5309 110.6659 42.7922 122.2416 192.9933 166.0346 158.6451 169.1646 104.9194 197.8274 130.1585 48.5472
228.4955 205.5964 71.6357 151.0975 0.0000 82.7573 47.9517 76.7671 126.8963 55.3416 90.0578 202.8448 45.7759 44.8217 105.3693 38.9818 45.0729 210.0263 154.6022 81.7918 45.3703 191.5438 136.9932 83.3945 23.1006 216.3097 92.8118 105.3498 40.4033 152.9819 91.0177 132.2168 155.7537 187.2809 162.8535 88.0401 87.6080 102.1019 42.2293 51.3344 117.4303 246.5590 119.7392 128.6819 180.0455 128.7510 128.4135 129.0517 138.4152 80.8725 198.4222 15.4397 82.4665 96.4777 66.5203 64.3086 109.6115 155.9677 118.1822 77.8068 69.9562 111.4931 93.5017 29.2775 178.3148 119.7763 57.1962 126.9706 49.0267 149.3303 154.0096 92.5283 23.1637 83.6163 102.4641 39.3477 151.4808 82.8820 55.0258 94.3562 169.7509 168.5160 29.2408 72.3436 53.6185 272.5057 90.2496 132.9881 85.7727 20.3336 141.0992 127.0097 59.0800 69.8090 188.0128 89.6187 50.5011 36.4768 89.9524 159.3061 142.8771 66.3654 17.0735 8.4260 158.6425 37.6895 138.9416 94.7678 183.9490 67.1449 102.3887 37.9880 154.5189 159.2538 106.9370 68.5834 155.6409 109.5659 83.3347 18.1024 42.3666 91.9720 50.1619 15.3413 95.4575 151.4297 45.5775 158.4967 103.1397 110.0674 43.8771 114.2071 163.3406 3.2638 148.1413 14.9805 54.1599 144.1928 116.1153 44.1632 149.9865 120.1585 151.4114 68.9565 154.8559 159.6353 168.1402 142.8942 14.2981 64.8260 63.9653 115.2468 52.9812 47.8915 51.0133 115.0655 120.2168 17.3613 55.6481 176.7717 88.5043 169.2119 73.4255 25.7757 83.0932 42.8865 152.6548 93.4030 128.1968 132.8796 96.3209 128.4667 56.7132 122.4302 174.3367 51.6380 107.9048 149.3858 116.5124 45.4738 50.7697 105.5298 107.6559 106.4207 143.8110 133.1123 132.0637 28.3155 54.2325 64.5642 49.3571 51.4269 49.4704 152.8819 72.7875 35.9354 72.8119 138.9329 75.4872 160.8082
69.0569 100.7493 119.7913 229.8614 82.7573 0.0000 111.4401 74.7542 28.1841 7.1249 180.1074 86.8384 124.6314 169.9675 181.5925 56.8861 133.9174 51.7562 32.0324 144.6891 145.5405 10.0494 5.2179 137.0051 55.5495 44.2977 97.8280 98.0582 13.1268 163.9945 25.2871 121.6440 76.8792 94.5564 33.5896 162.2865 107.0347 233.0875 102.8958 0.9877 71.4645 152.0183 76.1557 59.3987 86.2063 87.4359 102.8613 154.2660 81.5599 151.6515 66.1801 22.5634 112.6020 142.4604 126.5502 79.2416 166.3432 111.2145 83.9794 113.4505 118.4833 72.8221 91.8631 141.7416 69.8362 162.0361 39.5718 197.9356 65.7634 13.1917 97.5820 66.6521 102.3610 135.9856 104.9247 119.7970 124.0068 7.4180 17.1272 85.2017 36.9533 165.1237 135.3114 85.2406 206.4052 61.6519 32.0537 9.9542 137.6896 104.3476 171.5758 224.2031 75.7697 154.4648 72.9082 105.2416 185.7806 24.4542 55.1993 146.6858 72.9077 80.2860 77.8960 38.4781 82.7253 145.3765 227.8931 134.2736 93.0618 122.8859 159.9275 87.2619 88.6394 93.9394 207.0657 132.6635 83.7262 129.9508 133.4266 191.2177 147.7512 194.0230 99.0230 155.0018 74.5581 49.4338 82.3524 154.0689 104.1603 53.8664 121.0405 183.3889 132.2957 74.6709 148.9110 104.7238 9.2847 238.1442 150.5714 26.6785 66.0042 84.3206 235.0054 93.1553 90.1938 102.8270 31.0588 138.4128 18.8941 33.5693 76.4320 84.0682 37.0652 127.9952 48.3745 160.6591 57.5532 64.8523 37.6542 56.0448 74.7876 37.8080 75.5939 99.9848 106.3683 68.3201 93.3707 103.1110 206.8158 44.9399 5.4257 112.1948 138.5087 80.8648 56.5949 77.4524 71.6441 21.2713 157.9111 89.7585 1.2688 32.5445 104.3032 136.3487 131.8598 128.0480 17.5494 159.2720 208.8135 122.9403 75.7909 120.0313 122.9608 162.1825 55.5908 90.7446 76.3961 124.0707 102.3260 29.5373
106.0853 99.5694 50.7198 142.7449 47.9517 111.4401 0.0000 123.3895 117.2863 153.1941 43.2789 135.0567 58.7293 160.0494 67.4264 71.5577 62.5971 74.4488 124.0530 66.7370 102.5824 123.5021 267.4965 134.1836 107.1216 52.7382 78.1229 67.1906 68.8583 57.8363 213.3990 33.5134 47.0323 40.0366 34.9749 101.5751 148.1300 102.0580 113.3829 40.0174 198.2970 100.7237 39.3504 187.2783 65.9472 197.9278 76.5622 27.6200 119.4058 162.1619 111.7107 139.7904 4.8486 57.8114 173.6393 101.7255 121.4494 10.3633 146.4577 92.2839 100.9107 135.9749 83.9272 159.9283 151.0276 1.2510 54.7527 204.5707 92.7999 80.5388 43.9534 69.6988 154.3570 103.8152 13.8961 51.6438 141.5923 142.1824 37.0433 135.5408 194.0720 82.3824 118.8633 129.1987 80.9667 119.1458 190.3433 50.4687 106.8675 100.0043 133.3704 93.9849 33.3905 131.8789 177.8556 39.3307 18.1954 135.2655 118.0277 6.5807 80.8945 110.6029 41.0542 49.2333 108.6469 49.5511 90.7870 52.5029 114.8210 23.1987 52.9544 146.7358 56.2397 54.6798 101.9599 127.5257 120.7790 163.5146 140.5232 95.7163 135.2842 94.2418 95.7647 105.3896 99.2094 93.8035 32.6773 265.6434 43.5803 17.5114 73.3830 71.0181 145.5176 136.5033 165.9169 119.1139 112.2675 151.4751 176.5227 201.4124 85.4743 123.5205 161.9705 212.9946 160.4589 14.8329 246.2804 201.1977 58.3392 179.0924 79.8310 155.8232 87.6343 106.4943 77.7169 133.1505 168.6499 59.0840 41.0068 164.8090 100.3073 200.5498 94.1932 78.6378 59.8047 50.0479 150.4470 87.6858 70.0967 118.6716 152.3450 33.9305 141.6038 120.8931 0.1759 66.9014 85.6569 105.4269 192.5829 68.0811 43.7642 77.4121 133.0263 132.3177 134.7308 165.2279 64.5648 139.2661 249.6639 161.0622 100.8172 135.7533 114.2774 67.3943 78.0028 139.4960 92.0688 250.4331 116.8417 140.5231
124.1931 81.1353 41.5431 89.7714 76.7671 74.7542 123.3895 0.0000 48.8824 93.2445 86.0359 89.4437 50.4964 233.4925 173.9582 105.3260 150.8728 12.2274 226.4908 124.9126 77.1664 216.9816 105.9341 101.4770 32.1153 162.8272 69.7634 143.5382 55.0090 90.2319 22.4910 195.8453 49.0116 159.6329 148.6763 105.1462 77.0875 78.3760 122.8003 58.4128 236.3196 59.8240 79.1429 94.5857 188.5634 103.9320 80.0860 136.3505 76.0096 38.9200 75.2574 110.6326 130.0217 25.4154 85.4877 163.7224 148.5896 75.0219 48.0708 113.4058 132.8364 178.4310 75.6589 103.2235 68.0839 102.0083 117.6610 15.0090 130.2978 96.3989 102.5217 98.7482 108.6333 171.7829 59.1559 207.5796 24.2072 50.9273 62.0727 189.6065 39.0957 128.9753 66.6039 63.5777 80.2466 131.5683 152.6518 135.4099 61.5429 165.9768 156.6644 174.7429 209.1671 107.2413 97.1310 53.1019 79.4254 1.7201 150.2646 138.8008 125.7232 78.2369 31.2997 50.8771 142.5723 203.3794 95.6623 30.8404 111.4869 56.2241 139.7712 59.2498 51.8131 73.5756 85.7724 54.5548 104.6608 107.7418 142.9995 62.7641 73.8109 154.0256 116.1055 20.4362 7.9017 115.5480 32.4281 45.2517 100.6018 79.0999 130.0035 83.1489 96.4000 37.0317 145.6745 70.3065 113.0444 88.9058 41.9725 113.6856 13.7473 114.3529 34.8815 55.9518 115.3899 74.7658 79.6457 21.6818 46.1794 91.2114 57.8821 106.1702 190.3234 110.0071 113.8525 90.5432 42.4843 144.9422 102.4138 126.5313 34.4463 194.1959 120.7829 86.7477 154.8344 146.1732 155.6336 113.9200 77.5469 191.9109 66.3082 117.3393 7.3593 36.1067 22.9478 61.7471 247.5434 155.1854 181.2783 28.2343 128.2562 93.1192 119.2320 128.3039 188.8082 36.5858 82.2949 11.6702 84.9309 166.3753 110.5812 65.2924 0.2633 117.1715 49.9366 195.9968 138.2875 165.6681 194.3303 144.2595
95.4108 52.2482 49.7203 142.6957 126.8963 28.1841 117.2863 48.8824 0.0000 65.3479 97.2032 156.1119 144.7840 124.7884 51.2776 128.6593 43.2741 175.3448 160.9504 27.4225 40.1198 77.4100 78.5111 55.6764 140.7443 123.1750 35.2910 69.6694 89.0246 39.1352 190.3885 118.1629 71.1005 151.5062 51.1770 141.9552 96.3184 97.1543 5.2194 123.1883 110.0087 73.2359 154.8471 132.9329 60.5190 88.9762 159.6591 150.3193 107.0663 127.3623 242.0503 2.1713 63.8649 124.5044 138.9804 64.7008 88.6931 51.1904 170.7462 61.3697 96.2793 85.0657 174.4147 48.9341 167.6296 56.3985 116.9957 60.1257 11.0726 211.7054 180.2216 78.9636 107.3754 148.1249 109.7307 175.7954 141.6868 1.4384 28.9006 138.9799 30.0014 1.2601 43.6944 141.9646 61.4381 25.1905 136.3621 70.2282 171.0493 132.2014 50.8179 42.1364 62.3766 144.6553 96.1205 166.6494 85.6350 146.3678 188.6707 79.4870 79.8094 109.8936 120.9465 151.6498 60.2587 90.8019 54.4965 84.3298 111.3146 96.2507 153.3299 0.7950 167.2076 127.5573 56.4934 155.7942 96.3129 64.4622 137.8936 147.7719 161.1286 75.8672 165.6803 175.7861 208.3584 55.2335 192.8945 110.8693 120.3675 100.5245 150.0087 108.4230 186.9030 122.5051 81.0815 73.2935 37.1137 97.9805 190.2355 151.0917 152.9397 238.8357 122.7068 136.8479 113.9320 94.0629 90.5767 47.0400 205.9646 123.3734 173.8050 41.9323 67.0720 140.6880 124.0736 21.7095 155.9007 7.5313 237.0339 120.4968 163.3142 16.4776 196.2390 163.2407 69.1083 167.5328 74.2150 178.5532 117.6288 0.5046 139.4358 102.4564 86.8213 147.3138 151.2739 122.5526 175.4726 226.4004 98.9079 25.6538 72.0259 58.1103 89.6294 101.5350 121.6539 174.7448 17.5509 88.8921 183.0337 167.4609 123.3679 71.9005 88.3700 96.8469 144.2659 158.3056 45.5474 224.8313 133.3629 45.3654
192.7596 116.8645 70.0541 113.6888 55.3416 7.1249 153.1941 93.2445 65.3479 0.0000 63.5657 123.2057 161.5856 129.2043 41.0247 83.1164 112.1953 85.1367 265.4344 141.5661 57.9439 103.1619 112.2207 118.2765 65.6728 35.5904 38.2171 126.2613 138.3906 182.0638 89.7018 125.6205 93.9762 132.8668 100.0537 117.4214 137.2929 115.4793 119.4946 82.6045 227.8790 90.7011 118.6966 47.5785 154.7870 96.0998 144.2660 45.9983 34.4366 63.5063 73.3564 45.1139 15.9436 44.0934 61.4750 89.8544 92.5622 81.3884 50.1287 96.0645 90.9623 136.8923 149.4021 163.9795 48.4834 94.2789 123.4327 178.4453 164.8807 75.6329 184.4637 118.1774 229.3539 194.0531 70.2357 108.3379 57.0334 126.3771 47.9839 164.2446 107.3496 206.7533 121.0134 138.6689 177.4673 136.6965 90.1157 106.2988 90.7029 24.6874 113.3329 8.3741 55.2335 84.2361 206.0375 19.4497 192.4653 125.3404 194.6540 118.4102 93.2149 56.3932 121.5186 130.3795 155.8403 57.6908 71.2476 167.2202 168.2690 142.0271 94.3482 162.6939 151.6744 144.3995 40.6883 261.5049 76.4817 31.2236 123.0456 95.2353 101.5282 51.8404 92.5174 114.4174 170.3590 150.0365 57.9579 147.6269 144.5476 120.7760 91.5187 59.4058 115.9916 158.6734 62.9114 49.7257 16.3055 35.4703 49.8783 92.7928 181.5320 101.7253 25.2770 100.5989 77.8753 40.5978 16.4432 180.4392 33.3185 33.3846 25.5474 89.4792 145.6809 86.2074 169.2490 22.2710 179.2962 134.9060 137.2875 66.0149 83.6180 110.6296 126.4073 201.3656 125.8982 97.1664 167.8764 13.1562 207.1486 154.5623 136.4242 137.7961 128.5358 127.2632 104.7911 157.6299 142.3623 78.8660 119.9323 63.2091 53.7245 102.8511 155.4524 51.4567 97.8192 31.7681 73.2299 51.3764 85.7789 157.4013 115.7201 106.4310 3.9731 102.8912 92.3759 45.2428 125.6910 53.1540 42.3538 105.0140
137.9619 290.2125 122.0247 90.8878 90.0578 180.1074 43.2789 86.0359 97.2032 63.5657 0.0000 86.6191 119.7839 53.5982 191.3123 108.9025 81.0601 44.7522 72.6641 29.4985 136.6677 108.2696 81.3468 105.3864 173.7266 49.9873 41.1420 49.2562 155.0922 117.5112 247.6211 72.6938 222.2082 108.1967 15.0656 111.9295 75.8791 70.5439 169.8344 135.3789 107.7624 88.3796 111.8188 53.7638 51.1005 123.6245 72.2317 180.0819 111.5205 144.1433 234.3653 201.4367 8.2410 40.7565 45.8737 138.7810 75.0249 71.0175 51.0206 71.9318 132.0020 152.4306 88.4043 50.5991 139.2905 145.1987 73.6925 14.4279 43.1349 135.2274 178.2879 44.4185 28.5965 76.2217 84.4791 209.5901 26.8376 132.8939 132.0360 246.5253 79.7395 120.9430 116.8650 132.5827 136.9350 215.0271 104.3017 103.1944 163.2393 89.1334 124.4866 80.6247 137.7171 53.2515 161.0848 55.7396 42.2630 83.8544 100.7727 99.3347 100.3377 40.9816 93.6521 105.1019 139.4653 36.3767 92.0046 131.9014 141.9678 217.0817 120.6873 155.2524 172.9046 116.0131 91.3040 131.9089 150.8115 144.0685 56.8340 161.6027 147.4966 169.3156 116.3154 31.2578 176.6791 82.0363 156.8537 71.5581 121.2074 201.0630 99.5729 66.1208 126.3624 172.6030 137.6796 67.8235 94.3203 91.4729 89.5981 64.0311 74.0520 114.9724 59.9678 124.9432 191.2981 13.1112 145.8406 53.3629 67.7136 176.1669 122.0304 162.2123 3.6603 24.3041 98.9517 175.3274 176.3265 114.4072 74.9370 114.5964 125.1226 29.5954 50.2681 136.9379 91.2659 92.1289 173.3642 54.8237 0.6385 101.9219 142.6360 122.5257 151.2723 135.0913 123.5265 160.7273 29.9623 57.1142 175.4381 149.5542 15.7424 212.0216 15.9179 84.7980 70.1569 122.4193 140.0036 101.6224 113.1706 31.2777 75.2255 86.5866 156.7726 138.6236 193.2211 97.4793 9.5560 127.6776 99.3005 128.8749
168.1207 185.6519 207.0944 174.7447 202.8448 86.8384 135.0567 89.4437 156.1119 123.2057 86.6191 0.0000 123.1516 117.8912 104.7878 160.0491 33.1297 207.9289 187.5886 73.8485 147.7768 116.6674 49.3567 154.9408 149.6922 36.0104 95.3298 148.3167 63.3946 14.7226 144.2338 116.2769 226.6451 93.3083 181.0347 90.3651 92.3142 89.3026 79.6439 44.2927 38.3411 17.9626 124.5935 142.0728 105.0230 194.2265 181.5404 86.2507 21.5085 156.7925 149.2995 39.1216 16.1290 100.0840 96.0600 121.0750 91.7081 206.6154 92.7947 187.0744 107.4268 162.5450 26.4400 136.8537 117.9650 112.5329 68.4814 74.4772 33.2447 34.8766 141.7275 167.0744 187.1838 120.8288 246.1210 93.9181 148.7811 105.8759 49.5051 200.3779 101.3892 76.2876 136.0764 135.9613 123.4884 147.0832 78.1222 62.9791 120.4764 50.9762 74.5673 24.4500 171.9039 105.2503 149.5882 46.9221 34.4345 76.5918 160.7897 168.2983 105.6384 49.5687 67.8087 157.4461 80.4387 143.9304 49.0546 90.7518 131.4008 162.5571 30.4500 86.4303 179.2126 1.7129 100.5047 105.5473 126.1508 44.2619 140.3451 230.5233 85.4645 62.8581 136.6611 150.6561 109.6152 30.7421 97.3080 128.3716 86.3583 54.6986 71.8059 49.1436 111.3515 127.5657 89.2875 2.1569 17.6315 191.2797 216.6538 142.0167 103.1681 157.1145 174.3069 70.6592 65.2310 119.7596 95.5898 132.0025 47.8468 118.5845 81.4569 15.0623 94.3359 180.7092 104.2653 127.3764 124.8140 76.1645 117.5623 12.3491 80.2620 84.0341 89.3849 124.6690 133.9121 38.3911 115.6767 28.2835 138.8449 11.7727 166.9205 47.0355 37.7292 121.9849 65.2867 149.5376 129.5361 130.0585 114.6581 87.8819 44.6146 42.9746 89.0285 124.7039 79.3247 108.3139 140.2821 110.5290 138.3876 147.2397 74.9138 116.8692 95.6573 90.3672 102.5781 89.7486 57.7921 134.9611 184.1754 69.5610
184.6160 97.8363 138.5792 110.5548 45.7759 124.6314 58.7293 50.4964 144.7840 161.5856 119.7839 123.1516 0.0000 43.2952 29.3425 186.4880 208.9215 109.1003 127.3642 186.4514 25.6765 131.4061 122.7698 76.8173 39.1887 87.3936 24.0228 66.4488 229.2103 68.6577 116.5302 73.7797 192.0756 92.5888 108.7655 292.6966 67.2396 62.8787 166.0754 55.5690 167.9507 100.1548 162.3419 159.9674 128.3726 203.9921 161.6685 82.8036 117.5772 106.1202 167.2572 86.7318 162.8067 190.6233 107.0780 30.7755 135.2718 137.6826 189.8125 131.3725 46.1364 148.5566 62.3628 7.0598 140.7411 29.6791 145.4891 90.2193 90.0320 162.5964 70.6793 145.3330 63.8082 183.4214 104.8532 50.3463 84.6691 80.8925 144.1299 131.8204 16.8343 103.0235 16.5234 127.7033 104.3607 83.5495 125.1483 138.6421 84.4258 164.6039 77.3552 83.0239 73.6433 150.5775 205.4186 166.5688 49.3619 86.1094 96.7922 152.9988 186.5138 30.3443 58.9821 75.8770 107.8579 61.8717 63.5732 95.7742 92.5526 264.1597 32.2953 169.6669 199.3308 187.1671 68.2726 81.3423 154.4816 91.5087 248.7694 66.1570 90.3078 199.4581 138.7645 23.0855 62.5493 116.2727 183.0928 227.7654 103.9452 75.2033 59.8051 130.6230 138.8532 164.1475 4.1317 117.6669 118.1364 168.0215 87.2491 215.8302 129.8262 172.9759 204.4244 127.7613 25.2666 0.7093 167.1031 22.9315 142.9141 140.0895 51.9683 28.8307 98.9690 97.3554 35.1628 135.7726 140.0451 136.6938 151.3906 217.4900 6.2880 181.7004 172.5747 134.9765 179.0253 238.5006 167.9798 127.4832 154.2176 109.2255 47.5204 17.6218 68.5555 182.3845 83.6461 9.3983 195.4558 165.7988 85.5497 41.3241 183.1808 80.2885 141.6618 30.4240 102.0749 17.8669 99.1325 115.9627 156.4153 70.9308 119.4118 43.3665 145.8060 67.2423 95.1661 125.8577 130.9102 89.2819 109.9506 61.7744
63.7451 105.4762 139.1460 23.5654 44.8217 169.9675 160.0494 233.4925 124.7884 129.2043 53.5982 117.8912 43.2952 0.0000 2.9228 173.7593 49.6960 101.2393 118.2609 185.1288 232.3384 121.8461 166.0148 90.2460 144.6290 123.4445 62.2306 29.4923 24.7836 18.7155 115.5795 72.0551 57.1515 32.8851 130.4272 205.1099 17.8224 188.0003 86.9095 96.7982 60.5995 67.3040 140.5167 111.6565 87.9559 122.3611 145.3381 48.1253 80.8008 126.8439 20.3303 98.4469 104.8177 11.3190 157.0241 39.4285 13.5238 8.8943 78.4311 99.1833 114.7613 82.2656 56.3398 102.9862 133.3631 109.7114 131.1342 77.2412 220.0456 213.9049 63.1733 158.9766 116.7763 50.7716 53.4127 72.4485 90.2736 102.3357 49.7678 140.7240 111.5791 43.3033 26.5245 200.7624 81.6314 225.8738 137.7612 128.3506 132.8179 29.1594 43.6769 102.7330 147.0805 73.2023 36.2772 132.4244 75.4826 171.5393 143.5942 216.7233 51.9782 161.5983 27.2199 116.2299 137.1313 181.0322 128.8024 79.5153 170.7759 21.9288 145.6379 132.6170 146.7477 6.7629 129.1831 179.3314 142.6834 155.8680 45.8051 98.6263 48.3282 72.8951 22.9432 61.4159 38.8561 130.4302 141.6678 102.6851 150.9886 120.4465 244.9981 59.3725 189.0604 143.0305 168.5365 103.4737 56.8366 154.7527 19.9762 52.4957 128.4897 37.6359 100.6289 135.3390 72.7606 75.7790 70.2171 80.0503 91.1318 104.7171 155.5174 5.1983 169.7653 74.1384 102.2354 96.1911 90.7433 170.5712 25.4233 46.9043 145.6374 106.7715 89.6204 245.6946 108.3152 101.0367 118.0989 50.0716 12.7633 177.8556 51.6907 138.1392 72.7568 22.9914 115.5392 24.9166 50.0627 73.7508 118.9322 92.2922 58.9462 121.3616 156.1309 113.6105 33.2644 46.9114 52.8221 78.4370 70.3148 20.1798 112.4020 71.0170 96.1752 170.9723 112.0104 121.1013 180.8418 109.7812 106.0535 133.1979
54.7439 156.4772 17.0724 108.1743 105.3693 181.5925 67.4264 173.9582 51.2776 41.0247 191.3123 104.7878 29.3425 2.9228 0.0000 57.7169 112.7869 8.7123 56.5588 57.7877 107.7699 35.2202 85.0768 19.3329 114.0264 117.1740 110.9693 129.5254 186.0169 56.5489 77.0292 137.8557 174.2177 18.3218 83.4765 97.4504 107.7537 66.0589 42.5284 84.3097 136.2006 18.0006 200.0978 100.6448 131.3133 43.2115 114.2760 109.7207 49.9867 12.3490 74.1227 83.1196 92.3988 65.9155 44.0174 107.6975 195.1422 102.3584 104.8815 202.1340 97.4325 58.4331 89.7977 153.1477 159.1390 75.3032 108.7029 63.1153 101.9486 42.4684 238.2842 104.7662 68.5854 87.6382 82.0828 91.4949 56.6593 205.7783 0.8018 114.0235 119.0540 141.0344 75.9158 83.5032 84.2014 169.6455 220.5776 103.1453 24.5705 65.4372 160.2626 105.1690 142.7916 121.8011 62.7366 176.7772 126.2898 149.9236 188.0542 99.4981 175.7828 119.8812 73.8387 148.1180 154.1242 207.8250 49.5821 100.0107 51.5843 172.5482 52.8770 85.5066 63.3027 10.7823 105.0281 62.3428 44.5473 188.7747 173.9365 2.4271 109.9363 102.0949 102.6270 93.7484 111.7474 140.9108 153.7065 14.4241 151.6363 184.9549 127.1114 216.1869 155.9541 92.7266 64.9921 106.1557 13.1749 74.0932 27.7893 16.2300 51.4594 80.8196 132.6570 106.6678 108.6952 67.2852 162.4919 82.0847 102.2643 101.9934 44.0179 166.2314 107.4014 53.4177 18.2972 45.8715 97.2030 104.7890 80.8958 138.4077 130.0261 86.6498 86.4586 101.7164 54.8910 63.5238 37.3019 33.7663 115.1050 28.6963 192.1395 76.4619 228.6606 113.0582 87.9286 79.6611 127.3466 134.6491 97.1410 168.6481 45.6883 106.3677 56.8621 137.9845 118.5535 25.0390 148.1305 166.1708 167.6295 40.2463 135.6331 49.8853 174.7905 78.3685 44.2289 52.9611 37.4265 52.4744 143.8580 94.5405
58.9843 99.7828 86.0281 28.9578 38.9818 56.8861 71.5577 105.3260 128.6593 83.1164 108.9025 160.0491 186.4880 173.7593 57.7169 0.0000 91.6872 121.4235 55.2245 27.9886 128.3271 14.3763 259.6231 235.7900 24.3503 76.8134 97.0448 223.7013 32.2655 21.2920 95.3082 82.4375 87.4801 108.9777 103.9453 131.1116 153.8110 180.5639 180.4885 98.2957 100.6638 33.1198 86.3018 68.0787 124.9560 70.7848 96.7062 72.8841 104.2479 139.6191 104.4999 50.1524 79.6050 123.8260 110.8171 96.8045 167.0738 186.4440 42.5300 95.5542 37.8083 36.0046 150.7832 87.0574 83.9230 238.4998 80.1661 34.1890 126.4550 122.5679 0.7911 211.6585 113.0578 162.6458 53.2659 55.9060 3.8811 54.8429 113.0044 139.2254 100.0439 128.1323 90.8347 90.2303 10.2778 135.1780 28.1035 226.4338 21.1670 44.3940 112.9679 171.9685 98.5390 51.0103 133.6058 75.4658 137.5606 10.3307 174.4133 118.9809 57.6289 206.0422 21.3362 112.2532 82.3543 42.9383 83.9630 69.5230 128.3986 126.9036 69.0083 146.5881 89.0279 55.5088 71.4814 179.9452 45.9766 102.0470 258.9940 102.8349 57.9920 32.2280 109.0419 132.0606 33.9271 92.3290 41.8766 115.7996 128.7261 136.3987 142.8311 90.0323 119.9108 19.8412 232.3694 27.2988 70.8479 169.5064 89.8390 139.0985 53.4083 142.4707 149.9026 42.8310 202.1978 76.4198 142.7313 48.4909 120.8319 73.2514 116.2249 113.0637 52.6019 63.9134 70.5396 69.4290 110.1803 18.4743 86.7208 165.5552 51.1135 179.9006 84.7923 130.2511 93.6352 117.7168 150.0645 9.3742 111.2074 204.3561 50.8073 59.5637 9.4305 47.4305 188.4218 104.5803 129.6543 84.7454 128.9000 16.2931 79.8588 59.4745 94.5651 210.3612 114.3693 27.7799 182.2551 185.2551 44.5437 25.2617 76.8915 122.7107 84.3203 99.3807 182.9941 47.9377 125.2435 170.3081 63.5328 162.9098
88.7368 184.1983 37.6359 65.3435 45.0729 133.9174 62.5971 150.8728 43.2741 112.1953 81.0601 33.1297 208.9215 49.6960 112.7869 91.6872 0.0000 96.7510 125.4056 153.2110 114.6269 85.9812 165.7090 141.3943 200.5975 73.1253 133.4136 30.0104 169.5578 126.7917 72.9505 78.6354 118.4917 177.1728 169.3917 38.0682 179.2673 111.2473 128.4908 74.0998 112.1084 114.4211 182.5300 108.8341 125.0549 123.4265 132.3774 117.1671 189.5065 99.8648 138.6143 80.0922 1.4096 188.0846 207.0189 62.2687 163.7401 27.5836 17.7729 96.2380 108.5022 108.6867 77.4213 177.2687 104.1186 52.5661 118.1640 142.6018 135.3346 41.7755 30.8995 140.9789 90.3731 17.7696 191.9842 23.0049 141.2159 73.6224 108.6846 93.6261 229.0219 152.1324 64.6893 119.4582 33.0979 88.1488 155.8955 203.1832 198.8299 134.3141 81.8081 107.0991 56.1695 176.8739 73.0321 148.7549 20.9425 178.4482 117.9822 72.1335 111.4856 94.3877 57.7394 154.2379 176.8303 134.3065 28.3065 131.9328 101.3131 89.7254 59.3435 160.1513 67.8427 80.4550 101.9332 76.8437 96.6511 30.1267 91.4849 144.5349 162.9560 128.7429 135.8556 41.9848 133.2281 179.5674 132.8593 91.8074 112.1073 24.4573 56.5447 82.5853 172.1987 157.0139 100.1370 69.8970 31.3441 25.5079 121.8143 53.1420 123.8900 131.2970 14.5653 49.4220 1.4937 76.4405 67.7651 88.6653 93.7617 168.1144 149.8480 92.6901 174.1831 144.0790 157.7318 106.7347 81.5562 42.6185 13.8071 20.9225 45.1054 15.8359 153.2102 45.0733 26.3776 88.4005 148.5782 140.6097 73.2278 77.7200 114.0025 64.6274 97.9011 16.4672 102.4131 89.9662 47.4373 186.7309 111.3601 130.4243 105.9019 112.7701 119.9971 131.2722 37.0853 149.7303 144.3797 100.5697 117.2877 49.9646 103.3419 94.7926 58.7577 96.4720 87.4642 162.3998 181.1793 235.4328 41.6159 176.0554
117.0375 164.5189 102.5412 172.0250 210.0263 51.7562 74.4488 12.2274 175.3448 85.1367 44.7522 207.9289 109.1003 101.2393 8.7123 121.4235 96.7510 0.0000 84.5925 231.6923 53.9881 98.7929 109.8631 126.4006 110.9039 71.5318 60.8425 232.3848 151.0064 115.0858 87.7044 218.8355 113.7689 141.3906 72.7280 98.4204 111.1988 80.0753 29.3226 86.0880 47.3055 159.0993 82.8560 111.9024 99.2882 38.5213 91.9075 24.4194 31.1166 71.8475 199.6120 82.6268 50.0887 136.7772 56.7006 138.5063 61.6686 140.0528 107.2153 87.2826 146.6266 107.7467 128.5048 96.5201 139.3761 121.7559 129.8461 107.8735 57.3180 64.9629 186.5048 129.7924 152.2575 149.4167 24.5149 121.9809 76.1628 83.2312 103.2418 12.0731 153.1632 130.9920 31.1416 140.3789 59.8637 65.6447 22.4903 116.8983 244.2569 16.3672 113.6490 152.4492 49.3095 55.5837 129.6824 117.7209 37.3970 30.1637 120.0260 43.6913 65.7944 126.9816 196.6015 153.0811 21.5600 126.1845 96.8013 181.5740 124.7318 73.3432 27.8201 108.1812 31.2143 149.2944 43.1078 135.8822 200.0182 77.9815 145.9496 69.2651 174.1705 259.6615 96.8735 122.0270 88.9352 27.4464 118.1895 122.5353 102.6533 49.8079 103.1914 188.5223 209.7183 154.8330 128.1854 108.9122 68.5979 11.8162 167.5882 30.2570 196.1742 32.8471 207.5879 115.5664 51.9169 160.7795 118.4254 12.0640 155.3669 63.2783 110.9404 28.3459 154.9567 73.8596 156.5467 165.1391 123.5706 123.0048 124.5057 195.2907 71.2738 125.0001 127.1303 205.5979 83.2833 120.8532 119.4675 110.7151 156.4110 127.7010 175.9417 51.7737 123.7606 91.1221 210.9976 50.1495 37.0144 101.7000 169.3091 108.9650 128.1290 31.6167 29.6843 128.9509 96.0931 90.4860 137.2195 107.4235 92.1776 108.7784 197.6363 87.9193 64.9617 168.4361 137.6445 45.6693 115.6849 85.8627 115.5218 147.8044
221.4098 119.5987 51.4741 63.1798 154.6022 32.0324 124.0530 226.4908 160.9504 265.4344 72.6641 187.5886 127.3642 118.2609 56.5588 55.2245 125.4056 84.5925 0.0000 82.9928 151.2262 28.1249 222.6562 75.1425 110.8460 98.1111 144.4287 122.9748 87.9968 103.9218 139.7392 230.8222 15.1447 106.1453 117.4133 75.6107 79.6100 139.3002 40.8526 162.4688 16.6090 46.5146 87.7847 229.7387 95.2742 69.1206 40.6237 147.9350 11.1371 75.0788 50.4100 101.7341 24.3368 93.5928 175.4516 124.3909 76.7820 78.0358 134.6359 22.6442 112.0804 89.4292 52.8664 92.8262 89.5952 45.1075 173.7841 32.3491 141.7486 65.4647 36.1219 182.2581 94.2821 86.4454 108.1106 176.3960 97.2300 77.6768 153.0492 100.3526 140.6213 110.6327 43.4429 144.4781 168.4433 193.2926 4.3857 207.8603 82.9503 146.3111 147.6126 165.2708 47.2281 24.7424 100.2992 111.3598 113.8675 86.7367 205.6613 238.9744 71.9282 122.9971 5.6344 193.1475 112.1743 132.7224 64.7456 136.8143 127.3563 22.9937 205.2301 162.3579 97.5607 50.7362 159.5164 57.6727 37.8695 37.8973 101.0395 57.4079 173.2166 85.6017 37.5073 69.6144 177.5160 3.9212 141.7619 66.7565 98.1809 126.0571 127.8960 142.7794 68.5777 206.4120 231.7742 146.1426 60.7707 46.1490 177.9207 65.1146 127.9781 131.6829 104.3357 100.2751 120.3326 161.7921 135.7559 77.1952 111.8014 98.5368 166.8022 176.1493 121.3672 109.3313 140.1941 72.0057 139.3593 124.3007 135.2301 79.9655 148.8714 129.4139 87.8951 85.8826 97.9145 197.6113 108.6085 135.0796 142.7404 108.4185 209.9950 98.4577 206.7554 181.5069 109.4767 130.8560 144.0696 47.0083 167.9293 60.3974 118.4678 103.5648 141.6887 112.2724 30.3459 61.7742 86.2051 142.5525 94.7941 14.1838 115.2386 165.9484 240.9668 197.2624 113.9505 111.4199 37.9881 35.2219 71.1266 125.7674
37.6854 56.6678 80.0653 74.9187 81.7918 144.6891 66.7370 124.9126 27.4225 141.5661 29.4985 73.8485 186.4514 185.1288 57.7877 27.9886 153.2110 231.6923 82.9928 0.0000 137.6910 173.0760 83.9725 54.3805 4.0386 99.0271 89.3167 102.7028 99.1552 48.6810 27.0102 141.9087 125.6896 86.5207 161.0022 121.1011 75.3875 83.2141 17.0348 154.4492 69.5734 124.8243 111.2632 153.2815 89.1326 145.1701 117.8332 130.8118 144.3938 117.2052 64.1655 291.2436 205.2456 158.0724 100.4591 157.1809 6.5806 240.8977 13.9685 97.8016 150.4321 110.3717 58.8858 113.6587 118.6698 140.1496 159.2195 166.3972 124.3230 84.3356 103.9715 27.0830 119.3687 8.4055 24.4900 160.6472 41.9991 131.7777 68.9161 197.5157 119.2730 161.7309 95.8746 132.6018 121.2974 112.3788 130.9516 173.0438 139.7828 137.2630 74.3942 111.6913 28.5459 57.7543 97.2257 193.7003 138.0220 77.4874 69.1315 108.3306 178.1278 82.3258 134.8725 110.7361 222.7826 71.9327 65.5610 39.1895 37.9186 231.4490 19.2340 51.9121 161.2475 155.8510 99.4174 119.6665 87.8656 101.6900 91.9563 94.3228 154.5285 126.6461 132.9417 80.8986 96.6039 38.2819 43.1383 105.7258 39.9909 145.3565 199.6799 137.6515 50.6124 101.3137 154.4700 79.5581 133.2832 30.8873 153.6950 107.3615 91.9135 116.8866 175.0136 107.5022 131.0509 102.0400 17.9300 8.3304 56.7887 98.5822 24.6342 131.2946 202.2035 123.6289 150.2141 37.1839 101.1372 157.5329 100.6422 15.5085 36.3245 72.4358 102.4249 111.8608 123.4708 26.6576 153.2634 155.2422 125.1544 54.6738 106.0144 44.7001 90.5863 56.5995 51.3470 90.4784 182.6402 53.0776 124.2753 154.6117 57.9221 60.0712 144.9090 26.2814 70.4762 96.2654 7.6911 24.2873 218.6009 165.9343 68.0875 146.8920 49.0407 126.5604 210.2643 35.9351 45.6555 86.3792 147.6892 373.4555
89.2737 148.4421 185.6741 12.9621 45.3703 145.5405 102.5824 77.1664 40.1198 57.9439 136.6677 147.7768 25.6765 232.3384 107.7699 128.3271 114.6269 53.9881 151.2262 137.6910 0.0000 53.6375 22.0492 138.1242 141.9502 97.9279 65.8803 118.9230 185.1921 104.8857 38.5604 106.2093 145.5044 32.9299 131.0502 266.5744 122.6464 30.0929 206.6003 106.6239 74.4115 166.7233 104.1025 39.5314 83.4114 99.8708 193.4615 117.9121 95.7828 86.4324 93.4600 103.7944 101.2914 156.6554 80.2295 175.1965 96.3073 24.8839 126.8098 188.7747 134.8220 83.3091 97.7873 111.1267 69.3324 180.2401 45.8877 133.6250 41.3518 210.1799 29.2126 127.6798 122.0508 109.3890 79.0169 171.6473 107.7309 75.7640 177.8639 183.7006 71.7733 51.2811 92.8424 194.2906 152.5074 168.3792 18.5252 46.4987 37.5244 63.8876 92.7067 113.4439 107.3688 147.0492 163.7227 156.6887 81.4949 168.5887 129.2751 75.8551 127.2978 155.0768 186.7300 194.9295 82.2523 97.3244 13.2655 96.1426 139.5458 118.9634 105.2635 174.9495 58.6047 68.5961 113.6389 17.5365 97.3347 148.6176 26.3478 160.8585 73.6440 81.6313 172.6530 104.1077 236.7578 99.3618 63.8795 12.9693 21.3225 131.3282 136.3316 164.1864 139.9238 26.3946 89.3026 73.8567 18.5781 38.6693 82.4614 32.1795 149.9445 130.5998 79.5072 125.1338 163.2305 63.8568 82.4229 154.3965 71.4132 32.2160 36.3954 104.7331 193.8999 79.1621 136.6530 42.8769 91.9030 121.9767 40.6127 39.7536 180.9136 36.5707 140.8000 136.6183 29.3013 121.5935 83.9018 35.9521 61.0666 27.8757 41.4241 76.1763 157.3399 81.9030 158.2534 42.4728 104.1001 45.4943 84.3613 70.2319 45.0447 126.7965 115.8778 115.2328 162.1696 23.2727 93.1909 72.6444 179.0789 57.7286 179.9199 170.3843 42.4179 31.3774 116.6355 147.6524 164.0229 118.7818 105.0993 34.2418
124.6458 84.4085 41.1962 59.6518 191.5438 10.0494 123.5021 216.9816 77.4100 103.1619 108.2696 116.6674 131.4061 121.8461 35.2202 14.3763 85.9812 98.7929 28.1249 173.0760 53.6375 0.0000 52.3127 51.6636 12.0087 138.3115 118.8478 64.6951 102.2728 139.4000 124.3282 79.7835 53.9473 131.2723 42.2070 148.5448 51.3074 33.8320 115.1831 113.0163 146.6394 156.8427 133.8993 70.1585 34.2052 170.4800 243.0094 31.6220 38.8999 51.1158 168.8069 52.1589 190.3076 181.1213 22.6846 167.1622 145.3490 90.2956 136.6323 66.1333 27.5546 211.5587 154.4847 162.5425 52.4612 44.4681 127.7628 78.6803 176.9850 51.7840 65.1575 85.8925 102.1380 168.6445 100.8254 95.3153 47.9678 41.8840 59.8371 162.0571 138.7610 74.8543 79.2806 132.6238 109.9698 60.2138 190.5687 160.7667 130.4700 101.0012 91.2485 72.9849 166.6755 152.0581 153.1597 258.4579 140.3396 103.2202 86.5754 158.3127 97.4915 81.4804 53.9023 163.1381 167.4693 49.2436 116.6552 115.8040 37.1003 115.4214 139.3985 95.1413 82.0237 127.3924 135.3940 105.3371 35.3844 97.0584 110.9302 19.2822 115.8242 103.5610 105.2960 41.2183 154.9177 10.3579 57.4558 28.6217 105.4095 194.0908 63.3908 96.1514 114.1111 113.1635 41.2501 100.8928 181.4637 60.4514 108.0779 84.3393 29.5319 7.3649 142.8500 153.5950 129.2934 177.2638 47.8400 38.5539 26.3296 162.6592 111.2343 65.0228 91.6854 134.2083 117.3586 121.0859 131.0213 45.6870 3.8182 235.8098 14.4237 131.6082 168.4992 67.9168 139.5000 106.2757 91.6668 82.4550 179.6512 109.5364 29.2253 98.8815 134.3473 83.0466 117.0547 77.8932 120.3916 39.5054 99.8398 208.8834 104.3542 162.1056 161.1134 116.0661 20.4556 61.0534 46.5923 75.5528 34.8763 81.8815 85.0765 62.6817 112.6143 119.3051 5.2878 74.9609 113.6814 216.1998 94.7901 59.1728
114.9720 43.3265 65.0178 82.0315 136.9932 5.2179 267.4965 105.9341 78.5111 112.2207 81.3468 49.3567 122.7698 166.0148 85.0768 259.6231 165.7090 109.8631 222.6562 83.9725 22.0492 52.3127 0.0000 103.8025 42.8089 101.6039 128.8956 47.0276 66.5703 2.4100 140.0089 134.4522 153.5774 54.8612 11.5321 24.5026 95.7880 50.3651 57.3655 122.1288 24.3886 122.3114 118.2821 132.4373 9.8912 51.6843 143.5933 111.0916 138.4547 68.1086 46.5335 45.3901 144.8189 138.1417 182.9994 186.3111 130.9530 41.3979 227.0730 190.6084 97.7541 72.6977 7.0849 123.5246 85.4566 202.2704 56.9664 192.1916 123.7738 98.9151 125.3788 130.6930 119.4373 57.2434 18.7905 135.1180 185.2655 75.7429 171.0683 140.0194 101.5656 111.8000 155.6530 48.7047 15.2086 137.5207 184.0921 95.3265 171.0119 50.1653 91.2004 67.6154 184.2363 77.5449 92.1553 142.9848 84.6067 36.1827 186.3729 83.1317 126.9987 114.7172 83.2422 82.1502 95.6653 139.2538 135.4330 153.8191 47.7029 146.7762 124.8704 32.2488 120.2819 81.2811 126.3631 84.8431 76.1456 60.0777 219.1949 257.2546 132.7956 76.7669 15.9737 93.1411 140.4656 194.1053 92.7597 0.6951 39.2123 196.6466 43.4205 194.0989 94.8298 118.1857 64.9861 225.8054 98.0084 96.9297 43.3230 153.6935 94.0758 59.9344 138.8150 8.0926 109.1439 130.3157 55.5405 85.4304 110.8124 79.8152 172.6904 28.5238 93.7444 42.6933 70.3789 75.0786 65.3603 98.9785 136.0591 209.4665 156.0342 30.3656 3.7178 188.6217 137.6810 176.1738 112.2444 121.8130 51.8384 77.5176 64.3505 82.8434 183.4562 94.8137 154.5735 89.3232 75.6034 136.7347 101.1584 53.4523 110.3744 200.7205 129.0200 152.8085 74.7756 125.7077 107.4332 98.7986 135.5749 72.2742 140.3772 107.0292 0.3773 60.7001 93.3199 117.6494 17.4014 7.0178 56.8455 34.2068
