200
0.0000 112.1097 115.9353 76.9922 91.9178 62.8446 105.1890 162.3936 24.6069 91.7090 66.6117 61.9716 190.8119 173.3532 82.2348 108.0177 115.6524 35.1020 118.2008 96.8042 247.2611 111.0336 188.4141 87.6984 121.8523 67.2628 76.4453 57.7986 97.7821 89.9502 167.6438 166.3415 69.3976 73.1535 49.3364 89.7124 46.4235 10.3849 150.0926 67.8053 71.2027 182.9589 104.8150 6.3156 130.7909 178.7779 27.2670 127.7329 131.3198 213.3276 214.4910 159.6067 13.8651 139.0423 135.7857 108.9755 115.6484 129.0668 209.0954 23.8800 43.5159 71.3218 82.3655 178.8599 89.5189 144.9896 161.9985 27.9714 92.3489 164.8978 34.9862 196.5038 100.8312 130.0423 108.6671 73.2529 56.0616 170.4349 30.8143 206.9619 98.2001 64.2997 55.9099 81.0490 241.3905 156.9517 114.1590 111.5489 213.7311 96.9582 62.8486 112.7542 90.8077 7.8502 95.1045 134.1522 146.5050 42.9199 60.5388 16.9935 126.6708 103.9228 150.4899 67.9824 151.8288 93.2688 87.0938 81.4064 44.4015 97.9269 181.2123 71.6831 95.8627 68.5276 112.2454 128.7770 19.4846 60.4536 152.5416 133.0970 6.1716 38.9982 56.3093 42.4173 45.2461 135.7859 12.4629 117.0113 122.5177 219.5829 64.2359 134.9158 152.6800 154.5675 109.0063 68.6074 146.1638 121.7211 59.8448 123.4200 175.4920 149.1367 222.0379 120.2835 158.0432 83.7679 107.8694 33.8095 138.9393 199.2375 141.6457 98.9566 37.0296 51.0590 114.5273 39.3607 85.2475 165.0237 71.8795 112.9000 76.0867 169.4665 173.3043 34.5011 174.4332 153.1419 304.6029 53.2591 85.0838 5.9130 84.6726 82.5286 75.6999 105.8112 104.7652 50.7952 155.0760 58.9372 177.4574 178.0936 153.3476 112.7355 84.4587 137.1628 28.2492 4.1341 118.1527 94.5064 124.3145 85.6237 189.6498 164.9016 22.2010 173.1146 120.1165 14.2352 163.1106 92.8024 52.0877 129.9717
112.1097 0.0000 45.6140 2.5039 73.8068 57.7127 128.0281 88.9029 131.8357 152.6857 100.3088 84.8467 125.0222 95.5193 106.5257 108.8736 98.7543 128.4047 138.7730 68.1179 155.9221 113.7978 88.3903 154.0762 218.5227 67.6732 67.2201 86.3043 32.2202 92.8754 70.9401 84.9714 75.1304 80.9877 133.4795 143.6197 129.5239 161.9738 179.2551 138.7230 218.5452 94.8143 147.9309 123.0628 36.2018 91.7371 64.0203 80.6716 77.8761 64.4366 91.9775 171.4861 61.3419 90.8692 159.3945 1.1050 35.5730 96.2847 112.5945 168.5933 185.1415 165.5611 251.9432 140.6891 62.6968 73.4751 46.4408 139.6560 132.1944 95.6082 80.7997 17.0964 82.5390 71.2914 125.9545 113.3142 201.4440 248.7844 170.8122 64.4448 109.2319 54.3082 24.1074 165.7439 176.8027 134.6738 150.7697 146.6823 123.8925 135.3456 223.7332 8.6919 135.1057 78.0301 123.6258 139.2102 135.0787 151.4614 69.7337 54.3460 80.2666 238.1274 103.8823 188.6213 55.4115 101.6680 136.2521 73.0849 188.7598 128.4751 70.6990 176.9744 16.7339 108.2009 124.5357 71.6652 79.3862 218.4689 58.7538 83.7977 155.0254 123.5191 138.5370 1.2286 76.6269 139.0051 138.3565 131.4547 137.8801 92.8255 172.1182 117.9315 90.4352 112.1692 96.6720 56.7945 62.2957 133.1360 206.2863 127.8329 132.6402 55.7833 39.8096 145.7101 85.0447 202.2694 38.5831 87.0697 78.3251 72.8143 63.8386 153.1686 164.8936 6.0850 151.5383 12.5941 141.5927 107.7448 75.6946 76.5983 136.5081 118.6542 26.0107 91.4474 158.4899 67.7935 77.2093 154.5374 106.1014 31.2577 103.1460 151.5605 60.9444 63.4588 124.1229 75.4812 206.6964 54.3284 28.3273 49.4809 242.1594 122.4128 171.4619 105.0472 1.9403 163.7564 14.6444 58.7885 153.5038 109.8489 140.0995 186.3555 181.8459 154.1085 124.4368 144.8341 43.0150 171.9716 4.0144 178.6113
115.9353 45.6140 0.0000 7.1362 43.7606 150.9514 166.2561 89.6706 81.0237 72.1784 178.1503 102.7536 124.5405 97.9999 61.9940 134.1290 34.6541 142.7711 252.9265 135.1218 182.3386 87.5384 163.6303 143.1547 160.2931 83.4508 95.0246 187.1910 177.3847 212.5162 79.0347 168.2837 49.5696 219.9997 110.5871 40.6806 77.1547 112.5597 98.4927 124.8604 62.6981 94.2575 160.7979 205.9657 38.4981 67.8599 133.1429 68.3206 131.8399 70.5865 118.2766 140.5773 58.3759 68.2025 111.1318 58.5444 86.3468 131.0926 201.4780 136.1925 78.2524 99.5230 103.1228 188.6692 77.3078 45.7176 53.4029 65.7769 37.5697 98.2217 92.8642 151.7167 82.2158 42.9557 85.9674 159.8055 60.3579 144.2567 108.6430 90.6114 66.4423 112.0504 62.9753 97.3569 81.7867 46.0710 38.7630 47.7692 116.1963 219.0907 88.2117 21.2697 47.0245 42.2567 97.6160 19.2520 118.1560 109.6484 62.0114 132.2997 96.0161 118.3114 66.4922 158.7769 99.6802 137.7094 62.5161 54.1019 149.1998 111.3634 180.6206 77.6511 18.2724 121.8027 122.5197 93.8787 210.5151 98.1133 124.8390 169.7665 198.7827 65.8743 238.1267 200.4692 82.5704 76.2464 36.3504 209.2832 42.0236 138.4309 160.5271 92.6228 16.4061 120.5610 125.7054 62.9104 81.9664 173.3766 118.4877 56.6961 69.5524 20.9123 179.7670 5.2051 135.2909 227.0417 23.9885 68.3092 205.0042 33.1379 149.6034 43.6704 181.7702 136.0968 45.8009 250.8117 143.3400 116.1334 67.9674 88.0743 185.1002 92.9358 195.9001 105.5903 61.6512 155.3540 69.4535 37.9676 43.3668 210.1736 172.6353 120.9369 38.3585 93.3862 142.0306 89.8167 109.6483 108.7222 178.7848 174.5548 27.5585 89.6617 120.2042 71.7549 161.1110 177.3156 102.1098 68.0861 69.4108 65.9461 98.5971 88.7672 225.0070 56.0177 94.2538 101.6098 138.7201 102.3872 89.3039 101.8336
76.9922 2.5039 7.1362 0.0000 150.2985 116.2884 125.7986 2.6982 58.2236 11.5353 93.7867 59.3572 65.3366 204.9676 32.5252 194.2509 109.7276 125.7645 147.1420 90.7199 85.0905 187.7904 124.7768 3.7494 69.5751 48.3520 205.4939 64.4565 126.9209 118.7084 148.0818 111.2910 30.7209 96.0104 45.6220 47.5459 102.8905 26.0960 110.8181 122.5441 249.0581 21.9124 197.1591 124.2419 96.7116 128.2054 240.4508 159.7045 97.8518 191.7450 91.9628 116.2375 64.9698 182.0869 130.2432 57.5636 209.3658 153.8924 148.8868 180.6882 101.2777 36.8059 97.2604 50.3111 94.4359 168.0175 137.8858 137.0573 168.4866 167.0820 130.1625 97.0497 161.5990 123.7923 70.9891 102.9824 66.6697 45.7610 17.5408 57.2060 144.3577 24.4116 136.9487 66.5637 99.7645 6.3624 40.3948 42.7606 120.3205 62.2375 53.5799 54.1942 97.6973 159.0624 91.2919 74.4928 231.9155 107.4510 113.0446 157.8585 125.3570 145.3174 76.1126 167.9276 123.4941 182.7755 157.9615 44.6207 198.2691 100.8179 73.1576 47.5043 146.2741 25.6446 139.3222 72.9179 87.2682 60.3286 76.6518 56.1428 60.2459 83.8309 165.7750 124.8511 225.4770 144.3873 83.0956 76.7226 91.3805 172.2043 257.4518 179.0039 86.1917 16.2941 64.1669 20.1081 213.3469 139.5655 163.9345 62.9986 119.7798 131.3689 15.8267 72.3373 97.9041 88.3042 112.5873 108.9408 141.9779 38.8770 148.6652 94.6228 92.9406 85.6119 172.9975 62.4705 67.2633 53.6024 38.6578 162.7832 29.4869 45.2433 110.3285 116.4135 108.2236 42.6793 175.2865 75.7811 80.9484 121.8945 170.8633 209.9986 142.8280 174.5427 127.2472 112.4082 0.0438 39.8140 73.8101 34.0575 193.0257 151.5175 110.6686 76.2791 168.7852 116.0444 141.6042 80.7618 63.5177 151.7523 184.0286 132.2508 133.5645 92.7220 110.6711 129.3782 211.6728 167.5423 115.5804 27.1725
91.9178 73.8068 43.7606 150.2985 0.0000 45.5169 72.1654 6.7483 36.8211 75.7362 68.6802 205.1089 159.1641 158.7180 123.9066 143.9556 127.6748 140.3602 58.7343 66.3839 42.0902 91.2882 76.7058 253.1540 60.9679 140.2779 38.7295 197.0881 129.5227 236.8367 51.7637 206.9824 148.4324 15.6313 35.4451 103.0537 100.9551 151.9449 29.2955 37.3816 153.3631 142.6753 218.7874 67.2243 90.2092 41.8976 41.8404 84.6639 67.1141 51.6283 99.7421 10.1739 118.9114 43.1027 157.0177 76.5042 205.4808 125.9843 79.8928 160.6649 115.4257 66.2462 230.5660 69.4367 159.5991 63.2722 177.3820 74.5270 212.6838 33.2061 0.0460 134.7299 77.5362 20.9646 142.3249 152.8454 125.1000 152.7398 72.4653 38.3124 33.0772 189.2533 82.5290 131.0225 2.2433 12.0535 17.9993 114.3432 30.0772 108.2472 60.2267 195.2766 110.7404 128.9584 97.2985 119.0541 73.3485 16.9037 174.4133 28.2676 144.8542 96.7643 189.2610 139.3431 86.8301 62.7186 99.1031 223.0468 158.4562 52.9136 58.1751 113.3985 98.3902 114.2948 175.0858 17.0854 113.1739 129.2333 110.4700 116.8943 148.3761 64.3800 104.7333 67.5379 92.6090 209.1776 114.4590 31.8493 52.4431 169.0272 35.7938 62.7944 134.4331 91.5162 159.4937 166.9148 231.3116 170.5879 152.2500 120.2816 59.6976 38.1631 91.8104 19.7153 121.4056 53.7767 9.8534 108.0628 90.3420 163.6678 53.8397 61.3538 164.6082 164.2184 111.3122 159.4003 91.4836 51.6302 106.4034 179.6079 17.5026 49.0578 33.1883 107.7556 106.0065 97.7518 73.0005 69.8127 146.3625 135.8075 85.4586 224.8172 145.9374 46.0635 67.4988 51.0132 175.3539 80.6000 3.4859 63.0608 144.1117 126.6158 171.7977 140.2724 44.8800 265.3769 209.3912 148.6059 161.0718 61.6561 153.8981 217.3166 212.6327 55.6286 22.4692 78.3982 99.4607 100.5975 115.7940 25.3773
62.8446 57.7127 150.9514 116.2884 45.5169 0.0000 69.9491 13.1605 127.1257 58.2003 104.8570 105.4512 25.1750 57.1282 94.7153 171.3296 177.8052 203.1361 154.3867 79.8623 117.4584 59.5191 29.7310 27.9887 54.1493 50.3629 131.1372 107.9496 166.2073 58.4563 89.3917 156.3954 113.6972 92.4874 35.7877 133.8167 145.7693 238.7030 87.4489 172.9439 109.5124 219.0516 159.9831 143.6569 96.7738 117.2425 86.2448 120.6198 42.2724 87.1410 71.0453 25.1737 35.2628 88.3101 117.1936 65.6587 39.9424 108.5492 141.8837 50.5245 54.5534 58.7082 62.2784 94.3759 108.2109 73.7734 121.8562 115.8097 59.8759 171.9946 22.1243 49.5119 194.2930 134.3213 81.7008 22.7308 91.4500 132.6167 87.4047 62.2000 64.6122 21.2855 115.6641 159.7153 17.3270 38.0252 164.1590 187.4802 222.8456 149.6361 71.2138 169.0953 8.1042 195.2983 247.1784 92.7934 128.5344 83.0480 82.3476 132.2592 14.7447 66.3391 32.3484 43.1496 77.0217 17.4505 139.9167 95.9458 165.5434 169.6928 149.7978 182.3079 182.0692 119.1184 58.5117 113.4573 144.1880 57.5160 50.7553 49.2210 129.5360 129.8290 50.1043 43.7075 166.7626 98.9382 146.7307 273.6159 23.7061 95.9077 122.0120 89.4287 69.5203 196.2263 208.6932 57.9474 83.0955 113.2071 127.9091 54.2962 90.3506 47.4452 130.3673 93.4887 186.8693 111.5309 102.4825 20.3556 85.7271 48.5939 146.3882 124.8749 199.8881 8.0110 166.4261 53.5711 7.5158 83.9808 47.2957 41.7572 123.2065 0.4796 101.7041 88.8963 44.5700 96.8452 173.4906 70.3122 119.5643 79.7724 89.7680 93.7378 111.7169 202.5003 155.3824 109.9758 49.2221 68.7429 154.9337 29.4111 103.4140 160.6567 112.2928 27.7218 67.9928 280.6359 12.8644 141.8585 117.8494 67.7876 55.1023 112.5980 114.5682 131.5012 49.1767 93.2619 132.2733 172.8177 64.1579 190.4794
105.1890 128.0281 166.2561 125.7986 72.1654 69.9491 0.0000 88.8423 24.6275 47.3842 161.6871 119.9131 101.8437 166.3282 18.8787 98.3710 129.7498 136.7967 80.6008 135.8872 5.7249 239.9746 120.1626 65.0359 150.4197 58.4214 163.7629 30.9568 82.4556 142.7046 46.7008 136.0512 115.4792 134.4357 106.2149 129.5131 151.0616 202.7331 97.3200 115.5966 21.2285 149.3458 145.4929 6.4170 51.0653 68.7574 112.9804 97.9486 135.6500 220.4072 71.1971 99.7015 84.0987 66.7557 152.7035 197.1515 70.0363 89.8903 0.4417 117.4148 177.1554 126.5544 71.6548 74.2242 71.5763 18.8657 76.3382 160.6301 165.9588 150.9825 95.8094 88.4588 17.1479 38.2768 178.7702 60.3562 203.0884 11.2843 119.4477 202.8349 66.3991 89.8369 38.6657 155.8605 171.3273 132.1823 52.8728 228.9295 100.3985 99.5101 111.4084 47.4027 100.0864 10.4974 150.8261 107.7376 4.4092 28.3133 43.9703 100.3131 109.4001 61.1771 24.9494 89.5183 109.5100 55.7234 210.2910 161.9221 160.3295 201.4803 158.3293 61.0368 98.5414 55.6451 85.8703 123.2548 4.8671 78.9283 115.4331 74.2668 152.9761 127.2283 101.5345 115.0240 81.1829 113.8070 62.3571 57.0516 26.9941 179.1106 249.1112 123.1024 96.2165 191.5355 94.4824 143.1568 121.0127 59.6293 110.6367 43.6829 79.3903 87.1573 49.6068 106.8747 252.7194 81.0157 70.9862 72.3261 56.7567 91.0551 88.8189 51.4917 175.3157 163.3746 104.7211 19.5371 66.8561 68.7333 148.9471 51.7069 108.2963 98.4640 130.4318 130.1212 61.3470 181.2182 123.7722 86.3425 139.5068 20.7741 102.6159 103.0175 127.9729 139.9875 87.0986 8.1317 71.9955 123.7531 99.3768 89.9631 44.3966 144.0256 1.9418 76.8363 29.0985 104.3876 133.1432 194.1371 104.7496 176.7611 141.5814 80.7295 201.8356 89.6136 150.4521 113.8031 138.1133 52.8124 23.4562 149.2595
162.3936 88.9029 89.6706 2.6982 6.7483 13.1605 88.8423 0.0000 134.8195 145.9481 38.8541 75.6765 211.7645 87.2629 60.6980 97.3257 114.6879 94.8461 135.8786 58.9722 132.5624 137.5546 72.2506 97.0022 67.9943 133.5010 32.8398 96.8051 92.0657 136.5147 140.4187 178.4534 101.0668 171.6398 79.3014 20.6913 43.5658 132.3200 77.9274 92.6841 129.0750 135.7141 181.4282 48.8198 103.5297 156.8932 66.2134 168.0741 136.3858 89.2566 66.3922 48.7903 78.1234 4.8759 97.3685 77.5989 72.0152 111.6862 85.7725 77.0773 15.5605 135.8877 198.7658 85.5502 151.4957 208.7887 162.4276 135.9024 146.4761 92.1918 155.7210 94.3227 0.0137 155.7832 119.6776 117.6874 162.6692 65.6884 27.6833 102.4581 69.2241 139.0168 68.6606 183.5212 154.4689 117.8892 104.9001 121.9249 88.7140 133.5543 173.9635 120.2938 90.5439 73.4648 36.4230 213.4424 78.7590 3.6915 116.3600 79.4935 119.0011 105.7641 151.5871 86.9422 123.2063 138.8143 73.2366 127.2006 120.4064 87.7262 49.7152 38.5979 143.9833 210.2432 43.7829 114.0293 63.1072 200.1462 119.0691 109.9655 147.8890 13.1029 127.9993 27.2107 127.0057 68.3043 100.0118 112.9261 124.4230 166.7534 133.0961 24.3779 212.1594 74.9842 135.3722 52.2177 84.3547 177.0472 69.0246 117.6515 63.9325 12.9685 152.7197 29.4230 34.7755 113.0389 44.5937 264.6707 110.7863 35.7254 110.3960 147.2340 171.8551 58.9978 118.4140 81.6581 96.6938 73.4680 212.8851 86.2168 48.5811 87.6621 22.0941 107.5026 147.0475 49.1585 72.0583 229.2471 184.8894 144.8847 151.5974 130.4146 226.8410 85.9303 92.4935 72.3474 177.7108 27.7383 50.0112 39.9501 90.2757 74.5114 105.1905 154.5071 223.9935 165.2965 97.4661 35.5451 205.4141 48.2158 89.0522 138.3885 179.2998 146.7759 132.9248 140.7057 149.5753 155.8288 50.2889 113.4068
24.6069 131.8357 81.0237 58.2236 36.8211 127.1257 24.6275 134.8195 0.0000 83.4718 79.7639 88.9435 105.1536 210.1208 206.5066 255.4738 38.1684 131.8542 59.4407 106.3196 90.8755 167.1486 94.8438 42.4056 121.3283 90.0594 127.7504 86.9113 135.3036 129.6636 189.8957 116.4168 154.5823 159.4844 127.8715 172.6055 160.5762 83.3756 151.9902 122.5522 122.0123 79.1476 112.7229 93.5506 65.0336 46.2134 113.7245 99.7449 51.3336 130.5761 148.1143 22.0607 16.3004 68.4253 202.8940 242.4722 48.3339 109.5576 142.1840 117.1703 60.8078 90.1960 85.2483 97.4683 144.2591 141.0554 118.5027 57.4565 173.2454 142.1380 146.9324 87.3342 30.5408 86.8313 132.7437 74.9888 19.2301 215.9221 31.1711 147.3503 82.8220 82.4539 143.2869 181.6780 90.9673 89.9194 81.3539 174.2962 29.3269 106.2045 212.7439 130.2786 82.3764 45.9536 100.1081 118.7883 141.5678 95.9663 110.4135 123.1922 14.7430 84.0514 94.7987 141.1894 142.4147 140.2539 132.8222 215.3042 105.4274 169.2731 75.8636 113.0864 61.2343 146.7703 68.5964 21.7030 118.4280 96.2628 152.1117 60.7931 73.3416 152.1261 140.5622 132.1689 119.4421 246.1570 108.8063 60.8592 45.8009 114.7204 33.1473 40.3743 185.4266 152.1777 65.9091 35.2849 148.3009 21.9177 106.6366 101.8377 153.6128 89.6364 102.5659 118.2024 115.0397 18.8472 48.6850 121.5194 100.6719 161.5657 153.4361 66.9020 78.2311 120.9876 105.9265 108.4457 230.1530 2.7958 78.6638 188.0478 135.9106 110.3348 186.3607 95.0594 116.0462 108.2430 115.9460 81.6640 97.9679 152.2334 145.8338 51.6695 2.5445 166.5096 140.9730 26.0526 90.6669 97.6524 138.7317 21.3983 44.7966 166.8071 69.7296 174.9260 117.0613 81.9204 173.4500 149.1400 127.3303 94.5333 207.7165 103.9250 92.7214 104.3877 34.4149 186.1420 65.0715 120.3116 88.3043 13.0073
91.7090 152.6857 72.1784 11.5353 75.7362 58.2003 47.3842 145.9481 83.4718 0.0000 171.7422 93.5092 154.9506 106.7948 169.9253 60.0377 106.1785 130.6167 157.6227 60.8807 150.1122 25.2509 165.6660 133.7895 74.9135 98.8111 98.2620 0.8769 58.8417 75.2615 102.0157 131.1967 148.4419 168.4693 105.0906 67.9987 117.8263 121.2939 92.6001 143.7156 142.9233 152.9301 179.6868 99.6834 105.5761 143.0328 128.2426 171.0573 140.1718 197.6389 65.0786 131.2603 131.3194 77.4352 63.4640 167.9778 42.7259 83.0538 81.5680 165.7854 47.5453 182.9015 136.3408 119.6267 137.2346 65.8398 174.3401 161.5951 84.6844 44.5210 92.1385 137.2394 13.7446 231.4307 106.5326 96.2324 94.2060 189.9185 72.4369 212.7082 65.9361 69.9069 248.0056 68.4027 17.1563 100.3108 97.7435 115.4159 210.6681 90.4997 71.4370 147.3052 70.7986 73.5553 9.5497 55.6724 100.9853 206.0783 99.5891 178.3716 29.0804 118.3494 103.4772 144.3647 193.2365 113.4631 184.2186 44.3196 77.7686 132.2933 110.4330 133.6532 40.3402 113.7767 105.3283 46.2083 149.0232 123.0355 59.4207 76.6906 75.9661 67.0244 13.6754 88.0910 201.7457 57.6010 122.2205 134.1699 49.9227 132.9453 153.0984 74.0753 59.7624 144.8001 82.5200 33.0150 47.8277 165.8090 80.0270 47.5782 43.7771 114.0210 122.7945 87.4522 28.8836 116.4883 166.0755 138.1791 75.7912 61.7003 97.3835 181.3761 40.5457 165.0135 48.7655 21.5253 33.9477 173.9425 95.4162 103.3821 50.2207 98.1378 92.8896 85.0747 159.3570 228.1747 99.5402 76.4321 91.3198 74.5941 117.4526 70.5819 119.3547 206.5626 47.2221 148.3322 154.1899 202.2195 65.8092 173.4551 118.3071 203.9690 154.1345 31.8485 92.7268 124.2074 140.1875 100.7538 65.5078 131.1714 146.1436 82.5555 102.1718 77.5952 105.0541 69.1901 77.9903 97.5877 41.2921 24.6244
66.6117 100.3088 178.1503 93.7867 68.6802 104.8570 161.6871 38.8541 79.7639 171.7422 0.0000 107.0975 59.3854 16.9579 197.6582 223.5552 157.0152 102.6497 74.9761 97.0256 120.5682 109.6523 130.6142 80.8701 63.4775 210.0490 177.7661 54.8486 154.5032 90.4917 107.6682 97.4898 26.0530 58.9362 33.1928 80.3907 45.4539 142.9023 105.1931 131.7617 75.2987 124.8016 117.9060 173.5731 122.1404 76.7407 94.3184 164.4022 78.7624 194.7479 95.7814 135.3591 115.9383 98.6726 171.5284 189.7133 81.3706 119.1487 241.4463 138.7938 188.1035 115.4888 99.4830 156.0847 30.4834 91.3703 78.5985 150.9360 114.9246 146.5293 65.2647 62.5743 136.1142 126.0728 121.6685 112.2873 130.4961 112.2942 147.4978 5.5179 236.4579 106.5506 143.8307 26.8793 115.6086 55.0935 148.6520 103.0938 191.0727 57.5240 134.6248 144.8309 82.6243 143.0521 128.7720 148.2186 226.6130 133.0771 114.3439 159.8663 75.0293 119.1597 181.4539 238.2229 32.1050 59.0961 155.6881 68.3204 88.7837 139.5278 30.1972 99.9431 170.9776 85.3740 49.1795 27.2187 98.0706 127.8816 139.2421 155.5287 91.1136 68.2420 117.2497 208.8816 22.7887 98.9373 82.4544 135.7344 111.7810 186.2129 95.8552 65.0349 88.2703 3.4759 29.0652 31.4533 108.5620 156.0175 89.0336 109.7478 57.0147 91.8471 120.0379 116.3144 99.2709 8.0794 71.9450 100.6239 22.1683 84.1240 114.2542 182.4597 118.9088 60.1535 173.5599 78.7526 118.9379 122.6420 79.4026 121.0072 85.3843 77.9718 219.9637 232.4627 59.3755 114.7796 161.3541 49.8810 104.9197 129.3683 69.2227 33.2051 50.3619 116.6934 126.9053 157.6544 110.6435 172.7366 61.5486 27.2673 134.9444 161.9229 131.7865 21.9406 183.8664 75.8787 29.0913 130.0701 77.3719 55.8661 106.8105 69.7116 64.0772 65.8342 119.7133 92.3815 10.3747 74.5087 46.7407 114.4723
61.9716 84.8467 102.7536 59.3572 205.1089 105.4512 119.9131 75.6765 88.9435 93.5092 107.0975 0.0000 90.0040 119.8528 88.0337 53.7301 120.1402 45.2716 114.8634 60.8778 12.4858 89.8162 82.4445 62.7721 92.4899 97.7288 43.3280 63.2432 118.7591 202.6376 64.9838 179.4465 66.6535 167.0360 152.3079 102.3762 80.7721 96.8597 150.4704 119.1744 109.3749 58.1883 26.2882 170.2614 101.8435 110.4606 239.7420 77.1753 30.4218 108.1619 155.1380 151.3587 118.8187 169.2888 80.1560 135.7445 105.7318 48.6750 49.8576 100.0460 87.8596 224.5352 107.1346 77.1862 69.6896 139.7277 102.8133 167.9755 37.2454 89.9313 116.1793 108.8640 103.7221 130.6210 115.3147 74.1316 177.7543 86.3243 188.5558 143.7246 52.5023 177.7727 77.7295 53.5019 177.7036 97.5900 36.2209 31.8885 189.6562 154.1691 107.6427 115.3290 178.4694 83.0190 206.9619 135.0238 117.4213 103.1877 121.6508 130.0235 110.4560 194.7036 183.7569 112.2138 83.4776 14.6716 107.4139 98.5936 61.6509 232.9503 133.1276 80.7482 149.8213 132.3063 54.8213 82.9903 126.0984 246.5489 87.7272 182.7098 41.6512 130.5942 134.2913 55.8753 159.3236 15.3435 34.9584 113.1664 49.6974 126.6124 95.0790 98.7598 39.9942 48.4098 216.6824 44.7783 49.6291 125.6147 123.3918 145.4818 140.7559 6.5148 96.5310 99.1929 71.3146 99.4375 156.6446 90.8943 58.6669 146.1593 102.5586 39.7788 118.7171 97.4551 30.4338 260.6359 55.1762 107.4645 93.0081 208.0453 21.8206 107.7319 97.6035 177.4208 93.5202 59.8551 56.5417 84.8461 77.5410 196.7041 129.9157 128.1528 95.1933 87.0436 18.1998 117.2251 202.2579 175.0003 201.8175 123.4868 131.7887 123.4762 76.3999 89.4380 92.1955 173.9203 160.4456 169.1230 119.3356 93.3516 33.3405 82.7675 92.5607 85.6167 91.3733 122.2858 108.0316 113.9418 161.0811 128.7176
190.8119 125.0222 124.5405 65.3366 159.1641 25.1750 101.8437 211.7645 105.1536 154.9506 59.3854 90.0040 0.0000 161.1117 1.7043 115.4206 98.1441 66.4728 103.2867 194.5173 208.8029 142.6769 100.8706 144.4473 116.7034 89.9911 54.1879 81.8701 37.4972 42.4971 144.2750 62.3851 117.6778 80.5837 121.3687 58.1306 99.9306 27.3450 116.5407 65.0683 142.4075 113.4276 102.7281 102.3055 161.0794 156.2186 186.7346 186.2768 87.9846 109.1107 78.6940 155.3963 31.0274 198.5139 49.5415 178.2118 118.3313 69.7619 187.9507 82.2680 31.8930 179.8066 109.2061 94.7876 41.1894 51.3863 105.8631 36.2671 72.2822 189.0089 158.4946 40.0225 117.7767 124.6483 85.4747 139.4802 30.1660 108.9335 37.0173 138.9614 96.3886 124.1132 234.4399 78.8384 125.6503 163.8645 69.1289 106.7436 56.9833 89.6231 75.1593 84.5615 41.9534 223.7108 9.0776 67.7856 125.8380 120.1011 87.6331 111.2685 35.5386 167.7698 124.8995 194.2787 142.7473 112.2889 142.2025 166.5601 222.3193 200.6966 94.5393 32.3972 67.7662 269.7408 47.0875 148.5999 144.4338 197.1589 130.8142 21.6115 225.5708 102.5995 60.7672 52.6778 60.8950 67.7493 97.6444 84.9509 100.2930 132.7191 189.5181 98.8774 90.5487 82.0213 140.9899 115.9067 67.5100 134.8921 103.9515 121.3081 177.6661 155.2055 82.8021 111.5052 92.5345 189.6046 114.8612 77.8180 253.2306 96.2758 90.1503 36.1983 130.2381 60.5809 21.5975 101.3767 45.0174 99.5206 89.5634 76.1347 72.9252 78.5106 108.6895 103.4085 186.7276 136.6559 144.1531 14.7215 125.9016 75.3027 119.4307 113.3800 35.1135 237.1005 172.1207 101.0636 49.2272 37.3806 157.2836 176.6194 133.9390 140.0005 176.9672 121.9836 72.9961 250.3905 105.1702 56.5328 104.0120 90.7197 142.4881 44.0219 91.3985 114.4572 62.7830 199.9139 113.5722 180.4396 29.2088 200.0284
173.3532 95.5193 97.9999 204.9676 158.7180 57.1282 166.3282 87.2629 210.1208 106.7948 16.9579 119.8528 161.1117 0.0000 32.7920 152.4457 9.6453 137.3545 19.0692 138.4718 151.9615 138.6149 119.7762 163.8672 56.6236 164.4549 32.6374 188.3323 178.3691 159.0415 136.1978 49.9819 33.4886 193.8129 141.6388 117.0691 155.9206 190.4444 111.2925 56.9805 73.2351 145.7850 111.2644 57.1636 207.3226 216.1080 69.6731 156.6343 174.9938 85.8485 90.5098 52.8463 223.5881 99.2495 63.8084 188.7909 40.0881 66.5888 80.1574 29.0209 85.1380 187.1355 54.2156 84.2089 144.5949 68.0168 159.7893 88.8225 69.4018 42.2676 79.5339 147.8310 84.5637 38.8894 48.5182 68.4488 98.5415 25.0097 37.7558 122.9838 158.0096 30.3065 107.4814 182.0900 113.3531 128.5905 93.5165 147.8461 103.1486 127.5576 178.1169 11.4063 76.6831 32.2479 62.8772 144.9261 138.5445 54.4418 124.9180 62.9387 37.3947 86.2110 141.5834 23.3640 62.0816 127.6711 45.2441 138.9661 125.9410 43.2739 166.1142 111.0092 12.2452 74.6475 31.2344 71.0437 126.2256 84.0016 156.3280 88.5798 208.7870 80.9779 114.5689 68.6838 189.6426 147.1191 56.5894 121.8817 86.6043 104.7685 92.6960 137.0564 188.9876 58.1367 60.0491 58.5138 137.5420 115.5684 135.0333 187.5072 93.4141 99.1183 130.0258 111.8364 35.7645 117.8949 73.5705 121.9007 115.8083 141.1190 21.4873 156.7309 144.7105 12.2256 24.6399 170.2094 105.8636 177.7066 118.8973 101.0606 41.1716 43.1005 113.4167 132.9293 116.3969 108.6546 94.6698 138.6459 175.8561 102.1257 95.8532 72.6234 19.7776 81.1242 107.1278 211.4570 92.5852 220.9109 95.5773 28.8440 71.8509 73.5944 48.6940 175.6560 78.1877 126.8690 12.7319 118.1825 194.9511 108.5999 94.7968 88.7546 38.2098 56.5198 107.8013 92.9842 29.8747 143.9021 17.0394 79.1962
82.2348 106.5257 61.9940 32.5252 123.9066 94.7153 18.8787 60.6980 206.5066 169.9253 197.6582 88.0337 1.7043 32.7920 0.0000 125.6432 78.8401 36.3122 70.1198 103.8656 111.1714 213.3100 119.3306 154.3494 114.6974 151.4156 111.3297 35.6519 198.2359 69.9114 113.0636 91.5014 109.3941 140.7358 61.7735 99.0128 129.1361 118.6034 117.8252 119.3974 81.6986 114.8360 67.2406 46.0063 50.4354 124.8292 118.7854 83.7655 160.0183 116.7637 168.8634 103.4839 107.8134 117.8530 157.0309 103.2180 142.2399 76.3869 44.2092 31.3532 87.6408 161.9174 53.7510 117.4573 113.9488 23.3362 116.6311 140.7519 59.6673 204.4649 70.1209 63.9304 56.4099 176.4238 40.4206 21.2902 110.2826 211.1083 102.2511 216.2994 107.0587 80.0903 43.1004 42.5991 93.6132 95.1158 205.6629 93.6418 11.8301 116.2659 133.7903 158.1476 36.9625 78.7478 145.5696 57.1641 149.7259 239.1350 98.0713 189.1639 116.1959 120.4101 100.5058 42.1519 152.4553 173.6364 22.2207 40.4165 28.2382 146.7766 45.4981 129.9247 95.8504 84.8133 10.8227 199.7980 164.2251 111.8363 139.2426 91.4103 21.5561 87.4196 144.4949 171.4186 156.4681 46.3878 150.0355 76.0787 49.2444 130.1224 21.8242 99.2838 83.0003 104.0952 92.7518 137.2766 115.3489 23.1312 9.1481 64.6248 195.1878 156.8940 43.3902 153.9124 67.3408 180.2301 39.4773 163.5326 161.8191 6.9801 170.0664 26.7491 137.5874 112.5610 32.6399 79.6316 2.6770 92.9211 197.2390 141.9588 29.7651 119.8561 171.5545 102.4760 66.8495 100.4173 150.3939 238.1032 166.5455 124.8255 89.2205 140.4049 73.5037 130.3921 25.1692 26.2145 3.4518 105.4657 47.2447 59.1073 150.8341 80.4458 129.2556 199.6661 70.8769 43.7920 146.3356 119.3859 191.2200 41.4166 38.5758 44.9991 73.7182 111.3872 149.8682 124.8757 92.0841 113.7561 176.6394 186.6110
108.0177 108.8736 134.1290 194.2509 143.9556 171.3296 98.3710 97.3257 255.4738 60.0377 223.5552 53.7301 115.4206 152.4457 125.6432 0.0000 52.6229 54.8713 76.0841 91.1832 156.2993 87.5252 26.1872 92.9634 137.8326 67.4877 85.5868 114.1332 106.3138 75.5917 16.5483 81.2145 130.0030 126.0058 16.3175 102.4158 69.9308 81.6168 6.6628 150.4806 13.1835 119.9534 98.3136 102.4345 93.2967 92.8975 149.0515 236.5126 183.4417 74.7514 92.1023 109.3141 46.1587 64.1253 144.8837 98.8217 122.4031 218.9992 78.8641 144.9924 148.4450 124.8222 17.1338 45.6412 37.0374 102.5468 125.8408 56.7347 134.5277 88.7768 91.3343 125.7093 71.0278 140.4537 85.5121 97.2406 52.0167 111.1399 158.1630 105.4800 209.3309 172.8345 105.3477 165.6705 151.2634 35.3777 14.2770 103.3414 41.0150 121.9117 183.3863 38.4886 74.1223 60.8090 244.0892 196.6973 203.5358 55.3518 44.7922 53.5983 85.4502 42.9963 66.7504 205.9690 115.8233 81.9387 81.2321 160.1378 97.5095 76.7280 75.8612 156.4540 96.2809 161.8581 48.2381 197.9083 183.8844 184.6327 31.5033 196.9606 121.0680 71.4035 35.9074 88.4735 38.6357 27.6548 1.4450 169.2334 8.3283 19.5354 25.2549 176.3046 99.3765 49.4507 44.8389 135.7846 14.9497 18.3195 170.8508 47.1887 138.4459 46.9567 150.0960 137.8963 44.8578 71.6319 82.0328 73.2148 101.1094 102.6922 135.7467 58.8858 110.0820 168.3142 51.4014 17.8457 11.6246 162.0036 14.0857 101.5030 256.8260 159.0611 98.7722 55.0620 211.7494 91.9604 102.2419 176.4758 165.4207 175.2817 96.8912 247.5787 112.4735 38.1596 84.5910 264.2533 122.7730 100.4971 90.7637 85.6086 111.8281 146.6089 179.5916 33.2500 87.4148 19.5678 6.2679 55.1591 125.7717 76.6541 176.5499 232.1473 63.8445 118.1864 112.0450 147.8020 150.8501 145.3142 106.9960 43.2258
115.6524 98.7543 34.6541 109.7276 127.6748 177.8052 129.7498 114.6879 38.1684 106.1785 157.0152 120.1402 98.1441 9.6453 78.8401 52.6229 0.0000 50.6283 93.5198 157.7864 39.6287 51.3110 92.6914 8.9841 67.8732 69.0386 81.6026 170.5808 20.1686 166.3323 150.8149 145.0362 67.9470 118.9525 13.5914 107.3618 38.3102 265.8142 97.0216 133.3896 185.4107 55.2751 80.4264 14.2895 85.2409 126.0411 112.2192 213.6534 41.9526 92.0402 136.5681 65.3724 101.3695 135.6166 128.4387 58.7825 88.6276 171.8180 25.0652 88.1503 65.9015 29.8086 31.8094 99.1562 112.8988 183.3088 140.5001 175.8038 137.3658 129.9378 149.8308 226.1562 71.1880 84.1845 128.5063 80.8151 99.5373 62.1996 117.1352 220.9762 69.3643 197.6675 131.1524 150.7140 155.3078 43.8520 41.9740 17.9526 56.1715 252.8636 49.7074 68.7515 102.2406 111.0713 177.7245 140.2427 23.4291 61.4629 143.9940 191.3562 118.2255 50.8000 189.7772 38.0784 112.5242 145.1161 138.8234 211.7745 55.2100 149.5751 117.2313 121.3771 29.2231 84.2511 14.0450 135.7690 117.5465 31.7747 128.4124 118.8954 195.4111 12.5898 23.7630 100.6220 89.3189 26.0418 19.4015 82.7006 150.6283 99.7194 130.4082 118.9459 230.9824 159.8831 121.1741 159.1379 93.5270 113.6920 108.2712 112.4842 127.7161 104.8254 87.1248 93.3169 105.8002 139.3651 161.8321 102.1135 2.1795 108.1873 97.5241 127.0175 198.9146 47.6333 64.6520 77.8720 132.9647 51.8886 210.2272 70.7025 318.3910 168.1822 105.0066 88.9000 124.5647 299.1558 75.6458 183.2626 91.8158 184.2566 151.7797 115.9608 129.0674 91.2069 36.6557 131.0029 116.7133 49.7226 19.2276 160.5124 53.0542 173.9751 143.2520 4.2780 124.6887 40.5272 159.3761 189.8860 55.7833 62.0592 115.0152 114.3502 22.7447 129.3113 93.8112 28.8200 21.0700 40.9174 127.0395 167.4294
35.1020 128.4047 142.7711 125.7645 140.3602 203.1361 136.7967 94.8461 131.8542 130.6167 102.6497 45.2716 66.4728 137.3545 36.3122 54.8713 50.6283 0.0000 127.4148 145.9539 195.3822 87.4123 74.7004 181.0616 160.1125 165.2451 103.4911 190.0520 154.2325 55.9119 64.8311 57.0127 43.7747 61.3677 205.1141 41.8817 176.6728 106.4885 17.9646 98.6667 124.6709 106.2112 102.1050 39.1944 96.2373 226.9901 4.7481 69.8755 115.5209 106.4314 125.4792 11.5425 83.9807 46.9932 75.6556 44.8224 114.7120 60.4473 116.0111 253.2418 187.1654 66.7556 74.3825 43.7170 51.2997 105.5129 106.8907 126.9690 102.5406 148.5473 123.1374 99.4750 128.7201 41.8920 45.0609 57.8637 127.0046 114.5644 26.6260 112.9667 174.2856 117.3701 105.0757 104.9205 52.9398 162.4710 84.1422 82.6581 121.0886 120.4959 88.5104 223.0501 68.5185 54.9132 96.4676 39.9462 159.5435 69.2951 128.9645 74.9890 90.2179 103.6871 61.5026 78.4617 64.7812 40.9650 156.3523 36.2865 117.0449 169.8095 128.7305 138.1151 196.6947 125.4522 97.7194 269.4243 30.4451 162.5230 120.2884 35.1048 106.7325 154.9691 120.5938 16.2104 85.0379 125.8107 185.2554 109.9563 166.2873 117.2270 80.8281 111.4024 212.2525 23.5570 98.8213 128.1229 78.9891 147.1372 164.7333 173.2758 109.3228 63.4336 124.3077 98.9590 0.0079 41.9302 128.1555 93.2402 62.7727 52.1635 87.0809 100.3670 97.7694 140.5208 125.2463 4.1432 166.2622 102.4857 192.6384 125.4112 95.2157 112.6009 127.3771 45.1128 125.3955 101.2880 205.0806 72.2874 111.9297 14.0454 49.5420 87.2721 54.1472 148.4294 125.7891 136.6494 72.9130 57.3454 160.9026 52.2849 83.9127 22.6249 109.6227 81.6693 204.0341 155.4158 168.5081 132.7842 102.2948 201.0034 43.2712 82.6923 126.4296 175.0219 148.4125 193.5841 64.8408 118.9537 101.4605 56.3440
118.2008 138.7730 252.9265 147.1420 58.7343 154.3867 80.6008 135.8786 59.4407 157.6227 74.9761 114.8634 103.2867 19.0692 70.1198 76.0841 93.5198 127.4148 0.0000 239.3341 116.2233 113.7622 147.9503 40.7875 189.2910 101.2139 95.8347 81.6404 214.1861 155.4592 77.1588 215.8369 79.0711 65.3762 208.8881 182.9623 79.1980 131.0339 163.6478 28.5979 50.2071 95.8341 117.5176 64.7423 178.7630 166.9130 114.9873 120.4966 126.9439 104.9594 75.6290 102.4706 26.2121 98.6777 117.9685 107.2631 88.7009 142.5838 94.3520 142.5778 21.5845 2.7883 129.6436 26.5524 53.8152 146.2434 152.9472 156.8999 12.6866 82.4035 186.9634 122.3223 84.3058 149.7826 105.4387 26.7654 144.8685 209.3051 76.1619 37.7393 52.7262 17.9692 160.2924 55.4075 8.0420 112.7754 189.1851 70.9599 148.2514 48.9433 65.0685 81.9872 178.7590 33.5402 111.8457 74.2101 52.7256 104.5323 131.2177 142.8726 63.9282 123.6002 37.3066 107.2979 82.5965 72.6614 68.2438 149.1957 189.8514 190.5393 22.0668 114.1534 89.5578 50.6907 59.7857 62.3030 114.7512 125.3205 130.9869 53.5673 75.0899 139.1793 87.0871 116.1350 190.6744 125.5608 97.1731 21.5117 134.7520 153.0966 147.4343 12.3827 271.5518 95.2044 125.9203 45.4164 47.4181 55.1950 105.2838 214.2263 120.5945 143.8453 93.5636 105.2129 208.5719 144.6233 38.3490 121.2109 173.6412 128.1291 96.3108 81.1488 120.8321 179.8161 188.6411 111.4597 133.5213 93.4437 93.3702 96.9733 62.7850 28.2547 81.9050 100.4440 188.9671 91.8582 50.0776 91.9177 6.0983 60.8767 143.4382 123.8490 137.4074 133.7194 109.8288 128.6000 9.6847 167.6438 63.2046 111.3888 159.6134 240.1126 68.8540 170.8641 67.9570 145.1143 13.8174 69.5628 67.2667 90.4084 118.5003 160.4702 83.5834 152.5296 166.2834 206.3506 202.5478 116.3913 120.6192 37.5674
96.8042 68.1179 135.1218 90.7199 66.3839 79.8623 135.8872 58.9722 106.3196 60.8807 97.0256 60.8778 194.5173 138.4718 103.8656 91.1832 157.7864 145.9539 239.3341 0.0000 140.1443 207.9356 166.5920 64.6496 61.3341 181.3182 245.3980 125.0050 174.1702 177.7961 151.2340 50.7272 101.0088 124.2458 90.6228 105.2681 101.4529 259.4218 143.7005 250.0976 127.4421 161.6721 81.8934 145.2501 108.0574 156.3761 221.8476 105.0959 174.8261 156.2995 127.5020 60.4628 155.8351 89.9559 106.5755 132.6386 103.9002 23.9698 108.1688 73.7798 63.9540 35.7525 13.7081 106.5504 108.1529 10.2212 52.9402 74.2688 37.0103 89.8275 38.0917 104.2218 133.8137 108.1305 195.9056 44.3546 95.6729 115.4114 9.0728 114.0672 70.2235 84.6739 70.0871 20.5915 121.3037 34.2218 117.8625 69.1215 36.2329 104.7930 111.9909 108.1290 148.9132 96.8862 87.5601 177.5087 156.5642 105.5707 188.3157 78.0972 100.5634 136.7280 43.1332 91.3900 137.5442 116.8111 119.4042 132.1015 103.9055 178.7289 60.2029 20.1022 30.8154 135.9996 39.7243 72.9664 53.5283 60.8430 101.5904 94.2200 8.6945 78.2090 33.8812 114.9242 152.6457 155.3497 113.3579 139.8485 92.4560 25.4124 118.9403 71.0185 68.6966 54.0625 139.0595 51.3279 213.2739 147.7633 111.7521 45.9681 240.8921 66.7975 71.9686 110.2742 52.7962 1.9913 35.2994 118.9407 70.5210 114.0334 138.0630 163.3207 57.1565 179.9800 180.4906 46.7929 153.2032 39.4412 125.5685 121.4519 127.6287 36.9595 96.1055 166.6755 192.9565 118.3181 93.9427 91.8972 43.5902 106.2057 22.8264 177.7872 124.8883 96.0428 38.8172 124.1129 114.2426 148.8360 1.1739 60.7158 18.6200 76.8995 97.9082 36.6232 240.0184 167.4424 29.0845 118.5405 117.3609 104.1753 108.4194 43.2456 72.8128 70.7916 24.9109 164.4705 35.8232 102.4048 141.1438 109.6192
247.2611 155.9221 182.3386 85.0905 42.0902 117.4584 5.7249 132.5624 90.8755 150.1122 120.5682 12.4858 208.8029 151.9615 111.1714 156.2993 39.6287 195.3822 116.2233 140.1443 0.0000 10.4785 155.3243 184.9984 69.1177 119.5739 107.3678 153.8562 139.6824 213.7639 135.7735 126.1906 116.7215 108.1718 135.3038 124.2000 116.3636 20.0414 34.1445 84.3801 176.7421 49.9847 17.4553 37.0416 78.3981 129.9630 219.6793 148.6845 73.2331 108.2072 53.3506 47.6520 36.7772 71.2259 43.8446 61.6797 272.7715 92.8024 16.2921 175.4190 75.9068 106.8940 60.2414 75.9678 141.0706 183.0966 91.1862 113.1743 98.2685 97.5581 92.0822 158.2600 146.3923 105.3058 203.9821 70.8957 97.3758 71.2011 210.8033 176.4738 62.5696 75.0326 81.7968 135.5404 143.6427 134.5636 61.6927 54.6175 47.0693 85.8856 98.8724 111.2823 19.6608 167.3229 61.9901 91.5148 116.8265 2.8512 59.6353 145.7851 9.4198 135.6928 50.4190 37.4886 95.1040 136.0845 102.8148 53.4995 88.4320 182.8816 56.0793 79.1625 201.1918 92.7240 196.1558 58.0273 36.6212 159.1796 139.3874 68.1679 81.9814 73.9253 99.2768 124.8383 120.5284 205.4056 88.3000 113.1048 17.6678 87.8136 55.0090 131.9302 54.1607 3.7060 192.1126 134.8476 140.6724 83.7487 51.7948 83.0929 38.5827 168.7729 68.7602 157.7312 163.9518 125.8041 69.6011 42.3415 171.1291 92.5729 150.6130 154.5325 71.5936 135.8981 127.5429 144.4846 156.3539 37.7061 67.6236 46.2759 159.7889 140.4730 175.7150 182.8828 202.4976 117.8094 99.6246 44.1206 153.4055 130.7048 162.7152 44.8476 139.2562 48.2406 34.7711 72.4300 58.0978 169.7220 72.7723 9.6654 130.4088 104.0380 29.4562 147.9460 144.7343 92.0657 139.0435 99.1508 94.9368 73.8653 190.2288 203.8335 231.7786 99.4054 41.0543 170.6420 147.4578 26.2331 115.6941 148.2698
111.0336 113.7978 87.5384 187.7904 91.2882 59.5191 239.9746 137.5546 167.1486 25.2509 109.6523 89.8162 142.6769 138.6149 213.3100 87.5252 51.3110 87.4123 113.7622 207.9356 10.4785 0.0000 58.3341 114.7765 46.3710 157.7988 111.3528 75.4594 103.2734 119.2798 48.6820 110.1712 123.4113 71.1882 70.6048 86.2965 8.5848 79.9434 80.4348 143.5682 143.5999 121.6226 169.8010 96.1414 73.7436 30.4868 152.1091 140.4080 183.1923 149.0905 130.8032 90.6309 78.3461 162.6212 65.2272 127.4785 152.0351 105.5567 175.2088 120.2773 133.4678 181.1619 148.9089 76.7014 96.3490 77.4520 154.2544 131.7844 139.1287 114.4736 214.4696 82.3592 104.8170 146.7473 62.6141 64.2995 72.2695 27.6324 46.4529 129.8678 78.6234 183.2611 105.6135 61.9201 96.8188 94.5742 47.8233 140.0715 116.7390 23.2960 163.2406 163.1350 150.0898 32.8171 103.5848 81.5675 120.6779 8.6663 73.3553 153.2831 4.3890 138.6043 123.8143 162.6326 81.7069 181.0504 73.0832 199.2819 20.3713 89.4670 194.3793 88.5135 97.4748 10.9909 84.8819 185.8023 160.2989 32.8585 163.4257 187.6448 129.3060 104.4323 97.0860 40.8967 16.2376 71.6305 58.1974 140.6184 27.4378 47.6677 9.7239 154.7972 186.7996 85.1729 146.4334 89.6145 141.8830 228.0198 68.0763 142.6028 126.7685 140.8878 41.7984 63.4146 111.0399 39.1836 125.5342 209.2158 148.2336 181.4886 29.1525 172.5299 74.5851 74.7625 27.7116 122.6236 159.3769 128.0944 131.9855 129.3044 183.3050 180.0580 144.8351 52.4069 36.2190 60.2518 164.3270 47.2239 230.4246 51.1509 43.7095 167.7467 107.2118 132.2607 124.5640 120.5985 123.7627 141.1180 93.9023 120.1037 107.1367 188.5333 147.8604 89.4010 35.8032 101.6778 80.9476 66.5899 87.9802 89.9932 41.3331 191.9964 153.5564 73.4014 55.2645 131.1407 70.3931 101.7652 211.0162 131.6950
188.4141 88.3903 163.6303 124.7768 76.7058 29.7310 120.1626 72.2506 94.8438 165.6660 130.6142 82.4445 100.8706 119.7762 119.3306 26.1872 92.6914 74.7004 147.9503 166.5920 155.3243 58.3341 0.0000 77.7196 135.4010 57.4435 64.6578 18.8494 101.3082 49.6272 147.3602 89.6560 137.3922 181.2011 87.2530 98.7836 107.2548 1.9337 7.9110 73.9489 139.6883 19.9855 160.8028 99.3875 139.2108 33.5019 195.4953 186.9272 2.4094 10.7253 116.6992 146.0885 126.8788 29.2777 37.5068 86.8026 72.9615 49.1515 135.7316 170.5258 93.9999 77.0075 52.6994 245.6214 121.6210 39.4277 207.0500 85.8951 169.6944 82.1158 160.6184 215.8575 122.0340 114.3824 174.5136 76.8629 150.0592 160.7689 100.3758 95.5668 32.3751 52.4681 60.8474 77.4240 79.1008 203.6471 57.8829 151.1978 188.2314 249.4464 169.5086 149.4377 150.1888 57.1317 147.6027 68.5862 111.9395 184.6780 171.8977 135.0453 146.8816 45.2844 197.6373 202.2836 25.6815 137.6754 56.8687 63.0003 110.2455 122.5897 131.1003 70.8412 133.5209 98.7644 32.0161 116.5303 102.3605 68.1301 92.4392 97.8376 162.4515 143.4760 19.6155 149.4569 136.2052 71.9669 138.7898 187.2948 249.4667 216.5198 56.9403 55.5923 33.9397 110.2784 192.0796 85.7502 108.8494 90.3813 160.1101 32.6894 181.0450 61.9076 117.6466 98.0809 83.3213 165.1882 112.8872 160.6093 59.3597 8.1495 106.8993 191.7673 185.5636 84.4701 119.9646 127.9006 124.9127 168.8883 136.1525 120.9228 124.2314 33.7235 91.1920 56.9218 194.7646 37.2672 148.3346 258.3702 71.6136 40.9752 53.4157 83.0605 138.7903 174.2289 32.3200 232.9600 172.4925 90.9990 148.5013 113.0995 117.4548 118.2188 214.2369 165.1279 118.0922 127.1546 32.2383 144.2486 118.1261 154.6186 147.3508 94.8771 73.6457 140.7525 132.6472 126.8750 64.8111 91.9235 104.5814 76.5206
