200
0.0000 39.4958 128.6611 85.0572 191.5214 94.6462 121.3487 135.0678 76.5631 112.3138 86.9119 61.4614 178.1488 26.7123 172.4746 78.2566 180.5363 166.4939 62.0079 99.4055 116.9243 127.2300 219.1500 112.9578 79.0235 72.6432 217.5914 25.1843 48.1310 154.7136 48.7492 163.8740 103.0975 108.9580 22.8030 85.8420 37.8838 174.3063 57.1670 148.7748 67.4925 131.6341 102.5418 126.0127 63.8398 144.7861 126.2396 181.8126 7.1635 183.4832 60.5039 42.1388 123.1505 34.0005 60.7940 26.2906 130.3059 144.3329 86.5785 92.3998 136.4120 46.1754 43.8226 35.6744 204.1979 122.5791 118.6544 74.9633 168.4392 153.2884 184.7326 111.0020 185.8126 63.0951 68.9050 104.2431 134.7858 132.1066 137.2267 102.0127 90.5091 55.7946 82.0472 70.5769 36.5496 122.8574 107.9154 84.9208 162.2422 176.6866 79.8984 150.8293 215.9627 118.6142 99.1063 115.2986 179.3627 71.3570 115.7132 135.3001 74.3692 96.0842 105.8576 122.7594 95.6469 12.7372 36.7377 137.7218 69.6633 184.5164 222.3137 176.2045 80.2351 151.5590 138.1179 119.3679 102.0649 165.2672 186.7158 193.2338 226.4035 38.7594 114.9271 117.1529 106.6437 29.1037 106.0452 80.8957 80.7551 102.3109 124.1949 58.5684 35.9403 15.0942 123.9245 22.9809 58.9277 58.3166 141.3706 39.9021 114.5021 216.6286 62.9568 34.4839 52.1844 106.4380 92.4087 69.6025 125.5921 36.1004 262.4270 137.3237 64.0225 114.9698 59.0250 118.0359 99.8871 19.5282 123.4448 75.6512 172.2545 69.7888 24.8516 155.2921 109.8871 101.8653 105.1364 101.8610 111.7581 94.1138 195.6823 156.1721 141.2844 54.8447 152.9962 197.8614 89.1174 79.5215 143.4431 41.6924 42.5774 179.0459 29.7180 47.0473 214.7052 114.4382 115.1798 136.9002 165.5378 82.2266 173.8153 29.3130 112.5881 77.5681 122.7978 19.6957 85.7624 122.5470 61.1605 180.0868
39.4958 0.0000 65.8899 124.9580 83.1378 77.8881 128.6173 159.5356 0.8775 113.6612 84.8860 1.4095 184.6192 111.8171 49.5165 49.4032 0.3348 9.1044 23.6394 164.8921 218.7834 79.1530 130.1723 68.1043 106.7177 83.9913 76.9722 96.6987 123.2157 147.4189 52.4256 149.7748 166.4357 77.9441 174.7907 136.2354 148.7410 74.8537 126.8187 195.5702 37.4763 39.3562 2.5748 143.6231 32.4702 15.6065 102.0199 60.9879 164.3783 95.9481 61.6455 193.7669 33.0285 171.8015 88.9602 191.7869 2.2533 196.7913 190.8052 151.5801 51.6113 98.6013 160.8477 130.1348 78.7462 150.2159 25.0239 11.4642 73.7606 80.2517 135.8723 82.9601 22.8605 139.2685 122.7794 134.8562 97.3664 112.9538 135.9096 24.6003 82.0677 161.3452 51.9873 133.0662 121.2801 155.8576 238.9133 22.4548 15.6278 94.2173 58.3444 121.5083 104.9389 138.6283 33.3277 131.0535 103.1768 116.3343 203.9771 137.9936 106.9349 122.6128 96.0952 102.1619 79.1955 100.0660 187.8730 125.2532 195.7460 103.8170 87.9889 117.4616 142.9031 213.4051 81.9003 55.4008 153.7773 99.2453 269.6258 85.5972 99.0559 145.5438 34.8972 80.5712 137.8972 64.1268 143.6906 176.5049 141.9947 97.9945 91.5937 188.2081 41.2767 56.1303 129.9919 88.6496 95.4516 135.6397 73.0889 71.8972 93.8245 116.7728 169.6686 106.0837 85.1874 176.8586 26.3242 109.1775 89.6188 114.4950 78.4524 88.6094 40.0889 109.4562 2.8122 68.7970 34.7863 84.8614 69.7601 50.5549 165.2532 118.5672 108.2178 41.2491 104.8766 35.7441 89.7805 47.9287 43.0939 130.0367 124.6484 48.7592 34.8474 117.6013 43.9991 70.6725 42.1208 167.7970 27.6416 72.2850 105.5567 176.6679 109.8003 111.4650 46.2250 118.2431 49.2423 12.4287 110.5182 130.9651 77.5821 153.0280 98.6200 145.9273 63.0824 120.2277 33.8840 159.7393 63.3136 139.5853
128.6611 65.8899 0.0000 161.7923 104.7756 100.4666 99.9410 87.1276 36.0092 160.4228 172.8583 112.2823 67.6806 125.3125 103.7809 45.8122 130.1901 124.2952 140.2249 152.0403 52.5799 42.7903 18.6217 243.7922 61.0588 157.8087 26.7210 149.0075 29.1338 89.0240 77.0267 101.0680 78.1656 162.4847 217.8613 70.2442 103.1494 11.1292 74.1582 102.1842 139.5286 195.9939 213.9008 191.4949 84.9740 126.4474 73.4332 109.1347 136.8286 58.7617 50.7370 36.9888 71.9005 70.7884 171.4322 108.6868 130.8690 100.3191 162.9291 169.0172 97.4267 149.7791 100.5009 205.2959 75.5899 88.7657 106.3955 30.9280 139.7329 236.6925 173.9892 151.1703 95.8968 163.1835 26.3596 102.3013 162.7883 133.0861 190.9189 193.9574 83.0845 170.8392 35.6034 50.8357 42.6417 96.4014 127.7783 81.9074 150.1611 86.8134 101.4228 28.6767 122.0475 144.1020 52.4094 114.5126 81.6182 153.6428 61.8407 105.7147 110.7171 28.1685 83.5473 36.0988 33.2903 8.3866 213.6902 81.6959 26.0137 87.9903 78.4885 41.3963 57.6331 173.2368 47.3626 106.5192 130.4278 90.1430 24.6324 4.9947 152.9389 86.2811 97.8602 50.3752 44.5831 36.5729 67.1620 71.4009 76.3367 199.5776 87.6569 148.6865 46.4862 76.9686 212.9644 196.2434 235.4869 85.6417 113.5813 196.1319 6.3642 148.0658 14.9640 65.3847 108.9364 162.4724 138.3121 130.4292 93.6465 198.4236 279.7193 134.9938 110.2081 100.5510 89.1970 1.4192 137.8441 95.9461 198.4048 140.5346 63.0163 16.5820 58.7932 231.5237 198.9344 60.5690 199.4242 42.8216 90.6710 175.1290 81.0508 165.7530 167.0240 194.1780 73.6043 130.4072 125.8528 205.0046 58.2983 74.6088 76.5709 117.0329 62.2094 132.1573 144.0535 151.7914 66.9358 130.8613 106.3591 122.3645 140.2877 111.5262 249.9647 92.7421 187.4533 19.9632 88.4589 115.3649 148.4018 127.7318
85.0572 124.9580 161.7923 0.0000 101.6169 46.3095 85.1139 178.2073 39.3686 42.3552 110.4813 77.4113 115.2278 108.9595 58.7795 149.2548 73.3681 97.3281 167.0652 100.9994 122.2533 102.9713 45.9606 123.3523 3.2348 90.2153 143.4464 137.9275 6.4059 47.9211 10.7029 143.8841 173.0053 61.4326 30.1622 74.7677 158.1488 173.0815 73.2312 124.5094 83.5662 158.6258 157.7373 99.4699 63.2323 70.3084 111.9872 20.5235 205.4392 193.8831 180.4504 78.1614 137.4463 99.2034 92.6143 235.2080 158.1285 138.0618 213.4945 50.7420 83.7289 101.5361 129.9595 102.5484 142.9217 38.1926 272.4790 184.9803 35.0612 94.4080 25.1339 99.2373 69.1193 71.7435 145.5751 25.8638 101.0530 80.2985 48.2516 141.3668 195.8081 91.1005 49.6520 110.7200 97.6126 127.0190 135.3393 113.6283 128.3897 121.3662 223.0106 105.1137 91.8287 55.8977 131.4519 100.9126 105.0288 116.3511 142.4817 117.5058 31.2942 86.1661 163.6090 22.3276 136.5255 168.2530 76.4295 61.4639 100.2670 91.0908 38.3535 118.1305 70.5575 202.3047 56.7653 135.0886 69.6155 87.6648 60.2061 96.0038 90.5732 71.4685 115.3926 104.3693 112.0460 99.0537 54.1876 142.6716 109.1843 60.6663 38.2454 86.6159 146.8291 25.6885 138.3879 22.4156 104.7800 34.0650 50.8943 13.7458 56.8535 130.8287 218.1293 96.4855 17.7308 93.3417 126.8493 76.0406 155.4574 94.1214 93.5797 170.1460 43.3067 64.3238 125.2325 19.6187 89.7303 51.2969 128.2561 27.5242 162.4999 157.9538 43.8568 135.0699 167.2506 23.2608 101.6227 118.8186 100.6088 168.2101 172.7404 97.6265 43.8657 21.4392 142.5644 235.0557 132.5811 40.9737 210.2118 153.8066 71.9466 86.3984 119.2938 177.9041 44.1248 179.1160 59.2875 78.1628 139.0523 27.1878 88.9756 39.0169 169.3041 133.7587 35.8607 70.3451 14.6678 49.0422 81.8556 115.3674
191.5214 83.1378 104.7756 101.6169 0.0000 74.1484 54.5332 42.2190 136.8695 71.3763 107.7104 29.5942 132.4223 120.4692 152.0793 39.1245 103.6191 99.0226 182.9409 136.1010 177.4800 196.6239 26.9885 190.5345 31.2273 105.7022 213.3151 142.4041 122.0112 131.9964 106.4044 56.1702 39.7693 126.9487 85.7670 228.3015 199.3212 72.9330 157.2642 121.8919 6.7267 123.2645 155.3980 94.8676 133.0850 153.8963 101.2533 92.6821 11.7664 126.2555 56.8207 42.7104 158.1919 123.0953 52.1352 29.3583 98.1043 86.2222 210.5425 94.9218 59.1978 110.1843 156.6615 213.2568 105.8565 55.2252 173.6938 16.5262 19.9209 69.4140 79.1518 65.4471 112.5011 98.6246 84.9247 19.9754 114.3056 166.3226 172.9723 107.7371 8.0516 191.0290 152.1274 46.8458 72.3066 147.3379 122.9506 123.6728 39.0994 122.1430 106.4939 23.0170 101.6632 94.2064 58.7674 199.7029 52.5872 51.2357 113.0839 65.0650 50.8271 131.3145 158.3678 50.5324 240.9171 132.1910 26.7573 150.1385 88.9072 211.6422 140.4813 223.6684 127.1306 153.6108 172.9722 59.5558 77.8719 11.6588 108.1292 89.4111 95.8674 134.9137 57.6552 75.8137 59.1468 51.4057 104.9284 94.3367 106.1180 85.7896 77.2848 70.3047 93.9032 93.7114 175.7213 150.5288 118.4357 120.5490 33.8683 162.0842 32.7483 81.5529 139.7198 38.1748 75.4368 89.9570 25.3575 182.1861 66.9133 181.6545 173.8697 83.4125 97.2384 96.1087 127.0191 79.4540 33.8559 248.6040 93.1032 5.6758 199.5610 58.4008 150.4020 5.1514 178.4904 143.5008 95.5674 62.3224 106.8345 27.0905 87.8496 52.6685 117.2188 16.1489 177.1363 114.8160 168.7979 79.3262 90.2228 52.0147 100.2402 81.1100 116.5768 107.1687 45.5609 186.9093 85.3087 90.8656 77.5600 222.4718 124.2153 91.9617 51.0331 38.9682 85.0426 178.2090 85.6992 185.7384 85.6716 18.6093
94.6462 77.8881 100.4666 46.3095 74.1484 0.0000 31.0838 101.2537 45.4283 88.9084 95.8744 3.9924 88.5630 132.0341 104.8397 55.4449 192.4188 82.6391 42.3418 107.8505 220.1592 55.6358 1.0061 174.2895 88.4180 56.9295 153.0465 31.2103 104.0432 136.6622 135.0160 68.0098 111.0413 164.1294 63.5816 60.2342 21.0655 107.7998 33.5704 55.4160 143.5402 41.1174 64.4043 79.2065 99.9147 52.1843 195.8382 65.2076 44.3885 220.0960 118.1161 66.9676 74.0829 26.8419 101.0342 246.7832 82.0999 47.5093 77.5555 76.3154 78.6931 119.4860 121.3000 49.6539 109.7274 26.7632 109.4327 203.4395 109.0288 131.6157 80.5710 70.4665 137.9757 103.5130 152.2624 87.8621 98.0719 151.0010 117.7590 84.9070 180.9578 137.1340 82.2202 87.9143 175.1947 54.0028 202.4571 144.0774 127.7631 154.8216 60.1588 168.0338 54.3324 41.2975 11.4597 146.2676 30.1355 150.1910 115.4347 140.0422 114.4161 58.4493 83.5766 78.1549 94.7712 163.3828 152.0427 78.4356 106.4250 86.9084 86.4500 90.9885 124.9629 80.2120 227.6176 65.5093 115.8198 196.5793 35.6332 46.6651 197.1985 28.9744 70.9853 44.8537 7.1019 118.7572 80.6512 59.0638 172.7918 28.0005 153.4358 152.1263 51.4513 137.1022 155.7587 89.1871 118.4917 77.9166 84.8451 161.1553 213.2705 105.3478 175.7821 94.1657 41.7280 124.4744 78.2971 82.3227 45.8659 101.7285 61.5169 150.7171 106.0803 117.5778 142.2398 155.5369 80.9692 100.3371 71.0342 135.3545 82.7024 32.5455 61.6658 111.5643 76.5057 89.6906 76.0251 51.9039 45.2612 144.9645 106.2883 103.8294 42.5303 136.5059 56.1768 142.8839 105.3025 117.0450 96.6157 90.7501 154.6699 44.3774 152.5684 70.9384 112.5005 142.0489 82.5059 68.0411 26.5077 225.4042 155.8745 128.6333 6.9561 128.2238 109.4371 56.4877 106.9267 82.8857 216.9131 38.2193
121.3487 128.6173 99.9410 85.1139 54.5332 31.0838 0.0000 138.6093 152.3879 92.3847 72.6923 119.7688 209.2249 121.6246 148.9463 111.4345 79.1436 56.6444 39.7548 117.3945 133.3950 111.8035 80.9222 43.4674 71.5561 73.8965 64.1668 97.1357 21.9095 102.4352 42.1453 221.7480 23.3823 53.0208 94.7471 86.4844 86.4732 120.9142 164.9860 191.2834 63.3809 94.7424 132.1495 123.9905 112.0876 168.7963 151.2840 126.2527 36.0030 125.5258 147.8535 47.7876 93.9082 80.2451 108.1477 76.0038 136.9301 24.6172 182.5698 77.4503 70.2077 35.8972 114.5777 69.7458 157.5907 44.2006 125.5794 41.1561 25.6698 77.6255 124.8902 159.3308 101.3871 104.8296 115.4842 177.3824 106.6137 113.6532 77.7784 163.3499 168.8638 8.9907 79.4565 66.2017 186.4741 100.6650 48.7885 33.7307 55.2226 120.0907 254.0954 156.1421 116.4546 76.1828 40.5971 115.1992 60.7026 68.9120 106.6383 163.1215 172.4404 85.5583 176.7242 185.1322 111.8826 112.0891 61.9816 94.1752 186.3199 68.7847 123.1778 191.0315 54.0909 113.3121 162.9260 137.0316 33.3359 196.5047 31.6779 49.3508 129.5896 126.3498 141.1688 147.5276 125.1821 130.9645 129.2723 95.8770 221.1208 89.3207 113.0508 97.2152 111.8760 83.8807 24.8558 116.7847 63.6056 150.0843 180.1096 117.5138 139.9729 85.9573 94.6711 69.2147 149.0305 8.9694 88.8423 220.8760 6.8444 126.5204 40.4113 78.8542 113.5099 159.4812 142.2472 64.5968 95.2383 83.7084 54.1285 210.9149 205.4154 34.9585 146.9023 87.8431 118.9014 182.4698 219.4415 51.8562 42.2077 188.1864 58.3637 115.5934 154.2659 55.1610 87.2514 111.5181 41.2015 91.6755 105.4961 82.6037 144.7155 98.3450 61.9786 86.0478 129.8824 92.1683 89.8523 96.9525 182.7027 104.7198 201.6096 136.3175 179.8919 186.1269 45.4092 178.9805 54.4401 128.7346 195.5384 155.0726
135.0678 159.5356 87.1276 178.2073 42.2190 101.2537 138.6093 0.0000 155.5127 119.6867 117.9276 130.8749 102.0183 205.4723 114.4735 102.4694 87.2406 148.5853 91.7384 200.8440 153.8657 108.1458 117.5666 201.1213 90.2657 137.0008 124.4092 68.3233 142.2410 231.2471 139.2906 128.8268 111.0776 39.9530 10.3870 137.5142 146.3029 171.8199 57.5263 56.6172 118.2022 7.1466 164.9882 167.1093 146.6051 222.5215 168.2996 22.8054 77.9043 155.7831 148.9958 93.8569 53.5544 116.6133 264.8857 52.4076 13.5465 92.8168 64.0940 170.1335 27.0039 47.0265 113.4318 49.6855 107.1243 80.5535 177.3829 106.1952 55.5852 93.2291 161.0931 124.1353 143.7930 140.4804 136.8376 112.1059 150.9020 59.3679 27.8373 107.6347 64.1392 131.6858 128.6407 47.6575 139.7037 40.5103 106.8851 69.6377 49.8839 167.9550 13.9090 88.1336 184.1015 111.4297 8.9159 106.9598 19.5692 165.6777 72.6683 208.0601 82.3213 26.2273 29.9166 85.1893 114.3852 87.9505 20.5896 203.4381 111.9411 232.7243 120.8410 72.2739 38.5021 203.5776 248.5411 123.6631 138.8678 136.8563 81.1124 22.7972 121.4572 206.7813 81.8758 127.0598 99.4269 60.5473 103.2148 73.5039 155.4071 33.6938 140.0247 158.6397 60.5104 104.0828 58.8279 118.3412 33.0143 39.6406 70.4921 194.1569 108.3621 147.2861 77.4196 146.7434 80.7927 53.6990 75.2778 25.8119 195.2275 151.5878 32.7122 26.2767 74.6232 176.4101 111.1529 82.7351 139.4702 67.6808 52.5932 210.2100 33.2807 121.4544 94.1000 29.9531 57.7444 48.0828 171.5503 12.8737 61.2829 226.5738 162.1578 27.6379 68.7924 121.7614 148.1862 162.9608 132.6107 157.0382 44.9465 4.2938 75.4784 44.2746 27.4980 132.1017 14.1427 147.2742 62.7594 23.7967 182.1629 103.6872 77.2756 119.8475 98.3504 68.3984 157.8852 121.5655 166.8248 170.0109 80.7146 74.8123
76.5631 0.8775 36.0092 39.3686 136.8695 45.4283 152.3879 155.5127 0.0000 62.1757 148.6402 152.8002 100.2736 75.7083 100.2301 11.8928 38.3116 63.0849 95.1855 175.9669 143.0425 94.0506 144.7204 166.7016 108.0359 132.4618 73.2131 26.4565 168.5250 77.1153 165.4841 54.6767 62.8691 81.5584 136.3365 70.8072 156.3162 99.8603 108.6757 160.5250 113.7725 122.4198 247.0964 198.7851 2.0812 126.9421 61.1516 133.5898 10.5194 119.1592 119.6316 90.0329 102.5811 94.3123 117.6481 132.8672 52.6156 32.1643 87.5633 95.2552 71.9563 152.8471 86.8661 50.6703 109.3992 123.4684 68.5390 182.3582 140.1718 87.7739 124.3500 134.0710 101.5354 89.7002 97.0696 41.2514 201.1196 124.6109 126.0089 147.8155 53.5400 111.0440 77.0707 149.7514 154.3723 156.6100 1.2806 83.9350 76.0911 141.7167 107.1418 103.5890 69.0158 119.8421 84.6988 59.9891 87.7755 51.2556 166.0233 156.3167 130.8716 67.8275 67.4519 124.5706 170.1394 36.6792 153.2672 116.4488 2.9758 139.2270 71.0445 117.1747 57.2339 92.1118 29.1532 84.2450 68.2799 69.6336 31.0052 33.1679 100.7707 94.7862 233.7941 139.0272 59.8098 106.7856 284.8846 67.4852 137.6838 86.3270 115.7473 97.4809 61.5923 24.6248 43.2662 174.1547 23.4689 41.4008 176.5857 48.6529 46.7530 106.4780 37.3802 148.4581 195.8765 33.2232 129.8376 58.7396 117.2999 42.2864 158.5923 32.4948 26.5813 36.0408 100.8144 137.6724 81.4744 95.0670 123.2633 169.0572 82.9133 28.2068 202.1993 14.6178 96.0874 35.6936 72.5908 101.5956 104.3911 64.8570 77.9512 19.5473 51.8477 123.6958 247.2252 149.1330 83.9394 171.1354 138.6950 98.3021 160.9189 81.1232 75.2049 103.5753 27.4115 206.0659 117.6451 31.4369 187.6871 38.1875 149.6410 140.4607 124.5578 158.6409 59.6852 48.5245 77.1140 189.9050 198.4714 85.2359
112.3138 113.6612 160.4228 42.3552 71.3763 88.9084 92.3847 119.6867 62.1757 0.0000 63.5491 199.4130 100.8633 72.6038 147.9570 89.6676 150.9016 178.7503 134.3386 213.2525 115.8384 43.0841 78.0185 134.1491 64.5244 71.0311 77.0963 146.8008 67.7183 79.7651 117.6841 156.0345 240.3669 122.3711 150.2351 177.3527 154.3342 167.7609 241.7882 69.4236 55.4090 77.0632 166.9089 28.4428 131.1170 133.8896 209.0670 35.4459 97.2342 32.4911 96.1435 80.7712 125.4080 68.3821 1.6381 6.7681 140.6387 124.3757 74.4295 202.8319 42.2765 139.6152 136.4461 170.2608 221.4403 73.8627 123.1961 48.4553 50.7666 6.4484 223.3815 1.2756 86.5964 39.6577 87.9184 26.0569 79.5531 100.4986 100.2381 65.1239 115.7909 153.7321 175.0452 99.8890 52.7758 81.2759 133.8591 29.0168 88.2985 150.3796 232.7568 92.2744 34.5731 144.0557 99.8758 49.2079 108.0293 115.9476 105.3608 101.7575 190.7962 66.5532 163.5281 45.4412 98.0440 124.0975 214.7111 150.2240 63.2158 139.8252 160.2409 53.1694 9.0954 82.3974 74.7636 107.5688 81.1718 172.6270 112.9135 124.5533 149.4211 29.2420 60.2754 23.2921 174.0870 154.1744 43.3556 170.5132 39.9661 169.4650 74.1933 0.7668 234.4250 123.8937 112.5911 94.8364 7.9787 114.4889 98.2028 62.1670 70.5648 51.4570 1.4583 125.0561 144.7637 157.0518 53.3944 68.3013 57.4723 72.9345 110.6621 109.0348 152.3997 172.4423 186.8862 110.0536 0.2767 69.1277 103.9819 69.0317 69.9402 208.6441 79.7528 74.4234 197.5449 176.5854 45.9672 96.8262 186.5082 15.9291 98.8984 110.7955 61.1025 147.4763 123.4903 136.2172 177.7237 151.8584 111.4588 107.7206 119.0786 103.7239 35.5286 144.5284 140.1883 43.3445 210.2254 36.6869 105.5715 71.6113 34.4906 72.3408 149.3992 113.7419 7.2329 159.2918 190.5406 75.3609 88.2806 144.7640
86.9119 84.8860 172.8583 110.4813 107.7104 95.8744 72.6923 117.9276 148.6402 63.5491 0.0000 116.0622 87.9487 177.8421 72.9546 60.7338 74.2633 205.0826 63.9800 105.2847 152.3109 137.7925 127.1225 103.9821 43.5800 95.5056 118.5550 174.5651 87.8005 95.9924 50.5193 52.3236 72.6125 38.0447 131.2705 193.7127 112.4973 138.8643 111.7708 133.9320 21.4189 184.1711 80.3501 29.2990 163.4765 142.5080 106.5265 73.2262 121.2526 135.8684 76.3947 122.8972 62.4716 41.4011 76.2645 80.0549 119.5173 92.0225 136.0678 187.1579 46.8022 105.2560 13.6735 110.0287 51.5320 30.3132 121.8420 56.6116 166.3028 124.5471 110.3475 20.3358 48.6077 81.6384 94.5356 257.8872 168.7077 81.9993 95.0482 28.8384 110.1480 103.6582 150.0311 67.1761 89.8159 139.7672 83.7000 195.4764 92.8285 118.7050 152.6132 81.4045 162.1114 23.7310 127.9893 73.6215 115.2009 133.2641 77.1010 74.4079 88.2405 24.1988 29.5411 124.7642 77.1742 130.2248 151.4402 5.4234 105.6908 30.7377 103.3795 6.2260 145.8917 138.9055 140.1466 89.1386 146.2117 107.9644 130.5019 95.1273 16.8799 126.1203 32.2118 88.4210 46.5285 82.7520 216.5557 200.9458 53.1851 49.9923 62.0285 124.4974 82.3243 125.2225 27.1455 137.9822 14.1994 90.2230 101.8280 68.1073 199.4247 130.5164 144.0178 139.5184 111.8118 119.4195 57.1439 82.1448 40.4409 111.6563 113.5696 116.2103 110.6356 103.2957 6.2323 17.9019 118.3281 123.8217 109.3518 97.0311 2.9532 113.1195 64.5553 55.8692 152.4637 74.8238 159.4391 154.5500 81.8500 116.0165 60.0285 73.0880 55.2018 131.9219 81.3594 121.6490 56.0153 227.2032 100.5299 238.9805 98.9681 67.4227 31.4961 167.9725 126.0392 56.1968 114.0717 89.9888 128.4121 166.6657 141.9587 88.5741 73.5598 102.8348 42.5209 129.6313 161.4834 204.2885 120.8929 56.3660
61.4614 1.4095 112.2823 77.4113 29.5942 3.9924 119.7688 130.8749 152.8002 199.4130 116.0622 0.0000 158.7951 125.9521 61.0178 179.8676 16.5935 91.5516 67.3106 35.3032 48.7002 239.4017 162.2058 66.3692 87.6166 195.9969 72.7159 108.8927 203.9514 33.5610 83.8534 139.1035 113.2595 44.7665 142.3276 168.3742 24.1825 189.9888 51.7598 118.3072 111.0061 122.1892 107.6885 72.5573 144.4829 82.5274 112.2185 24.5438 49.3530 207.8464 181.0830 87.3079 174.1169 110.8379 83.9258 50.5064 219.6999 131.9412 90.1427 126.2243 110.1643 32.1692 41.2340 78.7041 38.0879 214.4575 31.3571 22.5933 180.4440 171.3248 43.3484 253.1607 101.1493 22.6471 117.6075 90.6945 124.5489 16.5661 107.6976 107.4286 136.7143 87.1408 47.3391 74.4199 81.6893 97.6821 51.6271 43.6616 101.6397 135.6136 35.9772 157.6050 103.2048 81.3894 16.7878 32.7321 195.8658 137.1827 160.5981 100.3121 145.8591 87.8399 71.3946 174.5229 168.2760 129.1125 130.9324 20.3985 120.3673 174.2794 86.9225 123.2425 89.3326 52.6182 10.6724 195.4449 161.9074 91.4112 17.1702 132.0493 247.7131 153.6560 30.8366 92.4333 79.6309 96.6793 84.6476 122.6468 27.2376 83.0417 119.0317 113.9568 54.8837 107.7405 56.5709 56.9868 58.2281 20.0815 86.8281 34.4923 124.9957 192.3723 75.7328 109.2732 47.9537 158.3956 65.3521 37.8394 150.0260 157.9931 78.0150 90.4070 46.1614 210.3476 37.0181 34.8773 223.9593 41.2916 293.0088 78.0329 34.7554 109.5858 19.5412 72.5296 66.6584 210.2853 226.8484 61.4177 117.9288 61.1216 146.4619 90.8580 22.7174 33.6855 73.4732 81.5451 38.1221 155.7673 65.1039 91.0160 160.9964 169.8250 163.1614 17.4918 59.3844 174.1802 70.9889 130.3111 164.3795 53.4231 105.7602 175.0757 99.9742 83.2330 69.8045 128.4354 43.3922 141.0987 150.9521 169.8860
178.1488 184.6192 67.6806 115.2278 132.4223 88.5630 209.2249 102.0183 100.2736 100.8633 87.9487 158.7951 0.0000 46.1294 165.1576 17.5526 78.9484 121.5816 61.9721 115.1908 191.2479 96.6983 78.5721 91.8673 75.0523 83.5572 105.4586 87.5393 182.2618 102.6005 36.5768 0.4641 78.2654 53.9735 40.3971 53.3225 83.3086 187.8786 138.4540 113.9467 74.5436 46.9588 65.7426 111.1453 152.0524 79.4839 111.5201 137.2970 203.3287 48.9990 126.4238 115.9556 122.4947 42.8060 152.3566 103.3328 132.8714 103.7399 159.5608 101.5306 116.0229 86.1578 0.5367 51.1387 155.4147 3.7688 96.8273 35.1434 132.4529 174.1982 171.6651 94.7364 154.8499 144.0157 92.6374 73.0653 97.0575 187.3983 229.0356 197.7481 198.8309 62.6945 107.8257 152.7190 42.7259 131.8236 25.4632 67.1034 145.2310 127.4454 119.8337 173.8989 43.3960 172.3247 83.2267 63.5287 99.0481 91.8242 82.6949 144.2664 11.4374 52.3780 48.7318 168.0921 37.4198 108.1232 103.3288 157.6297 105.5836 33.6790 113.6404 125.2583 110.9616 114.0382 117.0291 69.7789 168.8275 86.3853 160.8425 191.8886 82.3074 31.6113 88.9071 125.4617 97.4361 82.8456 98.6129 25.2085 171.3522 77.6613 109.6636 82.0135 123.2212 110.8089 116.6432 134.5131 129.4672 132.2482 208.0482 237.6737 0.6700 101.5202 110.6680 94.5177 46.1296 144.9077 77.5405 88.0726 204.2641 153.9137 198.9029 60.0621 287.5856 71.4114 191.2267 81.1559 63.7146 35.0656 67.7664 11.9975 209.1078 105.6008 53.1027 81.1221 34.4295 20.9805 128.6604 67.1435 64.2571 139.0058 124.7101 174.1867 158.8475 71.2354 11.4294 163.9265 80.3815 23.7287 145.4139 48.1297 144.7345 89.8534 45.0477 162.4858 24.9426 56.4579 129.9878 35.9985 73.0802 90.8582 76.6417 130.7606 23.3333 157.2879 69.8208 78.7069 109.1092 115.3111 72.0362 132.4110
26.7123 111.8171 125.3125 108.9595 120.4692 132.0341 121.6246 205.4723 75.7083 72.6038 177.8421 125.9521 46.1294 0.0000 78.0210 175.4421 40.3151 64.8141 272.9367 123.6840 108.3505 70.4198 69.4902 95.6251 146.8604 154.5476 112.2388 20.7308 57.4062 41.6673 82.9672 77.2234 108.2388 87.2117 138.3308 65.7191 47.9807 89.3694 169.6786 65.9256 4.0710 103.8295 175.1861 53.7430 29.8750 45.0988 145.4908 142.6968 25.4052 176.5978 141.3916 138.9659 115.0780 91.7595 82.0922 145.6757 71.8745 66.5580 111.5838 127.1196 138.3196 91.1476 67.3582 46.4349 125.0042 123.3028 97.4440 89.8137 47.4792 58.2812 88.7123 126.1184 134.6617 0.3661 120.6632 61.5164 130.0352 38.5828 102.6943 103.2021 4.6356 26.1532 163.4503 54.4686 93.4849 137.8690 55.1545 111.2373 113.2143 21.4239 195.2539 191.7013 142.9135 67.2060 139.5813 5.0787 19.0092 84.6580 36.9762 72.5751 145.4993 139.1924 103.8682 21.7504 76.9582 109.5515 102.4132 130.1277 150.9348 92.3392 176.7424 2.3304 100.4817 64.9171 71.4769 193.8719 87.9444 64.0566 132.5935 123.3772 70.8839 118.5465 166.0167 156.2237 180.7344 64.5625 94.2343 198.2772 164.7337 164.2689 73.7702 99.5203 24.3718 55.6790 151.6615 150.8476 180.4592 111.7892 156.2594 41.0848 29.0404 81.9121 164.9658 210.5649 142.4246 118.5880 159.4079 92.9702 58.3874 128.5873 131.7828 85.0569 54.3248 55.9221 161.3051 185.8066 114.5743 94.7485 69.6395 93.5866 16.7185 234.7583 150.5231 56.7697 74.5294 73.1919 82.3891 96.5718 0.6966 160.3967 68.9383 73.1480 69.2842 138.9336 114.7930 155.4225 40.0295 179.9112 74.6168 51.8126 79.5660 67.2834 119.6382 87.4034 180.8232 33.5159 53.5424 131.2268 106.5990 124.5442 95.0624 104.9019 66.8060 74.6638 93.3965 123.1426 143.7701 91.3661 123.5005 125.1738
172.4746 49.5165 103.7809 58.7795 152.0793 104.8397 148.9463 114.4735 100.2301 147.9570 72.9546 61.0178 165.1576 78.0210 0.0000 107.9011 79.9878 64.7519 100.4592 164.2122 162.2520 206.6122 100.9700 113.6875 138.4156 146.9247 166.5046 166.3339 161.8143 134.7209 49.6876 120.4292 8.9710 95.1326 64.0187 115.3766 45.6937 143.7727 165.8137 55.7756 144.6700 67.4171 87.0333 131.5187 37.0351 201.9470 57.2884 170.2045 123.9842 218.1183 45.3393 150.8249 53.3460 89.0513 174.5984 48.4159 118.0853 69.6405 104.2772 196.6746 117.3386 131.8071 126.6574 90.4922 123.8536 144.9351 130.8331 63.4935 65.8699 186.0467 154.1573 146.1907 61.1021 153.3901 162.9692 199.5478 148.0721 130.7149 95.7995 174.0140 125.2062 163.3482 25.4048 175.0167 14.0933 93.6678 159.2455 49.3797 159.4161 119.5912 71.4356 82.4395 73.0633 126.4378 123.4057 63.0026 67.6392 10.9250 9.0883 195.8611 132.6845 132.7917 142.8476 60.5277 101.0494 119.0817 72.5539 94.6840 38.5611 201.1082 236.6566 57.9868 93.8309 62.5189 132.8949 121.0260 90.1648 169.6151 185.5508 136.9641 142.7015 120.8981 78.8892 39.1629 116.4246 41.8174 52.4472 181.6362 144.1287 33.0907 248.8277 130.3284 150.8808 99.5643 21.1591 37.0495 68.9844 74.8081 113.2271 121.9889 132.3403 142.8659 33.0162 153.0124 18.4312 54.3005 133.1110 86.0974 25.4758 181.5607 205.5501 84.8531 38.8757 96.7381 52.5084 74.4613 104.1907 52.5119 16.2732 55.6720 62.5647 100.1738 45.0148 106.4081 59.2544 71.5666 113.7876 68.7653 151.6737 120.6146 62.4516 163.3201 107.9164 132.5569 140.1847 108.9303 98.2784 190.3701 110.7444 93.9265 203.6147 104.7098 256.4198 176.3319 81.5001 172.8038 60.1568 193.0848 84.0214 88.3548 63.2604 152.5705 133.5836 148.3535 197.6767 102.5331 148.0695 44.3486 131.1223 186.0285
78.2566 49.4032 45.8122 149.2548 39.1245 55.4449 111.4345 102.4694 11.8928 89.6676 60.7338 179.8676 17.5526 175.4421 107.9011 0.0000 135.5484 94.9903 78.7420 112.2240 128.5413 167.5710 108.2034 48.3160 92.4766 246.9667 106.3450 135.5743 0.0162 36.9484 98.6559 158.2882 45.7556 80.1542 138.0296 293.2116 117.0159 127.1224 227.1042 12.9135 171.4098 48.2877 23.4689 65.9221 207.6379 65.4837 86.2094 117.5808 238.1550 31.3118 154.2295 99.5932 37.5056 254.4836 128.5585 146.3649 222.8094 36.0126 140.1109 141.4373 189.0595 29.1674 84.5825 128.7219 93.5394 108.1344 68.1682 133.1024 96.0363 115.7845 64.1237 99.4809 207.0692 6.7370 93.7125 60.1696 151.2578 18.0662 10.4700 117.2590 32.4505 132.0475 136.5204 119.0837 208.0308 62.9392 197.2376 49.3240 54.0010 129.6229 73.3231 91.6261 207.4920 19.7819 124.8815 51.0034 106.3147 130.9053 186.5341 92.6085 152.7898 85.7695 143.2838 77.0454 144.0863 123.4829 59.5671 53.7005 120.1949 235.2045 36.0278 82.3237 123.4697 87.5358 199.3343 78.1057 152.9078 161.2983 117.4818 74.8510 149.2240 130.1448 84.4407 19.6523 82.5971 77.5676 177.4466 142.3537 47.0122 149.3223 27.0589 200.4603 85.1693 78.9727 71.4414 225.6582 169.7065 111.2233 121.0877 137.9904 173.3000 76.0853 120.6698 167.8780 130.6798 49.7915 122.2769 99.7266 90.1112 98.9750 97.4388 62.9124 52.1619 106.3372 169.8346 103.4959 93.9719 161.3071 105.9464 46.8318 143.3845 143.3346 131.3466 115.4654 102.6469 121.6024 99.1773 114.6633 104.4549 113.0842 125.7629 163.7627 110.6838 127.3420 79.1695 150.4906 99.1160 173.5679 57.7760 125.0698 78.5056 19.5491 152.1955 121.2363 16.7930 164.9108 22.1891 97.6375 115.7368 85.2393 152.7362 38.9736 70.3721 99.1950 125.9134 81.4055 117.5367 133.4772 125.6456 52.7161
180.5363 0.3348 130.1901 73.3681 103.6191 192.4188 79.1436 87.2406 38.3116 150.9016 74.2633 16.5935 78.9484 40.3151 79.9878 135.5484 0.0000 132.9558 117.9294 125.8845 94.0564 90.2439 98.5965 82.2150 81.7999 40.6278 138.6270 107.2390 218.1141 79.6799 61.4994 65.3912 56.0469 28.9576 72.8516 77.3364 159.7127 63.7625 110.1871 25.2212 4.8801 127.1717 87.7426 43.2802 39.8670 138.0895 205.1330 131.1659 98.0157 87.2323 4.0218 69.5880 125.4383 104.1058 99.7399 114.3349 179.2450 64.9529 111.1050 136.9776 183.7832 253.0315 39.4888 44.0698 145.2197 66.2100 92.4815 81.0173 99.6911 122.0057 56.9228 108.5522 72.2522 87.0363 77.7507 74.9189 88.7363 94.6726 94.6139 45.3518 206.5087 133.7311 123.1561 114.4506 198.7854 117.4184 8.4652 111.4423 120.1579 156.6556 116.0994 234.6116 105.7885 91.6749 16.1187 39.1564 135.8724 165.2739 121.7961 36.4404 172.2507 13.9416 157.0751 129.5331 103.4495 109.2449 97.5399 143.2504 82.1415 94.4950 30.9271 93.5372 29.2455 134.8556 180.6368 153.2141 49.6973 46.2276 102.9713 80.9208 23.7931 87.6520 115.9561 106.6832 189.3744 40.6175 41.3180 174.1455 123.8391 63.1873 84.4102 76.3254 68.9023 134.0680 244.3137 131.7815 92.8284 168.3270 19.0127 12.6165 91.2373 126.3050 63.0025 125.8904 170.9972 159.0534 28.8930 122.4652 12.6644 137.3664 64.4879 114.9202 27.4517 129.6402 132.9778 144.9475 113.6051 113.6449 135.3779 130.4967 89.0278 132.4634 115.7796 94.3320 96.0162 189.5005 130.0773 171.1462 91.7747 15.7930 183.1282 64.9374 244.3263 60.3070 91.9358 81.1516 62.0098 114.8196 86.5136 150.3531 111.4416 34.3798 67.2763 81.0111 173.9264 38.6363 67.4768 72.5469 129.5984 73.8592 98.5409 146.6235 31.7440 176.8325 142.4001 105.3201 138.2018 130.2225 72.8192 110.9141
166.4939 9.1044 124.2952 97.3281 99.0226 82.6391 56.6444 148.5853 63.0849 178.7503 205.0826 91.5516 121.5816 64.8141 64.7519 94.9903 132.9558 0.0000 73.7240 59.9630 64.5049 100.1869 131.3171 64.2967 34.5653 82.5912 51.2088 161.0159 12.1505 79.0917 186.3783 72.6735 165.6244 67.4371 85.1337 179.3189 218.2947 143.6267 95.2334 69.8834 10.8090 31.7231 219.2384 33.9948 143.1682 73.5035 116.8341 67.1982 127.5688 74.7486 41.9384 164.5846 125.2861 109.9201 221.1953 90.2281 88.4025 69.3349 132.3219 14.8784 90.9891 128.6994 210.2667 147.5825 75.1912 148.4873 78.6180 20.1048 159.7425 60.4607 100.7039 121.0770 100.5159 66.5252 49.4880 257.9729 8.7197 36.9883 144.8591 134.6683 70.7209 67.1234 33.2413 172.1356 79.9810 165.6065 39.5725 156.4483 68.0872 146.8388 114.9197 99.9956 27.1091 161.9857 24.7537 88.3455 131.1463 92.4066 182.8145 139.3826 143.9337 50.0191 98.5106 95.9118 97.1491 156.0650 208.8659 65.9251 109.3019 113.8760 107.8627 190.1021 92.6279 107.6168 103.0610 189.1551 198.4911 99.2252 12.5884 116.7034 88.3998 45.3079 156.0769 5.7763 39.7444 91.2227 7.1129 101.9610 146.7873 34.1778 157.5376 81.0314 86.3492 105.3477 155.4912 99.7280 87.2537 20.4127 85.3887 124.7844 134.3902 91.1478 183.2458 80.3896 75.4009 54.3039 117.7880 152.1021 128.7711 60.6636 138.6910 66.2523 25.2040 108.2906 99.5940 36.6340 62.9135 45.8620 114.8183 19.0448 54.6593 8.7541 125.0583 164.4255 85.1995 103.9624 51.0460 26.5633 35.5861 225.6597 137.5756 37.3697 221.1713 67.4307 34.5265 67.7956 139.9704 48.8849 117.0799 199.9523 236.4046 181.5335 5.3191 185.1414 219.0372 4.9456 17.4881 30.5914 70.8141 64.0858 188.9737 101.2886 115.4119 146.6054 35.3015 85.5877 94.9831 110.4209 118.4327 216.8145
62.0079 23.6394 140.2249 167.0652 182.9409 42.3418 39.7548 91.7384 95.1855 134.3386 63.9800 67.3106 61.9721 272.9367 100.4592 78.7420 117.9294 73.7240 0.0000 131.0795 159.5003 91.5567 97.0742 23.3494 43.5605 38.0803 57.7002 123.3025 217.1954 132.9350 107.7940 159.8362 118.5684 66.0861 67.1606 15.0280 143.9480 152.4489 178.2109 81.0872 146.9994 140.6719 116.2098 120.7123 79.5339 130.3058 131.9361 197.7961 77.7740 138.9615 85.2322 155.1031 87.7435 65.2443 145.8689 123.0613 19.5730 101.7302 203.2353 174.7638 98.3403 111.7725 139.7489 59.1748 184.4178 76.2186 103.3586 46.8193 38.7982 96.8442 81.9009 204.0836 40.1617 180.6766 185.8564 185.6087 124.0580 67.9314 128.2683 88.2441 102.4323 132.7654 32.4678 189.1563 139.2758 84.9146 167.9764 138.7171 128.8944 115.5321 154.2361 205.3429 133.8921 81.1829 213.5395 159.1722 60.8628 170.0683 82.8365 26.7036 161.6208 92.1071 156.5589 137.0940 237.5443 50.7015 143.1527 95.8119 153.0046 121.1362 139.4173 71.1694 109.8700 27.1220 123.4878 112.4020 102.6167 136.3963 112.9405 130.6241 41.1801 151.8934 141.4280 61.6001 18.0461 210.3366 10.6672 139.6891 76.4445 46.2278 32.6613 137.5687 68.8947 98.9809 134.4247 99.0763 129.2024 55.0929 162.3464 143.1360 165.9941 152.9851 110.3762 73.6468 139.0109 148.8922 27.5532 165.7793 83.5228 73.5710 139.7427 92.2728 22.4212 108.5110 48.9823 61.0030 152.5697 89.8275 114.2841 24.1749 53.9067 209.5365 18.3231 101.7145 187.1364 13.3039 12.8263 107.3105 72.5315 166.7073 143.6894 133.8304 44.9179 117.2549 129.6633 166.8251 118.4250 35.0078 73.8175 150.3686 29.4889 1.6269 99.3134 168.5770 123.9856 83.0758 147.2798 165.3618 220.8329 145.2652 46.0933 73.6182 110.9857 84.7329 133.6233 139.3090 63.7075 92.4665 105.5482 150.5526
99.4055 164.8921 152.0403 100.9994 136.1010 107.8505 117.3945 200.8440 175.9669 213.2525 105.2847 35.3032 115.1908 123.6840 164.2122 112.2240 125.8845 59.9630 131.0795 0.0000 24.3690 116.1198 153.7746 19.1216 172.4524 121.1183 76.3464 134.1732 27.3467 155.0488 119.6081 169.2048 113.2725 42.1962 32.2868 104.6007 76.2613 86.5179 67.6220 19.7460 41.6436 177.0792 60.7629 110.9994 133.8926 132.4073 62.1230 54.7423 73.2527 119.0972 159.2852 203.9528 77.3302 121.1701 60.0366 75.2526 41.9495 167.1635 111.9211 183.3068 10.4521 89.9713 87.2522 58.7358 142.3288 114.9830 166.0124 124.7854 6.1898 107.5741 101.5625 147.0667 108.6634 51.5804 179.4479 109.4737 106.2028 118.4853 119.5903 221.5170 124.3896 88.3581 101.2718 107.0555 55.7175 75.0464 100.2437 26.2888 19.3159 43.8970 185.1292 132.6428 40.2813 154.6529 136.4355 57.8506 124.7448 65.3966 75.2228 113.5983 109.6307 18.4328 211.6076 193.6975 109.2132 133.6507 136.5557 151.2286 215.6828 114.4313 38.3047 115.5164 78.1993 27.7075 120.0966 121.4368 48.4245 68.7500 196.0173 50.0991 64.9284 32.0345 135.0564 48.1040 191.4991 175.0150 117.2159 122.5559 109.5899 130.0045 61.9630 77.1261 63.2436 94.2138 99.3960 5.4937 184.4477 130.5093 18.1866 205.3002 95.5982 46.4780 35.9289 96.2968 23.9132 165.6381 114.4389 128.0625 109.4859 36.6989 156.1922 69.1487 111.9257 84.8120 35.4285 132.7222 89.3809 30.1626 182.0773 47.9512 217.9933 7.4457 125.8201 201.8084 178.4898 57.2098 127.0237 140.2925 132.7049 40.0075 145.7202 133.0969 285.7109 103.9367 50.7573 49.0410 144.9675 23.4529 108.0010 138.8288 118.4164 152.1402 154.5541 27.1358 102.5014 127.5269 96.3081 88.8150 84.0941 51.1423 83.3801 212.8382 133.6463 91.5113 72.5400 85.6965 75.9657 159.4670 112.5677 86.3501
116.9243 218.7834 52.5799 122.2533 177.4800 220.1592 133.3950 153.8657 143.0425 115.8384 152.3109 48.7002 191.2479 108.3505 162.2520 128.5413 94.0564 64.5049 159.5003 24.3690 0.0000 121.6265 64.8930 122.5637 78.4165 189.7669 88.1713 1.7990 51.3884 90.7448 133.1903 107.0478 49.1559 196.7084 44.2919 152.7559 95.9499 26.9092 86.7518 121.6127 115.9389 160.1933 45.1671 129.8506 135.6038 150.0131 151.4250 60.8000 139.3762 57.9248 67.6680 137.4054 175.4060 9.6506 61.9615 145.2480 53.6855 114.3061 95.9585 80.1129 142.0182 10.4147 121.5784 109.7435 233.9872 214.5510 51.5536 157.9824 135.8224 88.9921 88.8889 188.0552 77.7327 124.0428 158.8670 97.4028 108.9323 72.7827 92.6700 155.9829 99.1967 130.0562 63.7320 11.0472 141.1425 45.5967 160.4893 209.5106 37.9133 103.9558 83.4831 169.4700 147.2529 23.4847 148.0049 71.4207 148.8614 249.9703 115.3294 114.4534 207.0010 130.9893 51.0495 150.0018 71.3044 96.9584 98.2376 52.0343 70.4051 107.6990 54.8396 145.6650 128.7854 112.1408 18.3689 147.9432 68.1607 169.6170 48.4557 52.0367 147.2700 137.8140 130.9391 103.6756 188.7683 55.0451 21.1592 89.2847 119.8818 111.3425 121.8089 154.6751 68.3171 121.8232 55.4880 261.9720 121.5229 72.6420 51.0268 108.2235 112.1242 122.6026 31.8133 34.7136 107.5034 155.1718 217.8031 149.9770 92.5093 116.4375 86.3152 159.7797 123.1118 166.7211 128.7342 142.9273 97.3152 31.3786 42.3103 60.6357 175.5715 52.2544 74.4750 62.3929 112.7331 84.4104 74.2689 21.9433 2.0084 122.1843 156.0779 94.2069 47.2189 63.7239 149.6420 76.7260 70.5437 48.0773 136.1425 138.1719 87.3592 164.9136 180.7264 38.4659 52.7068 164.4050 60.2991 189.2143 56.0234 88.3237 191.5379 60.0021 197.6237 55.9041 133.8765 107.7656 80.8039 59.2895 188.1546 140.1314
127.2300 79.1530 42.7903 102.9713 196.6239 55.6358 111.8035 108.1458 94.0506 43.0841 137.7925 239.4017 96.6983 70.4198 206.6122 167.5710 90.2439 100.1869 91.5567 116.1198 121.6265 0.0000 226.0431 127.3266 137.2611 95.5145 37.9379 1.6276 70.0331 42.7321 144.5901 42.0807 32.6334 168.1856 125.3608 176.6182 117.8113 29.4511 95.8098 2.7499 113.8796 36.8711 125.8441 34.1191 79.9260 71.1848 130.2873 103.9819 91.9994 201.7739 99.3634 130.3706 175.8968 62.0570 42.0985 71.4262 167.9160 116.8102 31.7368 73.0366 34.9533 212.8732 108.1434 133.2636 73.0964 130.1039 127.7988 34.6382 179.2482 127.1216 55.1416 152.7787 73.4186 36.3400 89.2733 109.7560 47.0945 29.6574 82.3430 42.6264 69.2728 89.3073 87.2372 126.5621 5.9190 85.6752 138.7012 26.0138 141.8656 81.2923 32.9611 133.8986 68.8485 109.8470 49.9291 107.4615 145.6995 173.9861 108.7128 21.9400 75.5486 109.1032 75.7477 137.8628 162.9391 162.0584 71.4524 105.8391 65.5330 107.6048 61.7597 75.4868 27.0608 22.3956 169.7634 115.6231 190.6050 75.8871 85.8221 99.2091 123.4258 61.9258 132.4714 76.8298 227.1555 107.1281 2.4200 74.0457 107.3470 104.1116 101.2783 118.0392 83.6634 140.9348 126.2347 1.6516 173.7270 115.4458 98.3254 90.4025 83.3299 90.8077 76.4847 91.2079 13.4560 135.1546 47.7289 139.1037 108.9185 72.1516 51.9611 103.5386 76.6258 92.0906 117.5247 92.3020 193.4158 115.5592 84.8367 40.1219 9.8836 79.3866 19.2548 227.8017 139.4771 126.1824 159.2188 63.9787 151.5190 12.9992 60.0680 110.1268 34.6818 6.1172 91.2639 159.8728 124.8780 51.3518 62.7091 27.1383 96.8932 68.2111 185.4558 198.7134 68.4757 119.9977 111.4729 180.2025 250.5078 106.3400 110.4050 125.5749 104.8282 173.8726 185.5141 15.0177 56.8862 202.9007 74.1678 106.6338
219.1500 130.1723 18.6217 45.9606 26.9885 1.0061 80.9222 117.5666 144.7204 78.0185 127.1225 162.2058 78.5721 69.4902 100.9700 108.2034 98.5965 131.3171 97.0742 153.7746 64.8930 226.0431 0.0000 110.7601 110.4056 95.3495 80.3857 73.7272 99.0063 141.9146 92.6299 87.4187 43.8387 53.6223 112.4365 11.5462 12.4810 141.8824 192.3957 150.0096 236.3762 119.0057 189.1678 33.4221 232.9301 146.5852 25.9496 114.2910 86.7839 93.7487 42.7476 23.5224 188.7989 95.3756 183.5738 42.2877 112.0035 179.1126 173.9403 144.0403 74.1305 4.0984 141.8078 123.0471 4.6186 163.1917 99.2139 77.9801 121.1441 74.0334 58.7818 85.9739 167.3989 57.4368 133.8708 140.1118 93.9033 120.1998 109.5596 13.1386 90.6864 204.7853 71.3541 123.9402 115.6612 123.8902 132.7369 245.7601 92.1154 109.6230 66.2731 57.1876 184.1058 15.0859 68.6850 86.6980 86.4580 147.0232 134.9745 110.4971 81.3868 105.8487 209.2684 276.5843 99.8160 160.3751 214.0307 118.0146 214.5666 105.6918 58.8199 37.3193 140.7354 11.7154 158.2388 66.1532 77.1598 12.7404 118.8079 20.8794 74.3939 134.2329 83.3700 66.8902 67.9298 73.0284 140.5512 118.3720 110.5385 102.3904 119.8879 189.6583 213.6056 144.6400 141.2302 4.3189 185.9649 150.2923 34.3563 142.1686 88.9228 128.9081 204.8065 11.9737 143.3348 151.9163 83.4913 119.5626 34.1477 140.2987 23.7106 242.5499 87.2494 38.3728 115.7915 96.5979 106.8516 73.2179 170.8343 146.1739 165.5658 139.6408 132.4200 63.1695 116.5073 142.6884 121.5643 122.0334 136.4167 108.0297 136.6734 119.9726 139.5810 204.3530 81.4328 91.4947 95.1497 66.2378 120.4453 180.8088 146.3969 82.2959 95.3943 114.1721 97.4994 83.3040 163.7985 81.4301 167.6541 86.7375 70.0411 104.8664 87.7450 137.9257 83.5387 157.1678 91.4850 62.9268 159.2261 6.8746
