200
0.0000 160.2102 60.3951 185.3881 177.3660 167.2474 78.0485 10.1834 170.4440 256.5070 124.1989 15.5210 39.4406 158.1538 40.8976 163.7271 170.4059 131.9934 186.3804 111.5214 60.3740 192.0858 72.5030 185.0146 79.1382 122.3429 99.2967 126.8638 167.8686 59.0444 151.3270 68.1876 99.4588 201.0286 101.4661 82.6795 88.8596 209.8707 57.8251 83.1435 96.0171 91.3237 108.8001 89.7904 210.8336 39.3808 44.9569 146.4597 61.0638 210.7305 25.3178 121.9709 175.2757 59.1868 99.2887 42.7163 79.4458 107.6847 126.2328 148.0805 169.5777 141.9791 46.3382 52.8403 45.2245 73.9495 102.4344 114.1607 147.1686 126.7517 35.4700 81.4791 157.0228 135.7276 128.0859 122.1734 217.8856 52.6572 142.9624 70.2134 176.9669 78.2352 79.7975 116.6498 131.2503 168.1712 145.0736 73.4039 64.5342 55.4402 110.6984 106.1327 54.8056 88.8640 46.7224 12.6351 13.4499 9.5206 34.5700 98.3319 183.9985 33.9785 113.5185 133.2408 30.8281 48.7810 209.6791 81.5728 220.6213 176.3122 70.6133 191.8243 58.4914 168.1060 86.7941 100.8875 79.2519 86.6276 40.0532 128.1326 127.4037 133.0230 44.5212 68.6009 135.6302 134.1696 197.7631 108.2629 84.2783 145.5755 68.7775 50.9988 88.6682 96.5169 169.3230 118.4714 108.6657 141.9520 147.3645 157.6811 62.2362 110.9226 65.5336 28.7175 42.1311 111.1557 5.0278 130.3993 84.1617 138.1613 9.1668 139.4443 111.0783 88.0135 108.0686 56.2435 147.9597 2.7671 140.6573 58.6143 79.8535 29.0097 7.6479 126.8937 167.7057 186.6384 133.8196 81.0334 138.6987 122.2586 52.4321 57.6764 147.5764 164.1707 54.1105 62.1961 173.4099 131.5625 155.8385 126.6806 138.4039 117.3243 170.1767 54.2151 105.9227 215.5127 184.3954 48.9320 114.2397 118.2124 120.6614 32.7202 162.2923 58.2542 103.9336 106.0570 139.6370 95.6187 166.9417 164.1135
160.2102 0.0000 60.7913 173.9226 89.6232 43.9691 59.8835 94.6279 125.3388 93.9339 150.8891 98.3753 177.0990 102.0190 138.1075 132.2876 74.7905 71.3538 85.9010 34.0056 95.7113 107.0542 95.8391 69.8644 86.1851 73.8101 75.6053 97.4550 62.8114 153.2549 120.9074 88.9438 118.2856 110.1969 173.2918 65.1896 252.6464 205.5936 52.2218 197.4553 12.4294 65.2131 80.4917 144.3554 141.7978 91.2095 120.6174 87.6354 57.3430 156.8399 159.2675 77.5113 117.5004 46.9257 164.8500 82.9449 67.3693 118.3774 114.5537 140.1026 172.3077 44.7624 137.3126 92.3472 105.7696 118.0537 1.2668 30.8427 89.1599 49.6547 81.9381 89.5361 71.9145 81.2579 134.1155 140.4569 174.1390 117.9336 133.1158 210.6085 131.1047 54.9192 140.7103 103.8408 125.2749 48.4895 42.9757 222.2096 58.4217 77.6647 55.5005 105.1515 120.0256 69.9291 22.8452 130.8997 65.7939 156.5305 48.1551 67.6616 123.4291 233.6799 154.9690 91.2475 63.4260 124.0069 111.2107 99.6151 85.4970 38.3876 97.6838 110.6596 115.9693 16.8613 125.9048 114.7262 173.4120 98.8684 112.6047 92.4375 165.4230 63.0421 160.0319 51.2517 69.3552 91.9803 82.9847 134.4397 63.4729 163.7836 109.1180 119.2981 155.6549 144.2961 8.0756 108.1238 93.3715 108.2029 154.8599 119.6369 62.9258 157.5587 150.4839 55.1422 114.3707 117.8592 64.7517 113.8911 119.3734 188.2643 79.1337 159.8601 119.1270 41.3316 155.9680 117.0280 118.3543 89.6306 264.7851 66.2020 5.8140 182.6957 100.0170 62.8853 50.4929 142.2509 140.5327 10.4297 4.8997 63.2640 106.8012 197.2040 193.2682 115.7201 53.5376 83.6746 103.5773 158.2429 150.4984 177.2190 57.8345 69.8439 61.1139 134.9351 98.6581 9.7302 26.8618 79.8612 137.6506 12.2605 227.1142 26.6195 219.4748 85.8925 42.4389 71.2041 102.0066 46.0580 126.3564 202.1097
60.3951 60.7913 0.0000 178.4934 144.6179 55.0937 149.5391 81.1016 79.8778 46.9280 117.3324 157.7097 87.1530 85.3692 84.3124 71.9513 89.7630 154.4674 200.9088 37.1679 173.0939 144.4557 164.2134 68.6876 165.6030 99.9324 17.2026 162.9711 59.1650 15.4735 147.3137 46.6025 127.6233 93.9271 101.1873 127.1858 45.9200 202.0430 154.8870 13.0997 2.9856 156.7107 58.0532 217.9005 111.2501 111.7937 5.2796 114.6705 119.3659 61.3512 41.7047 118.9155 12.0683 87.3414 61.4655 31.1125 195.0177 59.8037 258.0186 208.2629 104.5764 74.7086 69.3278 148.3550 124.5148 115.3808 91.7678 127.3812 115.8120 228.0782 71.4624 96.4346 39.9190 4.9925 92.5230 21.3598 61.3276 30.7130 209.1626 113.8549 150.1656 140.0481 39.0006 87.8231 160.5243 68.1216 126.3850 79.9399 25.5218 51.2566 80.5246 149.6706 117.5307 130.9721 110.5459 42.5745 56.3630 166.0608 90.7899 178.3317 127.8379 126.0040 172.3584 96.4932 82.2700 15.0158 123.6771 180.9370 153.7638 108.3809 205.8030 36.1544 108.9429 149.5306 112.6606 163.8111 112.5685 122.1271 79.4703 64.8488 65.7203 42.9141 127.7412 121.9523 111.4364 124.1816 142.3144 85.8566 101.1254 39.2313 69.9177 21.4171 76.5458 102.1125 47.0982 137.9437 130.2834 73.5069 131.8788 10.0661 25.2886 132.5003 156.5627 120.6970 129.7352 146.7435 10.7092 116.3949 121.9855 41.0247 147.5365 95.8678 46.1104 119.9757 177.5436 67.2839 122.9958 66.4786 102.8210 187.8488 103.3158 165.9866 181.2245 181.4136 35.2231 36.5893 185.4215 68.8055 174.3321 56.5496 160.1778 150.7360 80.6430 53.5425 30.5792 120.9704 74.7113 236.4205 175.2289 10.6929 27.1857 76.1771 160.6944 84.2449 171.0090 101.3970 101.8954 146.5926 48.3906 85.5391 101.5383 89.4948 209.7239 68.4981 115.3178 129.7132 109.9257 23.7605 46.7068 164.7821
185.3881 173.9226 178.4934 0.0000 87.0843 83.6159 78.3424 133.0680 9.9641 102.9975 33.1279 128.8333 143.3842 114.0219 83.9010 98.2670 144.9151 126.5074 62.1525 118.7590 120.0714 106.9474 12.7041 60.8322 68.0443 139.7171 45.9658 167.5187 121.8079 140.0147 20.2676 87.9694 90.5777 156.4111 148.6883 148.0055 75.0073 27.7267 96.1812 140.6380 184.2207 46.8474 48.1237 114.0970 91.6347 90.2904 36.8358 66.0260 122.1448 89.1277 215.3745 76.3692 135.0604 114.0449 83.5508 113.7422 65.8655 103.8289 91.2064 156.2355 167.6873 40.6937 197.7293 136.4663 147.2218 59.0326 31.5618 134.5999 47.8125 114.2163 118.8291 185.4865 73.6293 52.9984 13.9921 118.2236 45.0856 183.5494 120.4671 183.7610 50.3398 135.3200 84.5012 232.2322 150.4830 135.5252 178.0732 131.3362 152.3905 70.0365 187.5048 173.6753 103.5832 57.8980 112.8412 74.9095 172.3468 147.1804 76.8175 196.1466 18.8810 96.3906 144.3767 76.2541 147.0377 80.3380 49.7566 74.7875 55.1327 118.6705 157.3998 2.8463 189.5302 66.6995 47.4773 60.6495 115.8278 123.9904 136.6428 61.1583 7.5345 151.0983 110.6473 167.1088 178.7715 226.3320 199.8936 53.2913 128.2085 106.3922 133.7376 93.5197 143.1901 29.1794 260.3240 105.9453 151.6885 3.2819 116.5881 119.2962 157.4781 152.2202 67.0832 159.8638 16.8193 53.4528 75.8725 48.8937 26.5998 111.2035 42.5494 66.7374 100.9453 93.7489 111.1282 152.2319 135.8980 101.4078 162.6836 0.6284 70.2175 194.1271 132.8235 88.6221 117.0716 235.6620 168.0211 6.3038 207.3668 46.3718 117.6002 79.7357 102.9166 93.1887 185.8538 123.0245 229.3595 14.1013 106.7547 160.7731 90.7203 136.7283 88.1710 167.8256 52.7719 126.1032 173.0049 122.0788 133.8143 237.4584 113.3494 144.1148 142.7467 190.4136 110.2861 101.0083 175.3006 49.9038 117.4058 119.2075
177.3660 89.6232 144.6179 87.0843 0.0000 113.2913 165.3033 91.7796 133.0759 166.8143 61.9127 31.4199 106.5582 152.7358 28.0553 22.7151 147.1560 159.2823 69.8681 69.8746 71.6606 112.8911 204.5084 151.9791 202.5126 17.3215 68.9524 131.1416 44.0159 111.2347 184.2346 55.2268 70.2423 116.5545 96.0470 88.3603 23.5625 187.4685 137.4709 132.7481 63.1782 157.5148 2.7867 166.4589 45.8979 106.0834 72.9923 32.0372 131.5146 97.0210 119.7231 85.2801 72.8076 84.1603 67.5683 81.1827 86.5539 111.7427 5.6283 135.7087 89.8138 114.4204 108.0622 79.2021 70.0240 59.6349 82.3526 186.1299 51.6114 125.8810 157.5322 172.6837 121.1828 31.1665 103.4991 208.7265 138.5981 141.7874 100.6978 139.8293 166.2723 91.3119 52.0805 177.6835 121.3340 121.4335 157.6610 104.6575 20.6486 74.9659 85.9739 51.5839 131.1302 70.3784 149.1984 27.8960 46.5544 85.1772 110.6842 74.7821 69.7458 15.2911 7.3086 141.4232 110.8108 171.9063 106.1440 57.7281 81.5941 159.8940 66.8526 129.7093 203.1066 153.9776 8.3466 127.0455 93.3692 71.1186 173.6681 90.6200 26.9253 170.4700 124.5494 97.7751 208.8037 153.6491 75.0925 60.6822 85.9246 124.1556 64.2552 116.7589 48.0068 184.9308 175.5301 87.7345 164.0241 147.6845 197.0678 74.6367 201.8711 41.8163 126.1296 157.4237 69.1646 161.2588 45.8655 45.8258 133.1510 94.2502 116.5040 26.4050 79.2203 82.3502 86.4373 99.7958 199.9415 100.5872 29.7220 182.9510 109.4403 59.4605 42.0119 106.6742 171.7451 159.8899 99.4218 176.6976 65.6020 84.2893 0.9685 88.3646 207.4888 67.3313 169.1446 152.5272 211.4187 68.2069 93.1596 98.0210 96.3858 31.8158 158.8880 54.5596 23.5379 93.2434 113.7689 39.3802 243.1158 259.3506 149.4161 68.3254 69.1686 184.8840 101.3034 33.7059 47.6185 140.0720 103.0347 127.4530
167.2474 43.9691 55.0937 83.6159 113.2913 0.0000 86.4925 86.8896 87.5147 81.8872 184.8611 72.4813 116.5265 39.7165 57.5873 94.8658 81.8867 104.4253 140.7142 142.5606 201.3323 145.6376 219.1902 79.3255 150.2611 15.3489 125.8640 103.8157 106.7556 134.7854 85.8214 33.3955 21.8161 149.6729 89.1553 62.5516 93.3678 23.5672 70.9487 56.5989 130.1834 89.4678 141.3183 100.7682 76.0357 85.7645 57.6587 88.9544 160.8935 194.0030 216.7921 129.6420 124.2121 35.9824 60.5347 156.4596 29.1462 214.8995 85.0287 13.2979 75.4210 56.9824 205.8772 138.4661 117.4223 35.2974 179.9674 78.9975 49.8323 221.3363 71.1723 17.1090 4.0299 92.0605 42.9414 113.2818 75.4311 75.1484 61.4219 156.3083 71.5227 22.8265 6.5863 103.2842 108.6543 96.6264 86.4256 43.1712 157.4461 22.6921 76.7434 155.5803 212.0433 104.8890 59.0850 95.2405 154.0899 131.7406 139.2359 94.7530 138.7208 4.5691 156.7691 118.8850 106.0978 68.9947 143.6350 137.8752 26.2816 75.7855 186.1168 128.0667 79.7147 12.8178 81.5893 186.5939 96.4280 170.9706 230.0847 204.2878 128.5824 187.9032 104.0931 211.8378 142.6656 95.4538 86.5049 113.1517 85.1634 67.2188 97.0723 61.4380 114.9323 29.7586 135.4354 154.7028 75.6628 57.5829 205.0213 28.6621 131.3344 25.5247 107.5243 214.4256 35.8301 6.0012 165.6816 195.4681 93.6974 81.3455 48.4660 87.1016 90.8407 77.7488 104.4233 90.0192 128.3853 91.2499 25.5818 70.0166 256.4131 160.6840 101.8337 92.0610 53.1087 276.5013 158.2332 100.3368 116.0726 120.1388 194.7830 83.3575 126.7981 126.1456 82.4935 100.6463 159.0053 94.6908 36.8011 44.1511 85.5460 49.6134 18.5908 63.6051 129.7588 22.2586 105.5382 47.5398 41.0203 75.0441 86.4720 141.5935 153.2933 32.6359 88.0488 128.3430 134.8052 28.2015 97.1347 85.5676
78.0485 59.8835 149.5391 78.3424 165.3033 86.4925 0.0000 90.0521 117.2898 104.2928 180.2444 85.8584 118.1842 103.8984 130.8795 130.8462 60.6502 194.9239 241.4340 135.4947 86.3060 216.2995 117.5198 121.1992 82.1914 188.9736 71.7839 68.4723 175.4460 9.6964 99.7827 73.2986 129.9388 145.7540 114.8314 89.0994 182.1591 78.9465 225.2601 121.6148 46.4085 4.6466 109.0812 146.8131 143.5059 155.0015 262.3360 147.9207 55.8714 73.9945 22.6164 140.7944 47.6467 56.6228 10.8791 146.1198 141.6937 67.4106 59.4963 102.4462 129.0054 66.5368 141.3161 152.4650 37.7857 99.3957 96.1179 161.4793 148.1880 123.9172 117.2087 74.4019 88.4607 29.4861 62.7143 155.8748 130.8590 226.2750 15.4901 90.1628 19.3945 169.6359 70.2304 94.1375 85.7129 16.1389 166.9952 248.7349 24.5543 54.0018 87.2077 183.5321 39.5903 171.4978 157.7126 150.1846 180.6989 138.7076 112.5755 188.3368 185.0103 31.8947 164.4127 118.0502 96.6194 131.3909 19.5481 106.2175 69.5761 117.4784 73.7357 117.2311 161.8421 93.1575 126.9429 136.9190 78.5981 44.7131 90.4287 127.4076 174.6175 86.1854 242.9991 89.2524 168.6695 81.3475 204.3758 136.9994 203.4101 67.8317 154.7285 49.2731 163.8959 60.8170 93.2955 47.0079 109.3548 109.0780 91.8848 45.1619 142.4126 91.2559 50.1006 41.9648 51.7777 161.3102 70.6739 81.0162 72.4446 78.6839 46.9361 194.7827 43.4849 109.0150 85.3825 188.1590 45.1332 89.6346 74.4482 103.2408 124.7978 176.2272 64.1874 157.6518 70.9923 110.2436 141.5010 75.3380 54.0468 87.7652 187.1551 137.9538 193.2821 129.4125 54.6613 96.5419 161.6788 56.3246 150.3631 159.0963 58.5850 152.6226 92.5087 36.8450 145.4904 86.0961 149.2019 155.9333 59.5646 27.0982 2.2547 150.9804 168.8020 80.4844 173.0167 43.2481 117.3608 29.1942 59.2444 79.3525
10.1834 94.6279 81.1016 133.0680 91.7796 86.8896 90.0521 0.0000 158.6554 163.0782 184.7547 182.2748 216.1283 70.5885 155.0554 90.4981 165.8291 112.1011 70.9825 66.0112 124.3005 180.6216 37.4061 144.6206 215.5019 153.8433 110.1239 201.3279 145.2525 107.2616 73.7519 71.7093 29.1775 129.9533 72.2666 99.1835 154.9256 230.1180 157.3077 76.2639 89.4335 32.1683 57.0236 260.9390 68.5185 33.5873 111.6514 102.8094 101.0150 170.6975 102.7564 91.0037 61.4272 7.9174 154.6960 114.4033 145.5542 190.0846 226.4272 49.1865 183.6042 208.3760 89.6375 199.2772 97.2351 77.1564 141.8421 138.3531 55.8631 129.9798 113.2758 95.9915 33.7239 38.5236 83.1849 148.2326 111.4758 178.2705 5.9864 106.1875 82.7300 73.0877 171.1838 98.3628 167.1245 71.7442 54.1099 34.5014 112.1181 126.0480 108.6964 142.7830 38.9108 73.4008 115.4835 228.2548 18.1711 48.0969 69.8117 170.1517 55.3887 79.6005 108.6259 140.0939 189.7198 225.3651 136.9276 35.3613 231.2292 137.2239 212.7105 111.7713 100.1253 41.3612 127.7558 165.8071 73.2071 228.8856 153.5851 97.6753 139.6577 263.8268 120.7433 55.0480 103.5147 157.3108 70.0734 81.6389 110.3307 45.5007 84.4060 164.8352 79.9788 76.3318 145.0094 35.3216 97.4178 94.3734 83.3888 157.1375 119.5537 227.0641 64.1547 101.4932 59.7725 3.6526 112.0074 48.7865 103.1548 33.8758 125.0664 124.8615 42.1828 126.7657 111.6436 28.1895 82.7286 184.8738 139.2248 181.8705 105.3853 56.1812 99.8278 127.8711 52.5866 179.7604 166.3995 66.4284 163.1828 141.4832 112.5293 140.0109 159.2810 141.0784 72.7509 82.7064 101.9856 166.9257 147.6795 85.9010 80.0110 122.1292 161.9358 110.9836 156.3542 44.6559 119.0434 48.8425 147.5728 54.5574 169.3490 53.7492 82.0621 136.5932 140.8402 103.2229 20.0439 15.4096 128.7982 33.7992
170.4440 125.3388 79.8778 9.9641 133.0759 87.5147 117.2898 158.6554 0.0000 223.5725 79.7512 13.6897 10.6329 172.8755 76.3987 128.8250 63.9385 244.1978 115.6493 40.4319 86.1981 81.1313 64.5750 95.1342 93.1361 137.9663 113.9876 48.8661 143.0979 116.1476 109.6820 113.9414 99.7215 105.6540 195.5762 108.8490 85.8800 100.6918 85.4995 84.2379 91.3648 88.8799 152.0451 108.6535 145.3190 105.1914 18.1054 119.6123 135.8307 62.9352 143.5593 166.2102 62.4529 84.6704 128.4187 140.7618 128.9473 27.4711 38.7888 133.9243 59.0712 76.3588 112.0912 102.5662 179.0004 220.4739 143.8730 89.6749 74.4762 114.8798 138.8422 75.6830 52.1695 183.9078 220.5296 70.7974 46.4956 31.7160 50.5443 77.8191 234.9627 112.5459 93.6034 121.6983 235.5194 87.5834 21.1647 157.5767 42.3056 126.9367 183.2400 258.7949 109.7063 117.6872 81.1462 86.0694 141.5017 82.7889 128.9298 122.4164 75.8176 67.8137 187.0044 128.2085 10.7898 133.2636 150.3052 227.6084 67.5930 74.0432 44.5682 74.4116 99.7008 79.9234 44.8853 40.5940 221.6493 75.4027 58.2231 190.0452 86.5470 9.4489 148.4513 163.2426 176.7875 72.4883 184.8537 102.2018 52.1290 45.1040 42.2948 106.5201 134.3186 88.8880 97.2373 137.5369 208.0115 162.3215 287.2626 28.5486 133.9015 137.8779 126.6786 126.7631 29.4061 192.4421 105.3805 201.5084 63.1533 179.1066 115.3008 163.2054 143.2884 107.8975 43.5103 108.6444 72.5299 111.5859 207.9264 104.8399 78.3451 112.1730 59.4033 93.4314 155.3396 77.0114 147.5276 11.9262 147.7319 90.9290 86.5234 110.5147 114.3300 94.4194 120.3721 115.2895 182.8262 126.0499 72.1945 65.8883 139.1035 64.1487 61.3035 73.7369 61.8327 83.7638 202.5256 62.8909 139.5162 104.6306 138.6167 66.4512 38.7684 130.2627 76.5631 112.4431 172.4713 37.4742 101.6212 68.8245
256.5070 93.9339 46.9280 102.9975 166.8143 81.8872 104.2928 163.0782 223.5725 0.0000 72.4293 124.3315 105.1477 30.1218 154.3193 273.6760 155.6875 53.9728 104.1788 69.7532 176.4030 160.8933 188.8320 125.0710 72.1205 166.4762 114.5400 99.2764 62.6791 79.0407 60.8461 102.7887 100.2643 213.2426 113.6621 253.2452 124.9690 74.8422 110.9272 124.5566 85.2078 83.5263 135.9933 105.0432 161.2892 82.3321 189.4223 138.1136 71.9134 169.1348 103.9326 72.8881 69.8536 54.1871 154.9857 79.6992 169.3057 127.8221 152.4164 185.4737 131.8450 97.2152 75.9757 152.6213 123.6056 76.6436 54.9793 64.3447 113.6368 112.4336 48.9813 171.6048 143.0358 108.9532 130.6709 81.6929 167.5952 158.2278 130.4584 144.1640 79.4912 146.0195 76.6165 13.9650 106.1917 22.6374 65.1125 120.7962 193.5425 128.8319 105.6426 30.6735 118.6178 0.7703 117.0582 59.2531 114.7907 144.8070 127.9663 112.2030 131.1716 149.3854 77.6480 74.6484 33.8495 109.1753 84.7311 117.5349 120.9782 195.6734 202.2868 119.1678 35.2808 270.9506 136.0665 79.7701 122.9920 76.8122 210.8805 121.9845 25.9483 114.8325 86.7397 150.0426 90.8469 89.3782 28.7988 8.9574 147.3279 84.3119 11.6472 131.0229 121.1500 67.0457 110.9502 181.9066 47.8486 84.1454 174.1568 168.0766 199.7957 173.0240 110.1008 63.5735 92.0335 73.6060 70.6488 104.6299 182.1881 42.5265 194.2671 146.4187 161.1145 119.2156 109.7090 76.3245 91.5044 99.2362 179.1952 110.3726 209.3779 212.5627 64.7494 160.4766 190.5360 153.5874 90.5553 97.9577 71.4610 79.2585 113.3787 127.4761 164.7809 128.1357 95.7663 104.6182 182.6060 97.7037 119.4974 90.6494 136.0344 76.7985 223.0914 28.6655 151.6585 218.6051 84.0811 36.4859 197.7621 74.7583 147.3822 141.2144 111.1785 16.4581 142.1335 96.4166 98.6286 135.2004 134.9039 18.5943
124.1989 150.8891 117.3324 33.1279 61.9127 184.8611 180.2444 184.7547 79.7512 72.4293 0.0000 159.1316 55.9739 30.6237 46.6448 206.6312 95.8546 134.7224 75.6286 28.8399 174.1781 24.4842 60.8591 180.7122 85.1072 90.5802 134.3740 74.0733 67.2820 118.5873 152.1044 179.9111 21.3271 122.6506 208.6368 195.6649 130.9409 143.8674 149.7792 14.8857 148.1492 148.8816 93.3579 177.3765 129.8546 9.2791 143.7487 23.1102 88.6403 68.6552 115.6634 188.1804 54.0776 99.8293 164.7893 64.6504 126.8663 130.6926 118.5988 158.3286 83.8352 126.7734 104.8006 191.7146 135.4636 66.5083 44.5657 113.7654 201.3359 162.7865 103.8171 114.0129 55.6692 148.0949 73.0849 57.3705 48.0593 55.7806 15.8765 104.4850 86.0957 71.0957 91.8061 1.9271 171.3739 152.2257 168.6768 176.1374 214.6147 53.7900 192.9357 63.2860 39.2985 93.8877 62.6870 51.9159 164.2288 74.2804 65.9073 138.0285 38.9705 139.6363 176.3498 67.1539 174.1316 114.4271 57.1103 61.4265 8.2696 86.3964 66.0639 21.7465 54.3981 141.8439 78.2937 108.0898 25.6273 133.0912 194.6140 43.4991 52.4781 32.6433 107.0453 87.9685 202.4467 81.1807 8.2471 104.9822 147.4081 19.6329 103.9050 23.8853 79.9379 6.0979 167.2895 125.2853 70.2285 166.3272 129.8592 51.7641 132.7924 140.8535 35.7619 192.4503 143.4089 149.2517 47.1979 46.2435 68.9217 53.2643 149.3793 155.7427 161.2329 73.5784 80.4024 25.8974 203.3070 127.4258 68.4499 140.7337 174.3722 174.4659 150.5208 133.7916 54.0842 66.3980 65.2206 174.3278 69.1113 125.7230 49.5426 166.4244 35.3968 110.4549 107.5741 137.7142 107.7071 168.0141 70.4624 63.3663 107.9211 140.4558 175.3431 215.9513 141.6590 138.6131 100.1003 167.2573 100.2903 86.7547 32.0652 193.1066 51.5087 58.1770 173.9813 139.5503 15.0901 162.7527 35.9322 81.0367
15.5210 98.3753 157.7097 128.8333 31.4199 72.4813 85.8584 182.2748 13.6897 124.3315 159.1316 0.0000 116.7967 24.1663 29.6952 62.3870 50.1639 177.2356 34.2341 49.6712 113.5087 124.5117 133.3288 43.9864 186.4715 97.6291 23.9375 76.2616 90.5807 160.4856 97.0836 120.5866 154.3002 138.9501 92.0495 129.7342 97.7020 164.8206 37.6779 122.3768 87.9828 162.9985 93.0618 150.0154 71.0986 101.8003 88.1611 130.0218 24.9827 61.7046 93.3866 70.3868 201.6555 122.9590 20.5423 77.0179 75.2120 178.5356 70.9876 36.6103 136.7903 162.0993 50.1759 129.3868 147.9535 111.4738 154.8242 111.3240 53.3249 109.9289 17.7355 69.2377 80.4310 66.4676 156.1724 132.2822 57.4319 24.7380 57.2052 51.2492 105.8532 182.7436 129.3572 226.7225 116.9874 13.1256 89.2709 141.0904 74.4487 76.1699 137.3468 52.1948 32.9511 179.6502 282.7043 77.3003 60.1304 36.9912 65.6456 120.1044 131.1880 147.3182 78.2701 185.2431 98.3501 47.1625 74.4322 38.7586 16.1651 93.8897 121.2247 7.2528 113.1010 139.0815 86.2226 177.1296 68.9069 60.2024 266.2391 28.5707 1.8180 164.5136 81.8509 149.6904 102.3382 29.0081 148.6030 116.3157 154.3396 97.3884 163.9437 97.9390 117.1688 71.0532 162.3290 133.9473 78.6607 79.3760 91.8527 81.1490 138.6494 22.3573 86.4423 95.3070 73.3865 177.6517 29.0371 99.3311 246.0289 162.7310 140.3501 261.9185 74.0913 29.6179 145.2252 122.8823 123.1551 52.7181 142.4966 234.1656 54.2753 132.8607 156.5060 92.1254 234.5475 86.2282 157.4017 115.8234 105.0061 144.4435 21.2654 113.0220 138.6534 82.3290 127.4462 151.5326 54.1636 6.8971 117.7216 169.3382 73.9470 107.0237 134.0210 55.3368 42.8594 81.8858 152.1230 212.7927 92.7630 173.6330 99.1496 150.8364 124.1651 134.3377 156.9404 221.7215 82.1107 195.5995 168.6532 104.2504
39.4406 177.0990 87.1530 143.3842 106.5582 116.5265 118.1842 216.1283 10.6329 105.1477 55.9739 116.7967 0.0000 142.0020 73.4231 94.7681 63.5271 177.8284 169.4980 36.9824 150.4579 124.5172 181.9136 91.3657 8.3424 68.2212 110.9054 109.8306 33.0160 156.1756 48.5025 106.9150 126.0497 91.0248 87.6103 105.5548 98.6640 108.3451 224.6124 152.3100 208.2543 153.1142 93.0588 67.9157 45.1433 125.5236 81.9319 111.3061 92.1725 76.8153 48.0667 64.8179 146.5639 250.1930 186.2664 164.3716 104.4101 182.1685 102.8855 110.5159 104.5237 104.9860 19.1019 46.7107 160.6945 37.0932 102.1204 100.5712 172.9292 244.1864 8.2220 87.5343 2.3566 103.5127 115.1753 63.3155 59.7049 75.0586 193.5362 140.6054 194.0225 211.2530 187.4678 100.2071 55.7430 65.2047 97.0161 60.0946 104.7210 88.5384 121.7940 155.4379 118.5117 144.1321 178.3395 153.6393 108.5153 94.8584 120.2061 162.5498 20.7482 42.5332 206.5584 76.4051 12.5665 85.7962 121.5335 98.4540 213.4872 7.9762 128.2943 128.6870 129.3874 84.0051 113.6746 24.1112 133.4482 178.0376 153.1680 55.1708 27.4448 116.9966 44.9958 185.5108 168.6028 114.9689 7.3038 37.1638 209.5535 111.4530 102.7713 128.6484 86.4280 117.9272 116.1273 97.9511 19.5911 164.7542 161.0562 64.9884 9.8508 3.3090 132.3135 30.9811 59.9431 131.8457 53.6944 110.1375 135.3516 200.2648 201.9661 201.8256 194.1092 98.5182 173.2053 124.6858 145.4643 72.6812 110.5246 174.1020 33.4266 189.1155 122.0293 163.0808 24.6187 94.9382 59.8421 125.2197 15.6138 121.5182 221.8900 53.5428 84.8721 78.2690 62.7170 140.8664 57.5133 120.0571 67.2067 125.7601 128.3010 88.3597 108.9845 54.6177 166.6674 112.7800 68.0030 57.7275 184.8583 195.1013 81.3041 105.7829 49.6785 6.5342 196.3335 118.5070 105.2453 155.1688 79.0316 71.3869
158.1538 102.0190 85.3692 114.0219 152.7358 39.7165 103.8984 70.5885 172.8755 30.1218 30.6237 24.1663 142.0020 0.0000 111.1675 228.1164 69.5371 164.1118 117.1239 113.1645 126.8896 118.6420 150.7752 107.3802 98.4521 92.2356 105.5028 80.0329 169.5943 111.8329 236.5972 148.2695 202.5895 194.4777 31.9752 112.8628 74.1389 53.6100 65.3696 35.8714 122.8478 94.5492 129.9275 124.3956 249.6124 64.6162 53.4407 126.8085 95.5959 146.2081 103.3991 149.2520 167.8007 59.2626 53.1878 38.8785 44.9063 84.7219 39.0154 160.0957 103.4830 144.2599 48.5437 97.1956 152.3583 39.4119 155.8738 18.1087 87.0260 91.5579 62.1274 201.8743 108.1083 135.7275 133.5298 0.5543 90.9854 6.8469 105.4440 171.0687 200.4779 155.9234 205.4268 114.9306 161.1658 120.5647 155.0926 80.9239 56.4090 80.8721 77.8429 146.1075 8.4501 102.0377 100.0586 64.0164 41.0941 125.5428 126.6501 138.2700 231.6904 23.6725 80.4705 37.8186 139.8234 79.1443 163.5341 144.3184 25.7987 36.4740 270.1591 90.4085 1.3662 146.9659 23.2378 220.6421 60.0286 116.7801 126.6855 160.5699 43.9778 135.9633 181.4706 159.7005 63.8948 34.2415 105.6206 95.0334 28.6569 208.5820 157.1796 144.8715 51.5698 40.3147 12.6725 139.0660 208.7925 63.7766 113.8152 54.2177 63.3384 179.5386 154.8334 130.5104 238.2409 24.8139 3.1550 142.0553 188.7871 126.1630 115.3004 135.4896 61.4982 51.2652 139.1022 195.9044 54.1395 60.8571 138.4922 97.6384 110.3458 107.4021 58.8383 77.3493 76.6835 110.5590 108.0741 92.1948 80.4379 19.1933 106.0616 151.3987 17.8558 35.8373 81.1833 105.2337 82.1281 74.8006 10.6000 122.9094 103.8961 79.0574 91.0722 24.1841 127.7772 142.0055 114.7429 115.6425 183.4441 93.0154 81.8405 114.9947 104.4330 40.5353 68.6606 92.8546 34.4217 118.2173 148.0721 190.0304
40.8976 138.1075 84.3124 83.9010 28.0553 57.5873 130.8795 155.0554 76.3987 154.3193 46.6448 29.6952 73.4231 111.1675 0.0000 174.9296 159.1666 213.2466 106.3991 45.0015 122.3318 97.2285 52.6522 82.8820 63.4527 165.6384 35.5190 135.6524 83.0436 101.7053 201.2646 38.7633 151.0276 120.4075 131.9418 116.7279 85.6857 136.6079 160.6136 120.3307 98.9095 116.6812 128.5338 75.9300 22.5124 106.8095 206.8475 149.3189 72.2451 121.9336 24.8927 190.3364 173.6527 72.5478 125.5625 104.0411 155.9523 78.5590 193.7504 236.6996 10.5682 133.8627 10.9649 54.8749 158.3113 171.1123 206.1600 159.2300 63.1646 83.8402 29.0881 104.4871 135.1157 62.7472 109.3216 58.1431 145.3269 96.1648 205.9546 66.3616 142.4764 142.9460 170.2342 42.8733 134.1906 72.6750 68.4290 24.0353 79.6767 164.9015 89.4237 97.4898 37.5725 2.0625 69.5756 150.8277 100.2920 78.4974 104.8105 192.0894 41.4651 113.1557 86.7237 207.3999 60.1689 205.3587 119.8946 144.2402 179.3450 84.2250 68.8718 41.9061 178.8102 137.9239 129.1385 160.3272 161.3884 213.0902 77.4698 91.9155 47.2210 112.7523 106.2379 147.5575 252.3818 164.0685 2.8601 5.3275 142.9850 150.9569 100.8043 57.5821 162.5815 131.7350 76.1455 116.6367 97.2399 83.7791 5.2395 87.0824 48.1471 93.3342 55.9139 165.5791 78.8397 143.7427 108.8281 73.2358 102.8145 37.6600 98.2343 61.2611 53.0535 23.8998 64.0922 173.3660 190.7576 66.0451 20.7788 9.8122 107.2988 219.9491 100.6332 80.9266 43.4146 41.8911 65.3420 70.1296 209.3027 134.9972 142.3397 84.9731 189.9548 75.3271 8.1573 48.9849 144.4568 166.3198 175.5985 57.2850 152.4740 122.7243 5.1517 137.2723 105.6086 65.6936 43.3836 81.1970 127.1776 97.1444 118.9355 150.9036 72.1995 123.2247 85.3266 48.8707 50.4093 107.0895 245.4555 188.9551
163.7271 132.2876 71.9513 98.2670 22.7151 94.8658 130.8462 90.4981 128.8250 273.6760 206.6312 62.3870 94.7681 228.1164 174.9296 0.0000 88.4492 6.5373 53.1444 80.7454 86.9691 107.9721 89.9042 1.7688 174.2175 54.0450 184.6176 205.3454 86.2045 52.8341 127.9678 111.4468 126.1081 163.6122 23.5430 106.2006 80.4751 127.7000 168.5929 68.1387 92.2103 63.3711 138.6355 173.9098 71.6044 251.3496 98.9940 192.8131 115.5361 207.2144 141.2743 54.2883 73.7203 126.3817 183.0471 52.4050 78.3063 124.4127 160.6871 44.4680 119.3024 51.9458 82.8790 103.2301 196.0338 198.5754 78.7327 44.5665 43.1020 129.9460 179.1749 39.5310 103.9599 77.8159 121.3187 28.2841 106.5830 158.4130 95.0423 55.2773 102.3740 147.5299 56.2655 25.8575 81.0461 144.6515 159.6958 178.5040 118.3667 77.6035 62.7205 63.2330 54.0534 14.9720 122.2966 174.6789 79.5577 87.8462 120.9796 90.3218 151.6687 80.3055 38.3369 171.6913 234.7670 149.0111 119.2068 182.2924 135.3166 24.7084 171.9852 209.9494 81.0512 208.0220 39.3271 143.8876 42.5050 173.0027 102.3540 0.5971 138.6056 112.8412 25.2767 94.6350 166.2653 72.1651 13.7238 172.4939 108.5450 167.3866 110.1129 191.4874 162.7037 74.8510 83.0388 67.5693 149.2336 93.0897 53.3862 130.1685 72.1715 139.5919 119.2868 159.1287 84.4976 5.3705 217.9200 41.6727 101.0482 23.6467 87.1363 162.6272 78.9029 210.4187 66.7211 165.6581 97.9460 126.2930 194.9621 130.5601 177.3097 237.6408 155.1376 25.2275 157.8126 116.0420 135.6223 148.5976 77.7988 48.3340 115.5063 151.4499 149.3350 27.5306 6.5002 18.5491 84.6586 79.0586 114.3461 30.2565 143.2917 23.4342 64.3828 33.8780 167.1441 73.4806 50.0863 168.4342 81.4717 103.8809 141.0201 167.5391 41.3346 28.0655 126.1850 82.4932 154.8097 57.1484 5.9536 84.9049
170.4059 74.7905 89.7630 144.9151 147.1560 81.8867 60.6502 165.8291 63.9385 155.6875 95.8546 50.1639 63.5271 69.5371 159.1666 88.4492 0.0000 155.9944 129.0972 48.5605 221.1119 16.9947 114.4859 43.3068 110.6412 57.2838 103.5822 152.4887 120.1257 37.1629 193.0318 153.2797 16.8392 82.5486 88.3334 111.1874 87.2249 167.3697 125.0214 48.8667 34.1093 29.1068 16.9880 160.8487 75.5684 42.8676 91.2994 150.9561 109.3831 92.4996 103.6488 44.2373 76.3004 121.1160 158.6021 130.0874 100.8015 202.9282 116.0348 132.5827 122.6296 75.3910 47.8229 162.0862 135.7471 119.1169 122.1130 83.6492 188.1400 154.2842 127.3288 140.9769 88.1320 39.6947 75.3450 150.1219 104.5685 121.2139 44.8872 40.8030 99.1807 131.0591 111.1134 93.4305 228.8128 117.3211 64.1864 44.6229 174.3476 181.9241 114.8367 54.8792 109.9693 75.8373 49.2372 44.9707 55.3449 180.8727 57.8485 131.4302 85.5410 46.9719 53.4354 73.9343 233.5016 136.3564 49.8461 53.1299 181.9116 118.3981 139.4157 74.0538 55.2660 81.6241 43.5931 59.9048 138.8462 39.9324 106.5828 120.9241 68.0957 39.4955 81.3865 219.1979 188.4056 198.1452 36.5445 84.2983 27.0093 149.7823 161.8388 175.9323 61.3610 55.4359 95.8682 136.8570 87.5309 77.3744 164.8857 106.1356 44.3241 84.9972 96.2976 109.6753 8.5946 181.4774 106.1104 17.1351 99.2983 130.6720 130.2732 91.0054 36.3677 9.9169 5.8108 160.3205 63.6930 26.0208 114.0719 168.5858 25.4777 118.7660 184.1278 137.5631 84.7815 126.5445 108.9735 155.0061 122.2155 109.8232 44.8404 108.7555 118.6038 56.0274 174.1734 94.9838 30.3509 127.5177 65.2351 118.0564 120.8319 85.9159 77.4723 122.2471 86.6839 56.8351 26.3126 118.0029 89.3281 27.0388 33.0643 210.7939 23.6043 178.1567 174.1357 68.5002 121.2440 12.1422 115.7801 208.9175
131.9934 71.3538 154.4674 126.5074 159.2823 104.4253 194.9239 112.1011 244.1978 53.9728 134.7224 177.2356 177.8284 164.1118 213.2466 6.5373 155.9944 0.0000 89.1848 76.0374 116.5138 93.8926 98.1791 83.5265 116.9613 278.9754 150.4679 107.5442 68.0856 42.5473 101.6678 90.5404 111.4606 131.0923 90.5350 135.9954 103.5118 81.8363 155.5396 41.0484 111.0807 90.2284 116.5898 134.0923 204.5323 158.5933 47.7138 127.5983 102.9269 39.1305 72.4213 142.2059 67.6147 152.2824 124.7665 36.0329 152.1671 111.5941 65.4974 68.3134 82.9654 97.0888 18.7910 118.9901 144.3882 89.3023 81.2410 129.5005 152.6305 116.7035 64.3113 142.5184 104.0372 110.7435 70.8776 89.2453 56.4466 140.7773 155.5946 13.5975 112.5899 31.4500 137.0473 34.9454 50.4886 187.0370 182.3947 54.3247 79.3115 113.4177 154.5626 108.7539 62.1542 83.6932 173.4952 88.9385 99.9438 74.3903 93.4606 212.4022 33.7275 73.3767 11.6314 177.6548 118.9704 52.0744 151.5382 154.0408 198.1818 10.2560 111.8804 151.2517 55.0083 85.4727 122.9009 98.4245 5.4277 94.3399 85.3953 106.2737 161.5517 56.0017 156.1689 14.7735 88.5473 185.0836 91.9780 46.6765 92.0978 161.1006 82.2286 38.3929 168.5950 139.1526 142.3448 11.7657 134.4575 54.2307 91.2703 52.4709 171.0641 68.1507 175.0274 145.0023 342.5142 54.3611 78.3845 35.2818 141.0042 78.6138 67.6294 41.7917 118.3406 52.9768 235.8651 113.0739 70.6893 257.7080 39.6443 94.5009 63.5083 65.4537 50.0452 159.1152 140.2655 115.2930 134.3036 2.1515 103.6785 122.1628 115.9433 184.8518 118.0200 124.1485 142.2717 151.7913 161.0608 145.5073 118.3012 52.3863 56.2580 171.5151 171.0645 143.8974 199.2689 41.4413 146.4748 126.9801 29.2483 24.7496 183.0340 118.7012 178.4422 94.8200 185.5303 86.3864 71.9857 143.6405 32.4788 105.6186
186.3804 85.9010 200.9088 62.1525 69.8681 140.7142 241.4340 70.9825 115.6493 104.1788 75.6286 34.2341 169.4980 117.1239 106.3991 53.1444 129.0972 89.1848 0.0000 57.3817 142.8952 116.7052 87.3341 125.7886 79.4497 111.6446 155.7461 101.8086 124.3376 114.2774 20.5162 148.8235 180.3571 39.1431 160.7442 253.8401 55.6589 197.3355 95.3739 144.6325 119.5208 170.1710 53.3165 89.1744 69.1840 124.6775 46.8241 58.8454 39.0664 154.9513 112.1367 118.7152 78.3618 57.2411 167.4132 52.6798 154.5001 151.1090 146.5746 122.6300 114.6515 162.6000 39.9267 138.1455 77.5996 142.8280 20.4426 101.8749 51.4121 187.1604 173.4701 104.8948 95.6703 77.3123 25.5526 75.9845 70.0015 54.3838 30.0970 233.7566 45.8366 127.5332 141.7003 118.2647 159.6650 98.9996 122.5487 44.1385 147.7218 57.7097 108.8400 129.3897 90.3631 23.7514 94.6435 62.9947 103.3112 49.1895 131.8776 146.3906 93.8629 61.8614 157.4248 128.9590 72.5514 150.4758 20.8915 41.3521 114.9146 197.1884 113.9465 15.2459 88.2117 48.1933 107.5348 194.6750 214.8884 119.0310 115.6851 48.9325 65.5720 122.8727 110.5490 92.5854 50.7592 79.0695 70.4416 28.1272 90.2014 87.1918 191.9103 19.1908 121.1957 105.4860 68.7736 144.7271 48.9596 49.5405 68.5801 63.7849 104.9800 115.8077 197.4714 54.4082 142.9331 200.1858 63.8652 86.7924 129.9847 103.8741 51.6964 116.1577 98.9217 120.9679 132.1369 59.0375 125.0673 60.7782 160.1551 85.1362 130.9313 178.3556 180.2194 127.8954 43.6350 34.5353 122.5748 82.5882 80.3902 145.5499 26.8881 79.9559 155.3773 100.4182 67.3797 80.2521 66.8289 10.9965 92.8904 115.1006 127.3112 29.1740 168.0128 111.4849 146.8863 89.2918 163.8073 44.5502 139.4694 92.7976 52.6527 116.1275 33.5706 65.5346 195.0536 85.5777 204.4299 86.9979 85.7097 62.6126
111.5214 34.0056 37.1679 118.7590 69.8746 142.5606 135.4947 66.0112 40.4319 69.7532 28.8399 49.6712 36.9824 113.1645 45.0015 80.7454 48.5605 76.0374 57.3817 0.0000 112.1634 81.3483 278.8243 40.5904 117.0985 74.1921 98.7392 156.8220 131.3599 67.6215 120.2711 46.3805 63.4173 148.1573 104.3474 44.3131 115.4483 125.2310 184.3671 55.3574 75.6421 57.4605 112.9679 71.6196 147.4063 76.2855 198.1984 176.6370 172.9014 127.7966 52.1384 62.9301 179.3970 184.8059 79.0367 36.0623 105.4237 223.9719 101.7629 155.9211 47.3387 117.2624 11.1995 176.0653 70.1037 25.3007 47.9200 122.2049 26.7726 155.8795 48.3870 66.2967 164.8136 119.7254 90.8866 96.4039 26.4873 83.9919 61.4671 2.9666 164.4430 135.0790 58.6896 71.7541 121.2028 177.9915 126.0412 147.3401 188.7658 65.7605 58.9474 98.7680 141.2845 148.2018 95.4296 149.1423 219.5288 74.0100 161.8988 109.2092 99.4674 171.2849 113.9374 22.6996 52.0625 37.7524 172.9563 2.6441 1.3155 163.3789 78.9240 92.7838 68.3407 97.0507 229.2549 123.0330 161.1668 179.1280 151.1336 116.5139 4.5669 70.1653 71.4248 65.5096 81.6522 57.2109 90.3798 122.5876 177.8710 26.0509 47.7783 104.8326 15.5725 67.6910 68.3410 38.1442 18.5217 65.1245 128.1836 148.8311 79.8587 54.2734 204.8821 133.9206 11.4170 203.3730 37.4807 77.8608 163.0604 134.8648 169.3183 173.2894 165.4147 61.5885 140.9696 55.9629 43.3369 109.0148 31.4875 2.9104 142.6317 109.7540 88.9157 187.0670 184.5756 75.3013 57.8287 115.3160 176.5200 20.6157 154.1001 76.5050 67.3263 27.1323 82.8973 96.3745 149.0575 105.1181 149.7870 149.6711 60.6583 41.3077 109.4823 125.3372 55.0755 123.9217 160.3812 94.2771 25.3445 95.7718 61.5763 184.2597 141.0168 68.0106 176.0057 129.4959 217.2029 61.3753 52.4091 25.7223
60.3740 95.7113 173.0939 120.0714 71.6606 201.3323 86.3060 124.3005 86.1981 176.4030 174.1781 113.5087 150.4579 126.8896 122.3318 86.9691 221.1119 116.5138 142.8952 112.1634 0.0000 168.0530 163.0804 146.6871 56.6581 139.2042 202.8432 106.9438 27.9920 78.1186 136.5709 57.9478 44.4004 146.2828 25.0681 26.6338 182.4163 25.1123 46.4389 100.7606 183.1825 178.8243 18.7799 86.4763 173.3675 36.2728 154.6262 135.3419 48.7946 147.9625 57.2881 21.3372 60.0246 118.1595 111.1637 171.8808 159.8367 36.5609 196.8016 126.7438 174.9093 127.6290 76.2491 186.7627 186.2987 74.2674 90.6745 117.5592 85.2556 11.8939 110.9068 67.0922 122.1906 168.2120 208.3464 70.2661 104.0226 117.6958 150.9472 93.1755 60.2152 19.9679 165.3499 104.4125 150.9028 112.7485 47.7153 256.1475 106.6604 96.8489 101.1719 149.0349 31.3000 97.6768 115.2086 97.0972 146.9903 150.7885 98.3807 132.4738 73.4655 61.0736 91.9512 125.2346 91.5398 102.6221 86.2456 85.8480 142.3949 145.2979 40.8738 118.5491 236.7457 95.1348 137.1636 128.0371 139.0635 156.8662 84.6535 131.6507 195.8201 47.1203 241.8219 182.2906 47.5686 61.9715 90.8411 132.0232 38.5680 48.5210 145.3857 54.0054 107.8739 109.6645 138.8067 84.1447 213.5820 41.8867 122.7463 88.7666 151.9758 71.7678 177.3737 187.5000 86.5085 126.2127 76.1964 187.5086 104.4321 83.0928 213.6827 64.0115 167.9754 16.2535 114.4237 59.7410 113.6631 122.9413 98.2041 108.3256 127.1290 226.0941 151.0424 130.9799 135.2543 108.1534 201.3359 58.7377 95.7063 128.4018 84.0853 131.7743 38.1590 74.1727 75.1211 206.6323 23.0898 89.3801 161.0366 167.3784 16.9722 211.1651 171.8204 145.1825 171.3797 51.7401 108.6598 133.7075 167.3771 33.4316 0.3138 139.0975 121.6109 64.4889 101.5852 134.3322 194.1080 197.0363 80.3573 103.3736
192.0858 107.0542 144.4557 106.9474 112.8911 145.6376 216.2995 180.6216 81.1313 160.8933 24.4842 124.5117 124.5172 118.6420 97.2285 107.9721 16.9947 93.8926 116.7052 81.3483 168.0530 0.0000 110.4806 58.8745 131.0283 148.7355 22.9918 132.4043 82.9491 163.2093 125.0256 133.1249 46.2744 105.5014 19.0672 116.4242 79.6749 62.9890 69.3194 152.8553 122.6113 205.1562 102.7269 161.9478 27.9463 6.8437 33.5771 136.5025 2.1090 142.4438 122.5740 33.8407 191.5600 52.4216 110.7211 108.5290 39.3990 173.2002 184.3354 147.1250 113.4421 177.1878 85.6428 105.8558 94.7973 196.6083 194.6867 81.0242 93.3175 131.2532 173.1535 95.1440 118.9879 87.0691 28.3266 128.7180 65.5363 62.3302 63.5254 109.3429 12.8250 108.2535 65.7433 73.9457 19.3438 10.5246 37.4005 121.0787 54.8340 133.4021 177.1687 179.0359 132.3436 165.9394 132.9066 62.8678 104.8149 171.7784 115.8788 80.0229 92.5512 74.8409 53.8144 46.8555 65.3829 190.6623 113.9933 94.9395 99.0640 67.3232 10.0230 106.0317 70.8171 190.3928 30.4177 106.1826 104.5277 86.2414 148.4735 62.2630 87.3482 131.5762 154.9511 107.3473 32.6564 188.4901 111.9568 150.6219 75.8839 72.4364 62.1796 70.4806 65.9432 23.1592 51.4020 108.8034 53.5704 122.6222 82.9976 123.0393 30.4774 135.4516 98.5263 180.7440 65.3064 99.3857 238.5774 72.9729 97.9090 187.5192 23.2740 243.7807 75.8500 206.8293 1.1987 143.8428 117.5941 132.8943 7.3263 10.1610 89.1538 120.2172 111.7297 98.0459 128.7463 37.7723 84.7586 1.2625 66.5374 138.7957 144.3669 41.6181 143.4588 41.0281 55.4041 87.1960 120.5854 203.3655 174.4312 12.3367 143.8059 223.2690 138.4133 165.4854 158.6864 93.3449 126.5853 118.2955 165.5674 119.8499 82.0402 58.2818 146.1086 90.8560 68.0889 138.0872 166.0294 38.1527 64.8900 138.0829
72.5030 95.8391 164.2134 12.7041 204.5084 219.1902 117.5198 37.4061 64.5750 188.8320 60.8591 133.3288 181.9136 150.7752 52.6522 89.9042 114.4859 98.1791 87.3341 278.8243 163.0804 110.4806 0.0000 28.9073 90.8883 40.3143 87.5804 192.3759 130.2449 140.5760 69.7474 88.5124 142.1629 61.6600 41.0583 259.7656 149.3965 45.2682 104.2889 86.6664 92.9277 157.0941 156.6936 105.1762 16.5539 182.8199 9.4371 189.3150 115.0871 203.1497 52.9940 145.2629 116.9044 160.0448 119.6070 166.6299 145.3111 54.6291 114.5843 160.9748 3.2259 157.2936 86.5969 160.8718 83.8097 80.3086 76.5997 197.1498 200.5299 182.6893 29.8121 119.4513 67.0713 185.4921 121.3551 205.5742 132.4561 99.0305 42.8047 33.5062 99.1722 151.6393 54.6831 103.7479 102.7727 72.8462 145.9166 167.5478 124.9152 130.8978 152.4135 63.1462 109.8119 102.0034 33.6375 56.0449 99.0573 96.7363 108.3161 112.6442 135.6907 186.2307 42.0214 126.9180 143.1845 131.6138 82.2054 69.0011 15.7834 115.4835 71.6842 141.2903 54.5172 98.1354 143.1692 208.5137 76.5454 16.0925 197.1496 81.9265 107.6856 142.1204 227.3445 154.1093 145.0332 87.5391 118.5146 182.5374 243.1053 70.4130 143.9809 181.6312 126.7446 164.6879 98.1929 94.2377 107.8258 10.1281 21.6729 75.6396 106.0385 51.2339 105.5452 177.7116 138.1649 68.2950 128.4817 85.5004 116.3265 117.2320 176.1462 96.0926 58.4683 168.9986 86.1459 266.5663 121.7899 155.4281 82.5826 23.5202 15.7121 109.3162 95.4075 74.1382 47.4470 102.3277 31.9471 94.7328 128.5337 183.1677 83.3345 40.0378 91.4044 30.2277 41.6696 216.5954 73.5191 79.6095 68.6626 235.9646 24.0137 88.8621 172.6481 118.4537 135.6145 161.2748 165.3504 86.7540 150.8176 98.3063 60.7193 216.8317 124.5209 112.4704 135.8128 114.6097 91.5750 212.5940 143.6258 7.1705
