200
0.0000 106.9682 70.1356 203.2039 134.3456 123.9953 95.6025 42.9804 162.5406 168.4901 184.4630 183.6125 195.7084 125.7659 99.1849 91.5770 125.5260 81.3621 38.9650 26.3872 167.4749 121.6660 189.3465 28.8023 128.3985 51.3928 159.7282 168.5300 35.5482 120.0494 111.2117 233.3261 114.5580 96.2904 50.9762 113.7205 0.8765 80.5143 12.2704 8.4748 111.7566 84.7262 185.9402 47.2416 57.3809 79.7349 138.3820 69.6112 26.4213 218.9250 91.3447 8.1610 30.0659 43.7213 72.8082 126.8207 163.0890 46.4335 84.5942 76.7437 148.1023 137.0217 57.2262 88.8234 27.7870 169.3947 61.2573 12.0412 145.0879 141.3459 104.7541 234.9894 108.4211 108.9942 81.9995 104.2837 127.5061 27.7114 46.8612 16.2299 205.5557 114.1651 147.6298 59.4349 90.6329 117.8644 116.4721 67.3296 134.6348 32.2368 133.9095 25.1102 106.9842 187.1740 105.0112 125.3580 30.4093 128.0109 114.3886 142.8437 100.6042 92.6489 116.1842 189.3189 150.3627 81.6629 108.9834 134.8654 1.4979 99.5216 93.0140 131.9643 110.4919 135.9463 194.8964 72.5607 181.8532 70.7802 183.0531 90.1123 74.1842 153.2568 124.3547 83.9913 23.2953 127.7313 79.5066 136.7341 1.3214 13.1667 87.2219 35.3617 169.5527 57.1187 102.9814 73.3221 95.9715 87.8970 79.6325 7.3064 122.2212 118.5024 153.1794 141.9882 157.3732 117.4323 31.4700 51.4799 67.7483 55.8292 88.9501 106.5957 92.1179 121.2707 176.5698 97.4484 150.2963 135.7410 162.8281 126.1481 37.3671 146.4529 60.5163 119.6075 94.5417 43.6381 149.9644 200.6878 65.6664 66.3920 208.8460 64.9221 42.8444 88.7452 58.1855 177.6613 112.3932 173.4591 125.5349 154.2529 60.2563 136.4008 44.9803 89.3569 181.2896 108.5686 49.9544 78.9485 40.3468 91.6544 48.8189 118.6858 63.5702 145.3727 100.0439 207.0221 139.0920 186.9434 27.9446 124.9271
106.9682 0.0000 99.3765 83.2476 109.4301 189.4129 67.6260 94.0416 72.2551 28.9105 69.5083 26.9863 36.9923 32.1052 76.1494 92.0990 129.4804 102.6679 101.1438 62.3703 133.0720 130.9065 71.8856 55.1514 20.2052 125.1484 220.9304 103.8201 91.6041 176.2254 127.2122 155.7759 127.2812 22.6865 25.8575 87.3310 222.3926 89.8232 97.9356 159.4797 123.6580 163.5649 111.4595 179.9985 105.5851 78.8212 18.7424 148.5914 174.4209 57.1979 106.2917 83.8946 126.6349 157.1691 75.8421 96.2071 170.9370 61.6875 223.2257 116.5598 251.3472 135.9449 41.2235 167.5580 20.4452 74.0838 140.4320 158.4824 176.7352 93.9940 69.3346 147.2743 40.0838 156.8293 94.4213 35.6043 104.6365 101.3051 162.4915 42.9443 234.1107 156.7968 76.1585 45.0986 192.1286 64.0165 232.2853 34.6270 111.6184 116.0783 48.8500 53.1951 112.6420 106.7218 140.5939 32.0473 189.7430 45.4275 100.5073 46.9681 68.2111 108.7612 174.0846 3.4100 34.6622 166.8261 75.4069 134.3760 128.7393 194.3146 51.4237 98.7348 142.6834 65.4422 81.3044 180.9573 191.5577 25.5723 154.5655 67.3476 138.2202 164.3695 81.5010 134.3097 92.9144 103.0419 31.1377 216.5501 113.6841 55.4763 0.3858 35.6105 110.3871 158.6070 52.2435 172.4294 134.7395 141.8741 144.7135 122.4428 105.6095 130.9344 179.0706 151.4977 77.2297 37.0641 272.8665 40.1937 155.7340 130.7448 95.8294 73.1072 91.3907 67.4199 130.5742 128.7068 118.7353 91.0695 118.4825 38.7398 18.2706 33.9758 28.3360 154.2069 29.6399 120.6978 68.1998 79.3758 91.8033 85.7008 148.6264 56.3507 109.0063 67.2852 109.2395 142.5421 61.3619 34.5963 22.7177 95.0123 134.9449 116.5951 212.0308 192.6097 87.2702 118.4940 129.4064 54.4663 112.2076 38.8251 19.1475 79.8426 130.8276 182.1995 151.7245 133.0013 25.3715 138.2903 204.1464 179.2711
70.1356 99.3765 0.0000 113.1538 83.2463 128.3967 128.3791 85.1965 126.0896 167.7819 154.2918 99.2777 200.2419 44.8378 93.7983 76.2682 201.4137 117.7027 55.2554 127.1077 157.8548 108.2159 136.3876 49.8608 116.8880 137.2870 37.5606 174.4723 143.3464 34.3329 6.9713 171.9335 145.3372 105.4583 70.8881 137.0423 12.4913 176.0138 181.8192 25.8561 128.2670 106.9832 189.0827 43.2175 32.6183 131.8218 151.5542 43.2250 178.2001 191.5830 73.5516 52.4807 86.8040 81.1039 233.9550 167.8138 164.2570 193.2847 171.6886 15.8665 161.6015 62.7248 56.4376 260.3545 125.2188 17.4598 55.5867 179.5959 104.7774 145.1842 162.9187 160.4970 109.9354 83.4075 132.7631 73.3313 65.2041 175.9177 139.5451 236.2506 107.1635 91.2973 207.0132 21.5025 141.9611 122.3378 74.8016 165.1880 151.0854 149.2401 181.2599 99.1674 93.6525 92.0160 51.2841 258.7136 101.3980 108.6596 59.5265 82.3201 115.3998 194.7624 120.0891 108.7129 3.8441 73.4125 75.1914 12.7704 188.6139 168.9968 183.4688 224.5639 89.3600 192.5529 31.1188 64.1968 22.7640 133.6022 262.2991 73.2429 93.6279 10.5217 142.4916 204.4328 30.3255 39.9038 114.3884 31.7356 133.5960 152.2741 16.5448 142.7713 98.7769 140.2011 166.9057 184.4250 134.5775 197.3983 127.4979 206.6787 176.7909 95.7010 161.4359 251.0241 125.7283 64.8673 170.7701 54.0446 162.4006 73.0974 138.4803 93.3852 188.4485 37.3485 162.8861 97.6296 174.9037 130.9952 106.2165 68.4343 180.3427 52.7936 59.5300 95.0956 136.0137 75.0392 58.8645 169.5866 122.1064 193.6393 60.3279 86.7754 173.3320 77.1236 43.3616 38.2368 113.7776 150.0835 81.6427 94.3425 85.7297 50.1432 94.3652 75.5118 111.4408 52.4672 15.2928 92.2436 202.6822 181.5618 11.5774 100.6706 120.8649 113.6087 33.4839 71.6897 7.9807 58.3058 111.4547 56.0423
203.2039 83.2476 113.1538 0.0000 138.5822 188.4503 119.7824 69.8827 135.1665 163.8973 65.3638 57.8720 163.9260 61.9811 37.2629 39.0452 51.4743 166.2238 111.5051 0.2873 33.8027 142.0060 52.5156 127.4994 73.5904 75.2797 103.1548 16.0512 70.8967 96.7554 117.3387 125.6312 139.0709 7.1509 122.9483 76.8500 222.8653 100.4737 118.2722 30.3932 105.3923 70.6948 87.5897 28.8242 123.8463 38.5986 56.8831 93.8921 163.3891 148.1238 3.2093 94.8030 66.8078 119.3188 204.1360 99.3997 38.9195 127.7152 97.4715 48.7450 128.1168 78.7996 22.7611 133.5051 190.8589 110.4366 109.8060 110.1990 130.4404 6.7799 142.2328 126.5678 9.3131 127.7567 127.4708 67.7389 125.9536 83.3489 120.0985 119.7688 87.8559 170.5719 112.7815 81.3077 152.5318 121.8070 112.8472 64.9087 27.0030 47.6421 146.9234 158.7043 118.1923 226.8667 127.1503 161.3695 180.4518 66.8485 137.6946 116.3243 64.3201 116.5358 19.1737 161.6245 71.8184 43.1520 55.9414 13.5019 129.3555 66.5241 143.6289 99.8256 182.8496 77.2569 129.9205 63.0178 164.5910 100.8766 79.6879 67.7606 105.3041 189.1739 126.6884 61.5975 41.0021 141.7248 147.4383 21.3904 163.1477 107.1165 82.1286 199.2333 111.5527 94.8472 17.8619 59.4166 140.8686 111.3575 221.4115 2.8400 67.4627 107.3856 127.8831 77.9354 167.1263 8.5870 80.2569 94.3912 78.0969 161.7455 120.5782 130.3443 74.5916 94.4578 117.3197 27.6554 198.3159 123.6665 4.0291 17.4573 47.4573 140.8570 24.3102 207.6953 142.7590 81.2082 67.6003 111.2775 45.2447 96.6596 121.6674 159.4597 96.3972 103.9113 6.1542 11.8304 147.3427 13.8171 200.0446 26.2791 147.7605 148.0622 24.0337 142.8740 55.5046 111.3180 82.0432 158.4984 176.9802 18.7358 131.0514 100.7148 141.9356 46.9958 73.7160 88.1844 21.0971 91.7362 105.4960 83.3738
134.3456 109.4301 83.2463 138.5822 0.0000 155.8472 208.3741 118.1385 142.6376 92.2085 97.2739 132.0458 56.3977 94.4000 92.9193 125.3300 257.3244 39.2258 14.0905 113.4015 101.3612 162.3199 229.6790 175.6448 172.7052 69.5128 76.0211 15.3271 66.5195 236.1402 31.3428 71.0354 144.2719 76.1304 82.2013 48.8553 85.8281 97.2143 143.1310 107.5958 71.4247 166.1905 95.2739 128.6346 282.4948 137.1611 78.3485 52.3831 9.9218 40.4935 140.3417 88.8682 87.3190 16.3115 196.4851 98.5033 68.2614 128.3638 113.2215 83.5208 29.6131 94.1611 120.4081 28.1874 126.8388 40.4071 159.4870 134.7775 133.8043 39.7671 177.4324 16.4346 120.5997 91.2881 97.7812 56.4869 86.3203 63.6008 88.5152 72.5194 114.2270 27.6595 60.5459 168.5329 117.8647 11.2214 121.4021 188.2106 95.8011 114.7042 226.5581 47.8566 116.9865 163.6665 32.9589 50.9398 162.3996 51.8518 55.5750 235.0089 86.4823 24.0774 93.5302 59.8592 27.8588 78.3802 0.3325 104.9108 146.3681 167.2310 61.5162 0.5221 127.7878 147.2065 30.5702 114.9662 127.9128 50.0779 106.7583 100.6990 143.3346 133.8511 77.7112 141.0208 126.1351 138.1591 75.1875 104.0653 163.1383 34.9414 54.2674 82.6461 47.2159 73.2130 115.7755 23.8448 160.9477 121.4908 15.1289 90.8071 96.9857 44.0061 43.2351 166.0367 43.4958 75.9520 55.3893 65.3140 134.6770 71.3736 23.5034 93.2050 33.2140 53.9138 43.7602 38.5417 38.9013 190.2910 176.1913 194.9865 94.2600 58.7262 116.7938 156.4155 40.9575 46.0780 81.5004 200.9271 143.0275 121.9252 110.5035 141.8156 111.9037 162.2646 96.6123 82.2550 152.7954 81.1662 136.7826 54.2158 84.7115 108.7749 168.6366 132.3979 91.0568 110.9558 94.0295 92.8737 106.0292 168.1303 94.4749 74.8658 168.9715 92.2611 147.6697 147.2187 31.1615 58.6969 115.5008 20.9306
123.9953 189.4129 128.3967 188.4503 155.8472 0.0000 127.4340 86.7354 199.7136 89.7699 0.9532 34.8055 165.8415 92.0381 81.5733 157.6901 107.0219 141.8016 60.2354 80.1965 122.8206 84.3980 108.4295 168.8483 49.5385 162.3736 118.5115 111.3626 74.4904 82.1821 114.8075 70.6510 121.2647 58.2422 140.0269 98.0146 9.7613 58.3934 9.9653 101.3128 116.0747 44.6383 85.1946 147.7360 54.0228 44.0012 52.3502 81.9819 48.2242 139.6594 132.0030 55.5778 158.9653 88.0125 86.8538 101.8979 107.7588 63.5169 146.1255 165.9691 120.5444 105.3473 180.6686 67.5842 174.0010 42.0287 93.4553 155.8654 98.8586 106.5300 107.1144 173.5788 105.5366 147.5258 125.8633 86.8027 129.1021 94.3803 128.7965 62.7028 68.1025 60.2606 9.2386 108.6933 138.3887 97.2674 136.8904 140.2222 11.4567 156.0931 137.0934 142.2275 21.3437 196.8494 103.5423 129.9990 46.2327 74.6275 9.8579 26.6880 81.0546 15.4930 1.5470 97.1629 121.7627 65.0567 154.8596 199.6296 5.4922 51.5767 230.5358 135.3153 142.9521 124.0113 81.8884 36.5289 163.3809 43.0091 141.5161 120.7299 145.4291 80.3038 133.2353 92.0293 78.5363 107.1012 114.6355 178.5255 84.7625 195.2448 134.1776 163.0289 126.3127 133.0638 85.7076 155.0771 130.6576 106.8143 121.4165 42.2747 45.6274 13.4127 101.6359 153.4379 80.3669 38.8547 47.0403 171.2650 127.2860 70.5727 83.2937 120.7549 138.9503 106.9265 83.4982 165.5648 111.9683 179.6684 147.5174 51.2785 130.7191 94.2294 177.5293 158.9546 169.5722 175.6721 110.4931 201.7668 75.1035 97.8685 120.1507 115.7637 141.1770 108.1562 66.3799 119.2252 112.2919 203.9699 134.2743 90.6382 93.0029 63.8073 93.5865 27.8251 62.6709 70.3962 15.2752 118.6604 107.7628 219.4304 151.7843 65.2033 117.8301 144.1410 102.4349 146.3308 190.7077 195.6223 127.8408 161.2872
95.6025 67.6260 128.3791 119.7824 208.3741 127.4340 0.0000 51.3722 99.1075 66.7696 121.7313 145.1601 227.1197 78.6296 32.2066 119.1068 49.2394 91.9510 65.7034 16.1029 82.6755 148.0060 97.1701 146.7122 143.8902 124.7021 78.9762 88.4064 95.7951 157.6786 44.3299 40.5021 45.2983 129.0675 154.8834 118.7739 103.5622 69.5822 144.9521 146.1822 94.9122 81.0621 73.1423 193.1276 102.0011 126.6097 179.8882 64.7963 155.4448 94.6462 70.4704 106.4619 182.4150 74.4384 87.2004 175.3221 45.4906 125.7206 142.5271 75.4748 160.6805 146.6359 145.4608 97.1032 86.0849 144.0471 45.0210 122.3251 102.5437 101.4372 19.8226 38.8567 118.9373 205.5770 85.6197 179.8135 78.9995 89.7076 75.5244 138.9138 59.1500 24.9296 206.0739 137.2679 24.4713 126.6117 144.0950 129.0231 98.4972 50.5185 48.8376 143.4483 126.1724 58.0066 96.4541 85.5817 120.4510 83.5653 139.3860 36.6697 83.3116 6.4207 175.6012 167.2992 191.8073 75.9946 118.3708 105.8477 20.0378 140.6272 174.5792 31.6769 188.5093 65.2901 34.3148 178.9916 125.4735 248.2672 59.1443 167.7518 243.8405 136.6620 50.2300 85.7305 13.4022 126.7649 169.0362 97.0618 134.0599 105.7946 36.3599 194.2272 18.5309 174.4451 151.0881 111.7928 129.6789 152.6504 57.5727 62.6197 16.6627 209.0189 199.8322 85.9555 49.7286 160.4330 172.9402 69.5729 80.5855 122.0957 144.2728 67.3562 147.1618 142.1593 136.3772 111.9485 135.7204 99.5658 39.0944 28.3207 148.1689 127.2855 87.5733 109.3903 181.6188 34.7599 104.9507 46.1831 152.8792 51.5680 68.3788 2.1167 187.5958 188.2420 59.8558 73.7202 169.4393 218.8667 142.3742 133.3819 112.5438 111.9569 177.8508 165.8095 119.5942 85.0348 82.9282 161.2502 178.7646 16.6035 80.9285 210.7841 42.5014 21.2801 32.7972 128.7124 16.1872 71.0208 148.4835 50.0966
42.9804 94.0416 85.1965 69.8827 118.1385 86.7354 51.3722 0.0000 76.1251 47.5022 185.5970 146.0407 182.2071 219.2970 75.3470 89.5956 82.6751 30.3495 130.2324 159.8079 190.2058 122.0389 37.0090 98.0957 195.3556 115.8842 2.6489 29.6669 73.5061 171.1805 110.4530 159.4858 252.5508 31.7254 93.8906 52.3260 127.6104 96.8376 200.2252 128.7785 170.7173 88.4287 121.9415 124.8030 115.7888 71.9774 99.5117 54.1201 163.3004 94.5917 109.1151 82.4379 113.3175 65.7685 13.9770 179.2457 162.3065 161.1770 73.1628 83.6644 94.6213 119.7419 165.4194 139.3112 131.0515 94.7794 61.7058 163.4238 212.5728 73.8397 103.6921 86.3331 6.6505 97.1859 89.5253 60.9687 84.8469 186.9246 145.5023 158.1366 124.4012 34.2624 89.3005 45.3198 91.9847 24.2349 89.0781 76.7513 82.3082 126.2913 147.4473 48.8768 144.3472 128.6440 117.9349 42.6301 81.5741 210.9269 149.8192 255.4341 64.8708 134.2696 16.1637 26.1408 186.1034 29.4155 184.0397 100.1435 151.8411 97.3999 82.0369 133.9369 144.6683 119.1951 213.1740 184.5904 53.2261 141.7468 192.5868 161.9590 91.8631 148.8385 124.6332 152.9100 53.0374 196.7150 94.5738 39.5708 162.0710 117.7491 107.4704 114.8778 25.7664 79.5149 93.6587 71.6822 182.5313 81.6828 119.1576 57.5714 77.2910 210.1267 93.8291 108.5962 172.7640 11.9405 34.9296 141.0041 35.0978 95.5857 172.9839 70.7132 149.1455 280.4898 75.9769 112.9498 190.6852 135.4598 66.8137 132.9404 172.9833 197.5398 99.0528 153.6424 151.1323 93.4250 150.5542 28.5918 29.9593 62.4937 153.1058 51.0954 109.3465 55.0591 46.1763 29.0070 156.8896 172.2969 115.9876 165.1376 85.1610 35.1023 61.7895 54.0757 35.9031 151.0453 195.3395 111.7109 46.6153 178.7030 83.1933 67.1379 48.5526 68.4658 99.4210 153.0649 114.9235 120.6236 160.5696 86.3668
162.5406 72.2551 126.0896 135.1665 142.6376 199.7136 99.1075 76.1251 0.0000 185.2660 133.5407 40.3953 89.7289 207.9040 63.2852 81.0314 178.2894 157.9875 199.2173 178.0361 130.2357 184.9519 122.6784 256.5847 37.4177 8.8165 117.4450 76.6111 101.8681 70.3970 112.5251 81.6783 66.5914 87.7393 61.5678 83.1594 65.1208 17.1457 147.8747 17.5661 87.8020 194.2398 41.3363 99.1830 57.2049 100.2478 114.5695 95.5251 142.2850 148.1444 102.1861 127.1769 132.2302 152.7542 88.8748 8.6970 81.8534 12.7554 55.7308 218.4685 123.4247 98.4508 67.4621 62.6173 78.3526 125.2717 215.4124 121.2495 103.6054 137.2573 27.4484 95.5399 99.9790 114.2311 145.0188 84.8281 75.9119 133.3711 163.6563 93.5244 118.5993 105.3726 52.0999 130.8125 40.9280 26.6125 188.2697 22.1578 53.1880 49.9751 121.3914 186.9322 192.4490 150.3391 117.2022 80.1103 103.6643 73.6733 135.3825 104.8029 66.2362 29.6918 57.9436 69.5435 4.6782 40.8790 111.1858 92.6292 22.5021 123.7444 8.1455 6.9970 114.2058 24.7995 98.4142 56.6215 127.7171 121.7523 112.5913 203.6756 61.3141 47.6983 21.5287 115.8542 167.1086 40.6043 55.5131 125.0491 168.0287 50.6110 129.4601 69.6618 115.7129 95.5782 106.9290 21.5937 151.0734 138.0580 5.3543 227.8638 5.4907 84.7139 146.2227 77.2002 86.6784 73.9419 84.2154 64.3186 137.0620 14.8362 134.4170 107.0573 111.4098 59.6683 135.5378 71.3142 96.2906 113.0027 89.0208 127.0077 67.9769 56.9993 227.1636 88.0695 41.0068 229.7083 133.6443 98.3607 222.7417 159.9345 137.2712 140.6481 69.3005 192.9494 76.2193 46.9634 32.6879 158.2933 158.9725 225.3886 8.1923 138.6025 125.1652 86.9181 81.6193 98.1025 216.4693 100.1384 188.2559 105.5444 176.5020 68.6712 113.3393 66.1320 112.2150 101.8388 69.0149 85.5368 114.6943 117.6467
168.4901 28.9105 167.7819 163.8973 92.2085 89.7699 66.7696 47.5022 185.2660 0.0000 198.9256 119.1407 19.9339 89.1469 58.3221 75.8478 178.9002 161.9422 98.8206 92.9578 100.2826 96.5885 150.9842 115.9803 22.2714 57.0100 75.1858 129.2462 109.8388 77.3960 56.0638 180.5021 90.5857 141.5486 149.5902 92.8935 63.2642 5.8990 108.3737 33.6862 101.7742 24.8603 30.2855 53.4598 29.2587 180.4858 202.1476 204.4223 222.5361 73.0964 212.6842 98.4410 230.6606 87.5228 81.4256 94.9280 92.2824 16.4092 99.6379 76.7819 19.0261 200.1069 74.0370 179.3391 94.3556 34.7660 78.9498 171.6136 126.7941 85.8481 76.0302 191.4766 171.1563 33.4512 189.8139 124.2161 118.4481 49.7619 43.3748 22.6838 175.8490 170.7731 201.8724 65.1691 109.7602 66.6513 124.3872 116.0313 66.7190 80.2875 118.9380 89.9973 141.3090 107.6431 141.6072 96.5239 75.0017 151.5056 181.8424 145.3983 101.4573 105.4321 66.3388 178.9296 170.0403 59.2638 167.4924 36.4310 110.4116 69.3268 103.9984 140.7189 50.9858 117.1115 37.9891 108.4655 122.7154 92.0776 105.2807 90.6551 88.8055 111.5483 98.5689 102.5031 74.1831 169.0108 144.9222 117.5123 130.7269 68.2796 144.7717 165.3955 10.7740 141.5248 133.0393 154.3684 65.4948 190.1792 15.3487 88.6692 97.8567 152.1407 127.3639 16.7064 124.7104 172.5307 158.7754 10.4475 18.4518 104.2423 102.7750 173.8858 101.0400 121.4100 99.0329 67.7677 36.9223 71.9737 142.9983 133.7832 97.1536 120.6350 147.7293 91.7996 59.6156 82.7032 42.5512 40.7653 100.8831 61.1725 19.0650 94.1312 201.0823 182.2201 206.7976 132.3467 105.7295 236.0110 167.8813 30.8191 189.3033 117.7606 156.2265 121.2372 57.4020 129.8559 55.9386 192.5079 130.2280 212.6543 187.9898 41.2662 89.0954 61.2111 126.5700 135.2884 32.3963 93.3666 194.1159 72.9776
184.4630 69.5083 154.2918 65.3638 97.2739 0.9532 121.7313 185.5970 133.5407 198.9256 0.0000 37.1960 136.0581 101.6525 153.5927 130.0705 66.4948 193.2537 134.7716 138.2960 100.6049 40.9502 44.7562 158.1852 150.8288 66.5135 143.5772 54.4769 71.6480 74.4952 199.4586 87.3034 176.2416 155.1382 118.2801 111.8426 173.3639 97.2806 8.6796 46.6010 150.8546 23.5531 91.3656 154.2184 28.5673 95.6397 164.0876 26.9221 28.0004 129.0313 58.7842 191.0410 74.4653 127.6654 117.0657 148.4298 146.0740 197.7089 98.6419 184.1460 114.7756 92.1087 179.3178 89.0560 97.5598 58.8746 77.2746 155.3233 94.6481 144.5506 88.2362 108.6652 130.4188 139.3749 71.8705 68.3023 77.0979 86.5153 73.7374 70.4940 199.1869 177.6393 156.6420 18.7899 53.9159 109.5026 154.8446 18.4267 97.3401 82.7341 166.7989 70.1435 110.9084 131.4128 135.6329 120.1281 46.0391 135.2429 167.6987 68.1914 37.1429 122.7133 85.4519 72.2423 38.1719 70.5681 12.3625 54.1816 68.0793 182.6184 78.7373 151.0001 51.6507 0.9134 184.2372 95.6406 60.7531 128.5046 143.3750 160.1725 76.8568 66.4635 38.0981 133.0580 74.4132 100.6862 57.4564 103.5693 70.0013 112.4574 150.8205 58.6708 128.7141 76.6674 17.7200 121.7032 130.1714 129.0832 65.9968 52.0915 39.5279 78.0143 18.9306 174.1232 147.1143 80.7315 45.9229 46.8338 115.6732 76.8992 114.3902 22.7981 122.0778 41.9404 190.3470 126.8535 82.2925 46.1967 111.8970 144.6584 177.3540 45.1411 201.5442 118.2392 20.9515 88.5761 132.7474 94.6295 182.0966 61.6648 75.2180 234.3199 174.0610 0.4204 40.4804 189.2458 133.8940 75.1925 86.9366 79.3130 8.8504 128.7894 49.1515 55.1215 175.5953 182.7711 200.1080 130.4563 44.3659 132.6193 71.7127 155.5817 12.5506 148.9247 19.4923 57.8962 100.9076 61.2687 75.1408 101.4669
183.6125 26.9863 99.2777 57.8720 132.0458 34.8055 145.1601 146.0407 40.3953 119.1407 37.1960 0.0000 112.1552 101.0339 49.5040 127.0548 86.8568 50.7060 49.8488 145.5876 88.3359 178.3615 134.4081 249.6354 129.3274 153.5322 132.7356 117.4128 195.7311 59.8345 110.1590 129.7091 88.4359 124.9371 17.3803 89.1852 94.6977 10.8998 137.2240 104.0661 121.5132 64.3977 181.6961 94.3115 96.1214 216.8398 148.7272 61.9006 64.8502 147.7022 107.1854 53.0417 78.4477 112.3042 145.9049 26.1437 37.4518 225.8647 68.7376 131.1141 72.3504 72.0988 172.4103 69.1828 104.0858 99.4899 45.4256 83.8184 104.9180 120.9517 92.4723 81.8955 130.4137 166.0687 112.8414 182.7904 103.9217 166.5422 173.8890 96.5006 100.4022 85.6223 158.3608 94.4124 176.3612 115.6705 271.2549 42.2405 60.2901 110.1436 70.7308 145.9343 136.2353 74.9492 70.1310 62.6057 76.9838 107.5106 148.9709 44.0608 49.9016 23.5097 105.0826 121.3575 76.7577 128.9049 49.7064 149.9103 115.1199 196.1219 7.2484 20.9461 199.5542 59.4689 159.3021 153.8758 89.5838 31.4089 184.1103 67.6521 202.6886 87.1921 142.3899 129.3881 13.7297 151.4308 104.0230 124.5333 226.5647 72.8200 178.6369 98.9069 95.9411 174.6670 148.3624 117.0437 29.9525 99.0509 39.7256 161.5894 1.0035 96.9575 97.7223 4.6109 49.6377 22.2901 208.6229 134.9976 32.7036 162.4863 115.1684 46.2954 217.3503 141.7482 43.5645 66.2860 47.6315 132.9625 34.5358 184.1595 137.8931 84.0433 166.0761 67.9274 112.7254 48.3643 214.7994 139.8444 192.6673 117.5743 148.1601 37.8657 75.6841 78.0478 156.9571 164.7175 30.7702 74.8920 152.7500 165.1403 132.5834 182.1077 113.4091 180.7588 189.4850 79.8917 83.8070 129.3113 177.7870 123.7366 97.7055 93.4427 232.3717 60.7867 102.1298 74.3348 14.5596 195.1121 68.4299 88.3885
195.7084 36.9923 200.2419 163.9260 56.3977 165.8415 227.1197 182.2071 89.7289 19.9339 136.0581 112.1552 0.0000 128.4530 94.8956 118.8417 117.2792 110.6594 131.7046 262.7999 189.1663 107.2784 44.7036 91.5368 175.2914 47.1773 100.0235 220.6135 169.1376 43.2223 166.9288 12.1993 80.7341 155.0375 98.2126 56.7656 125.8665 76.6397 56.1444 164.9045 55.4290 172.6350 46.5719 164.5386 116.9497 132.4183 79.5395 52.9572 126.5156 85.3129 108.0549 82.3474 173.8266 65.5247 79.5085 117.9769 72.2208 223.9393 89.4471 153.1500 111.3724 137.0567 114.2747 172.7489 108.1943 118.5093 83.3293 91.9490 87.2720 43.3499 41.5888 17.3490 89.7219 91.0070 201.4628 196.5784 112.3002 90.6421 106.7012 49.6916 69.4649 72.4328 29.2736 48.5968 28.5402 130.8296 62.3126 60.7879 120.2468 105.1706 243.1888 46.4239 110.4327 112.3648 116.3304 87.6743 93.0741 101.2193 52.5303 104.1519 180.6652 156.4006 57.1815 285.2572 39.0479 133.8817 176.8579 92.3871 134.1007 103.3573 2.3723 66.1656 132.0900 52.5661 101.1458 86.3609 103.4902 37.3698 148.7243 91.2276 169.3809 103.7864 71.9195 132.2937 89.3737 94.4577 106.4789 102.9016 92.0937 42.4381 163.0557 99.1445 116.1412 110.5043 45.2200 113.7760 25.5706 78.2784 96.5629 200.9424 150.1582 35.9977 132.5654 78.4661 110.6380 168.3563 54.9732 98.6575 53.4446 209.8766 80.0868 93.5120 211.9653 73.5544 142.0005 52.1388 94.3719 81.7681 156.6685 155.0882 72.7691 90.5873 52.1295 216.0120 62.5606 138.2384 53.7526 190.1398 139.4436 157.7957 152.7453 119.9356 34.7456 24.6403 230.7456 93.2225 119.3563 106.8443 166.8167 123.9801 113.6915 150.9719 192.6630 139.3380 36.0040 71.5409 92.9720 126.6727 50.0691 193.5214 71.7053 218.2717 152.9403 128.6362 150.2813 154.7721 161.2952 95.5379 103.8733 29.3153
125.7659 32.1052 44.8378 61.9811 94.4000 92.0381 78.6296 219.2970 207.9040 89.1469 101.6525 101.0339 128.4530 0.0000 64.0521 128.2928 134.8324 108.8094 87.1543 66.8662 117.0167 138.9361 129.3167 95.4322 24.1402 126.1174 167.9067 22.3752 192.8971 70.3309 86.0149 133.8892 99.6063 108.2297 184.3100 100.6341 29.4723 70.4585 186.0750 153.2645 159.0693 160.0121 23.5445 183.2829 159.6187 111.7398 116.0025 116.4066 69.9638 116.8973 118.0359 42.5214 62.4276 108.1864 153.3664 37.3369 117.1189 78.1648 126.7344 149.5408 43.5400 80.9376 106.8745 140.5101 129.5477 91.3340 142.4136 36.0198 236.1003 216.8460 96.8685 60.3744 125.7405 11.0673 153.0966 77.7217 76.2794 132.6103 177.5885 63.7757 111.8920 126.1191 162.0075 88.4697 157.6274 212.3695 126.1929 80.7714 219.2113 126.4488 131.9721 63.9658 135.3048 161.0698 68.6008 204.0616 100.4518 10.3983 59.6504 212.6052 213.7419 181.6237 168.5823 120.9695 131.1987 56.5447 113.1339 123.0822 133.3536 100.6167 52.8910 127.7554 2.2585 22.9420 125.9564 51.8039 54.2057 161.1324 101.3122 132.7693 67.3982 64.3033 97.6911 80.8149 125.8017 152.2345 153.1241 150.4245 132.7254 128.0750 120.4352 85.4115 103.4342 106.6293 25.4239 98.9896 32.0844 78.2195 186.1540 34.7846 186.0463 82.5411 30.1829 126.5865 116.3378 140.5240 81.9854 128.3361 53.0148 150.1220 107.8813 81.9519 112.1597 112.4447 133.7861 104.3310 43.5790 35.7965 133.0564 197.0388 52.6503 89.8702 75.2513 42.1924 279.5246 19.9944 36.0224 146.7771 154.3688 15.1483 73.5167 15.2363 50.6969 152.2081 94.4382 95.9025 167.9925 68.2306 163.8343 115.1492 125.0855 76.1937 115.7255 26.9902 116.0635 52.1304 110.2680 229.8752 191.6271 132.2853 90.5845 21.1580 115.2780 263.4893 93.0453 82.3238 174.6225 85.0922 243.8273 61.9258
99.1849 76.1494 93.7983 37.2629 92.9193 81.5733 32.2066 75.3470 63.2852 58.3221 153.5927 49.5040 94.8956 64.0521 0.0000 58.9196 29.0050 130.9874 202.6991 19.3724 105.0053 50.3418 231.3493 162.5376 125.4760 179.6296 157.1153 197.8280 70.2124 149.4148 157.5339 114.9065 147.7261 105.9199 98.6890 105.8759 107.8165 18.5173 61.5051 205.6368 57.8887 43.8431 197.1266 69.9826 133.9031 195.9727 172.4804 4.1474 218.3564 133.6913 61.9073 134.2460 149.4934 115.4141 224.0118 64.3625 104.0520 212.3913 115.6996 137.6816 170.3787 73.1858 99.1002 30.1851 173.0177 159.2025 83.8170 217.0138 16.9828 89.9066 144.4509 126.3394 51.3532 138.8082 199.0874 58.7888 50.7603 134.2859 147.5647 79.0910 99.5357 57.3504 106.3194 139.9742 103.9287 116.2488 44.9430 10.2637 175.8513 85.1527 112.4283 52.0371 100.8600 77.4101 190.0242 75.1194 108.2628 41.5277 112.1495 46.5086 74.2249 63.4624 32.6950 89.5377 138.1957 31.3326 147.0975 153.0168 72.5402 28.3386 100.1799 130.7910 178.4350 91.9395 120.1394 136.7088 50.0817 73.0162 97.7051 100.5969 120.8772 66.7772 71.4432 174.9650 191.2615 66.9439 170.0068 119.6589 35.7378 45.7034 34.0512 119.2301 118.8066 147.1939 231.3951 130.3399 149.7366 135.3761 54.3656 123.5261 6.5079 4.7253 73.7575 86.2129 98.8230 18.9851 91.9675 122.8088 181.6614 76.7172 141.8183 84.2018 156.9602 66.9876 44.1717 135.9634 258.0897 108.6054 182.9027 87.0564 44.8950 84.8593 260.8253 119.1678 137.7012 93.9961 38.0248 167.4842 157.8492 216.3419 91.6492 143.9841 18.2236 166.3383 91.7330 164.7238 86.7968 37.0880 68.3194 133.8179 127.9622 153.3078 74.1451 119.3253 161.5849 68.6649 122.9851 3.3863 131.8190 164.5478 175.2483 22.8045 173.1956 171.2694 152.5406 139.8383 128.3611 109.8317 184.1919 231.9640
91.5770 92.0990 76.2682 39.0452 125.3300 157.6901 119.1068 89.5956 81.0314 75.8478 130.0705 127.0548 118.8417 128.2928 58.9196 0.0000 96.7535 110.0807 72.3530 91.8176 168.1896 201.3687 138.6187 75.5814 112.7582 172.4582 55.5431 23.1766 78.9109 175.8987 10.9619 112.2419 82.0684 80.8496 2.1761 123.8579 127.2784 185.2913 120.1277 45.7477 76.2769 93.0850 218.6758 68.6810 223.4324 80.2351 126.2008 201.7488 93.9352 171.4743 140.0753 90.9226 101.5239 44.4059 91.0562 66.4739 78.7945 93.0796 218.3208 153.3151 165.7642 102.6086 174.9142 129.7110 153.1225 159.2811 147.9441 139.6716 99.5132 140.9745 7.1711 153.4836 79.9579 136.0139 80.7130 153.9018 146.6122 79.8471 7.4978 137.0475 63.6746 136.1448 73.6240 82.5963 133.7007 114.1430 94.8991 113.5798 276.2575 120.0471 94.4693 169.7867 48.1693 165.7750 138.8363 83.7020 200.4870 180.3743 25.8141 56.7085 57.8437 114.7653 100.8112 232.5048 156.8193 151.2761 139.6154 87.3215 38.4163 87.2710 191.7292 60.7650 182.1703 155.9052 66.8225 89.2532 117.9253 207.3448 188.8792 155.4588 158.0343 124.2273 110.4863 122.4136 62.7084 54.0134 3.4872 16.1892 58.7963 101.6024 148.2427 55.7576 156.9978 173.6522 106.4355 171.6681 128.9450 71.1297 148.7880 106.1488 177.5125 61.1584 106.6624 118.1961 114.1801 138.6778 119.7457 143.6194 148.9522 114.4944 66.8348 68.9554 83.7077 54.4148 145.8022 107.1113 145.5698 142.7118 119.9393 156.9887 38.8421 70.8974 86.6696 60.1033 169.7587 123.3055 18.3730 176.7344 16.6186 140.0224 54.9701 39.5650 18.4183 26.7142 112.4366 35.2441 65.8016 74.0545 244.2539 121.8690 126.3558 121.2633 47.6276 74.4867 102.3957 65.2067 117.3518 136.1680 146.4587 11.6263 86.6573 74.5934 48.8230 85.5996 142.9535 103.6427 121.7117 189.9336 174.6987 153.6573
125.5260 129.4804 201.4137 51.4743 257.3244 107.0219 49.2394 82.6751 178.2894 178.9002 66.4948 86.8568 117.2792 134.8324 29.0050 96.7535 0.0000 208.0462 39.2984 148.9385 47.3018 134.0311 58.5950 93.5277 58.3015 51.5522 19.9411 133.6718 91.2428 162.3234 113.5685 115.0668 141.5034 184.9094 102.7064 169.7509 57.7630 213.3557 166.7421 200.6895 30.2515 108.5967 118.6434 44.3413 100.0034 96.0312 66.5621 92.8307 41.9867 128.4839 100.3363 82.7419 102.6722 143.7514 54.8118 43.2174 96.9346 23.7912 103.4839 28.7121 128.5133 264.6297 148.6548 125.0941 155.1865 74.2682 194.4169 125.2155 16.9527 128.1168 137.8073 115.6707 189.6001 168.1145 91.6721 225.9636 82.6360 99.4576 86.7739 49.4410 130.9880 111.2608 78.5536 42.0108 134.9170 133.3033 238.7944 148.3812 63.0654 117.3366 96.5668 75.6151 118.8770 212.4564 59.2826 70.2505 104.0931 189.3575 89.4887 65.6521 133.8761 109.2625 86.4955 80.1648 103.2859 130.7587 106.9593 130.3535 180.1095 160.3723 115.0669 125.2565 43.1419 127.9953 99.7831 53.7317 98.5875 91.2744 119.0353 154.2613 63.3728 65.9637 101.1337 90.3688 193.8852 82.0731 93.9823 81.1074 130.6233 181.4880 36.0606 71.6495 122.4700 157.8719 90.3591 68.3431 54.5407 143.3197 98.2725 74.3957 93.2308 65.5096 66.6873 123.3588 220.5699 119.7259 195.5773 75.0004 64.1859 131.6339 208.7821 42.9330 113.8200 103.9240 38.5544 153.5783 65.5590 130.1207 75.0983 103.0877 95.0285 132.4278 120.6332 70.3091 129.2939 47.4933 115.5935 117.3261 163.0882 175.3465 100.4931 40.9200 158.5033 113.5982 37.5646 10.7222 112.6339 152.6265 36.7658 64.5194 33.0033 129.6435 120.5745 119.4709 67.5435 103.1211 39.8743 72.6356 95.4762 131.6719 96.6687 41.0141 17.2872 116.8782 117.5386 109.7822 184.4843 86.1091 179.6826 38.9532
81.3621 102.6679 117.7027 166.2238 39.2258 141.8016 91.9510 30.3495 157.9875 161.9422 193.2537 50.7060 110.6594 108.8094 130.9874 110.0807 208.0462 0.0000 129.3496 57.5225 102.4565 160.9241 58.3351 201.3919 173.0100 133.1320 133.6927 67.4754 78.6668 182.3516 35.6266 155.1022 98.9635 84.4599 35.1313 73.1635 115.3038 30.3394 129.8096 137.6941 100.4808 99.2791 229.5272 118.2923 145.0565 74.2863 69.2880 79.7988 165.8810 91.5896 219.9852 116.3713 76.0144 115.3899 96.2967 40.5072 52.0788 117.8069 35.3883 121.6437 37.5136 87.9401 49.5717 164.1376 110.9155 188.2609 109.8168 45.1323 97.6658 173.1300 63.3105 122.2527 106.6759 180.3457 101.9604 157.3174 111.1144 26.1463 176.9294 98.3431 91.2035 154.3171 129.8646 38.0654 247.1328 150.3356 177.6480 40.1208 31.4083 50.8639 58.9403 68.2951 37.4103 53.8517 63.4397 114.3784 139.0180 71.3336 88.0240 25.2741 127.4553 53.3340 133.7200 117.1390 91.2876 40.6054 126.9370 98.3970 107.6056 170.1871 73.3758 149.8330 149.2142 196.2143 180.8874 63.3418 86.7278 40.6962 140.5839 120.9842 179.7506 142.5852 84.1682 180.6011 140.8604 150.9629 51.3801 88.5590 98.5208 124.6844 253.2863 76.7815 142.1883 82.5519 139.7563 125.2949 66.0853 219.5244 80.8348 80.5016 116.8066 95.3224 37.7092 132.3590 143.4096 147.0992 75.2045 17.8937 106.8867 58.3143 76.5140 132.7319 49.5754 187.6871 156.4667 40.8181 94.1581 173.2662 115.8222 113.3746 75.0731 58.6458 162.9089 75.9202 20.5005 108.4196 151.5031 105.2399 93.6224 157.3255 244.6281 11.7928 37.0188 61.1738 93.1840 78.3267 90.6898 94.2710 126.9012 19.2670 9.2042 170.8922 229.5629 78.9893 102.3135 155.0540 108.8277 146.7059 117.9448 114.4752 141.9836 115.7812 115.7010 91.5177 226.7017 66.6046 75.4064 74.2572 31.8634 93.8693
38.9650 101.1438 55.2554 111.5051 14.0905 60.2354 65.7034 130.2324 199.2173 98.8206 134.7716 49.8488 131.7046 87.1543 202.6991 72.3530 39.2984 129.3496 0.0000 35.3263 249.9908 36.6898 185.6604 71.6133 57.6485 155.7009 155.1619 127.3526 115.9026 164.7107 162.5555 90.5260 95.9866 49.1395 208.9982 99.0044 206.2867 72.9774 74.9453 39.7554 164.9789 27.2216 46.0862 72.5153 100.8897 124.6888 56.8200 64.0191 48.2611 78.9186 50.3984 204.4665 116.0384 89.4521 132.7428 196.5719 54.4654 102.3836 91.5377 107.7341 125.9620 50.4202 47.7046 28.3597 118.3610 49.5594 145.7320 84.0771 69.2503 29.3181 148.0714 30.5440 135.5842 138.8059 18.0850 71.3914 146.3010 122.0575 94.0703 225.2554 70.1123 86.5851 31.5181 130.8486 48.7146 159.7560 90.0868 199.3175 177.3417 167.4179 147.3625 50.3525 132.4949 185.8597 26.3043 113.2668 196.5193 234.4250 137.6923 164.6758 128.0176 121.7741 63.5735 146.6295 70.1400 90.9154 87.1076 59.3898 31.5033 100.8215 102.5173 94.8756 61.7641 141.7682 205.8917 125.6208 48.0363 7.2065 130.9670 79.0680 151.2736 147.0584 140.0569 182.8144 105.5889 92.4643 66.5769 132.0764 64.7827 53.9355 20.4107 15.9432 159.7656 66.7951 62.3076 124.8372 87.3841 39.9385 154.0822 144.3194 202.5194 141.6056 161.3688 149.6369 153.6766 208.8966 101.3579 135.3759 30.9059 110.7719 99.9403 76.3971 215.9486 193.6253 146.5321 67.6237 85.4927 89.6822 74.8535 30.1238 85.6820 73.7503 166.5799 94.6137 95.5373 28.3377 203.8440 160.8012 95.3072 100.1063 172.9412 48.2995 192.2939 63.6234 77.4517 101.6923 195.5129 108.5323 234.1128 169.1132 24.1133 190.7049 62.5933 70.3624 156.1347 30.3208 44.3985 73.3751 161.2095 100.2343 146.6972 38.2270 162.9757 181.3260 150.4812 77.7700 158.1129 39.4537 92.0625 102.1377
26.3872 62.3703 127.1077 0.2873 113.4015 80.1965 16.1029 159.8079 178.0361 92.9578 138.2960 145.5876 262.7999 66.8662 19.3724 91.8176 148.9385 57.5225 35.3263 0.0000 51.9363 124.8982 93.3684 123.0363 119.8691 104.1356 163.4482 135.7403 66.8266 217.3431 223.3040 12.1925 131.6289 144.8447 130.6581 156.6348 197.4487 125.6070 32.4091 73.4768 143.7799 139.5822 136.6402 174.0534 154.3932 84.7679 153.1320 75.7172 112.3164 119.1087 171.3113 13.1425 80.3872 104.8645 20.9741 16.2863 10.5283 16.9634 71.0120 82.2938 82.1736 119.3712 113.1116 46.6868 160.7726 155.7248 44.5471 47.5488 11.3302 79.2279 181.8966 73.4439 75.0379 95.5846 155.3234 189.7717 64.9422 173.0172 154.4669 66.2023 98.2657 63.2764 121.2056 62.6973 59.3396 83.3970 68.5905 89.6657 106.2262 98.1757 77.7368 72.8183 73.3517 120.0929 72.3327 105.6407 152.2148 139.2034 120.5284 173.7776 199.5178 40.8532 128.7485 51.0916 80.1394 155.0405 38.4224 78.5880 131.1931 58.3492 133.0750 147.0310 69.3162 36.9941 151.7915 49.4173 192.4332 93.1222 89.9391 96.1243 106.3648 35.3013 58.6297 3.4954 83.3869 115.4363 191.7418 49.1701 70.5205 168.2323 93.0191 77.4006 102.4623 114.3733 30.4243 130.6459 110.3456 13.2039 107.0741 177.3852 109.9926 158.7161 98.2833 104.5822 62.8969 53.7501 161.8867 59.9593 138.7175 110.7330 252.9996 165.0282 165.3652 65.9553 120.3576 24.3252 1.6772 138.4953 152.4225 65.4311 75.2843 114.9165 70.4009 93.1853 162.8247 0.7431 164.1204 188.3233 71.6174 116.2172 90.5732 24.3836 104.1146 138.3102 182.0252 107.1042 151.6542 135.0188 83.6002 262.7236 134.2438 165.2744 81.4952 11.0182 98.4464 164.7825 28.8433 8.7908 121.5321 142.1399 89.2872 73.2771 17.3528 143.1434 55.8956 28.1398 214.9859 156.5190 49.4035 37.2625
167.4749 133.0720 157.8548 33.8027 101.3612 122.8206 82.6755 190.2058 130.2357 100.2826 100.6049 88.3359 189.1663 117.0167 105.0053 168.1896 47.3018 102.4565 249.9908 51.9363 0.0000 131.1295 48.3555 162.9331 156.3876 127.7555 179.0178 146.5810 114.1788 71.7711 102.3251 94.7577 74.8609 34.0727 107.4080 41.7358 0.5995 92.9042 94.3973 44.2518 76.6440 46.4147 85.8129 97.0804 123.6481 125.2669 186.7475 4.1485 129.5200 151.0742 150.0121 244.3922 207.8664 4.1213 137.4473 109.8510 25.1011 103.9424 16.5237 71.9513 164.2721 31.5635 103.3967 65.2673 43.5855 86.4563 115.0908 57.0519 107.2373 136.9198 150.5389 27.1506 42.1485 97.4717 69.9358 3.9039 143.7265 183.6978 78.8475 93.7031 89.5145 161.0935 103.5477 40.4400 84.0745 90.1183 168.8749 77.8296 78.4019 91.2095 69.7543 45.8125 173.0138 150.1002 99.4218 102.9601 161.5651 158.2160 139.2676 73.2544 115.4282 19.6024 48.3016 114.3801 159.7789 117.5417 156.4221 77.4124 191.0139 66.4300 31.1173 85.7865 73.5720 122.2891 47.8272 117.6768 47.0508 81.1647 192.3681 71.5347 13.1793 166.3481 0.1138 13.5292 59.6673 128.6656 180.7537 13.6094 93.6562 88.0453 56.9616 48.6022 251.8738 99.2242 125.9447 112.6148 91.0793 206.4406 103.8890 119.8677 72.9193 22.5104 77.2858 38.8024 92.6253 164.0119 109.0520 16.7100 119.3666 181.8849 183.3789 60.8235 187.1954 198.5301 194.9391 187.2117 86.3655 115.5272 169.5493 171.4225 78.2123 83.3174 184.2955 92.3805 164.4864 57.2958 3.6397 60.9323 184.3715 165.2401 112.0387 73.5528 154.0046 149.1424 41.6775 95.0606 49.1159 132.3604 101.0721 67.6741 95.4831 84.8995 183.9741 80.8982 92.8300 114.5183 170.0891 89.7551 172.0139 35.1569 140.8740 180.5841 86.1728 154.1854 105.8383 145.7905 133.2687 107.9649 143.3259 68.5404
121.6660 130.9065 108.2159 142.0060 162.3199 84.3980 148.0060 122.0389 184.9519 96.5885 40.9502 178.3615 107.2784 138.9361 50.3418 201.3687 134.0311 160.9241 36.6898 124.8982 131.1295 0.0000 7.1569 83.7824 142.8542 103.2951 173.4217 125.8900 189.0520 79.8850 90.1590 68.4370 96.1168 79.2044 64.7922 155.1390 27.7032 187.5569 72.6514 120.5141 81.5353 42.2846 135.4121 88.5680 119.7036 97.0355 99.4663 188.6131 17.6786 58.3728 45.9631 90.2471 112.9207 127.5708 62.7649 169.4063 79.8952 69.1074 140.8852 41.0472 96.3532 16.6859 138.4329 124.6419 72.9918 37.0894 49.9790 40.5482 74.5718 40.0365 16.8020 92.8778 33.6004 187.5737 173.3564 50.5878 67.8136 174.6793 164.9848 110.1966 44.5566 161.1604 129.4939 85.8433 201.5070 102.0512 131.3991 63.3591 135.9042 141.9140 107.0108 88.4659 169.8568 36.3481 70.1208 158.5486 105.2843 100.8212 96.3281 211.8643 137.2232 162.6846 107.0603 100.6426 88.9084 40.2772 50.6225 79.6061 168.3612 103.6732 201.8742 110.0219 92.5743 101.7929 87.5875 217.7627 116.0177 113.1906 12.2978 41.2657 54.6764 206.3327 50.7519 106.9404 82.7917 116.0016 140.1613 98.0389 83.4042 80.8474 16.9384 170.0180 209.7066 89.7753 15.3203 131.2493 42.2233 99.7833 164.1676 41.7428 80.7623 220.2926 55.3407 141.6323 66.0606 120.5353 73.7737 86.9155 113.6866 237.5449 94.5255 136.2600 72.0338 93.6862 109.2691 107.7941 145.7324 84.8756 144.8162 78.9917 48.5660 5.2642 102.9264 62.4181 144.0666 98.8556 116.1389 202.5416 56.4936 96.6098 122.2272 89.9850 272.3390 144.1427 18.5391 57.0921 277.7037 56.1992 146.9226 147.6112 94.1910 93.5840 57.7690 107.6655 65.8287 159.4042 38.4704 91.8667 178.2400 221.6942 82.3872 56.7899 109.0644 85.8880 137.4909 128.9142 92.4747 180.0536 38.5179 90.0662
189.3465 71.8856 136.3876 52.5156 229.6790 108.4295 97.1701 37.0090 122.6784 150.9842 44.7562 134.4081 44.7036 129.3167 231.3493 138.6187 58.5950 58.3351 185.6604 93.3684 48.3555 7.1569 0.0000 153.7319 177.9781 89.5674 138.6947 84.9128 147.1208 95.5365 21.0551 131.5971 91.6309 198.4216 140.5635 30.9429 114.2233 97.5755 122.1668 79.2965 46.8055 61.4621 123.4416 104.1606 92.7058 134.2509 179.6563 147.4754 83.3833 116.3058 11.6271 79.5501 172.0569 165.9923 127.7312 57.5115 157.5088 38.2229 126.5423 98.6678 179.4007 29.1900 108.9407 143.2098 20.6972 40.9063 210.3409 14.6165 8.7732 167.2193 69.3837 91.0037 44.2849 58.6100 94.9552 51.7819 187.2080 61.4587 134.3495 113.3208 68.5449 152.1822 108.4500 6.1462 120.9234 61.4250 31.7351 154.1220 76.5205 50.9379 13.5335 219.2904 128.5083 123.1276 66.7313 134.1554 41.8360 195.5411 164.8024 36.7749 125.7315 91.3662 73.5481 124.9560 168.5447 89.5887 131.4776 178.8942 159.0221 36.8780 147.5711 63.7410 15.2468 106.3715 182.3583 94.7225 18.2450 159.3135 59.4812 140.3277 47.6395 46.5114 147.3361 201.9927 52.1414 99.8803 69.2456 156.5265 21.9917 145.4316 145.6308 16.1493 48.1066 158.3975 70.6843 117.9057 88.7218 147.1940 79.3314 68.9815 111.5347 118.8650 95.8079 61.3431 119.0482 93.3334 157.7571 63.8212 177.6056 109.2299 39.4069 126.8068 122.3170 9.0073 56.0205 84.2586 92.8558 23.4770 158.3659 160.7184 163.5062 123.5418 112.7542 210.2284 82.9076 57.8010 189.8504 124.0638 19.7900 107.1725 99.4413 94.1216 114.4303 182.7684 157.1957 94.6307 202.2733 109.5566 117.9950 22.8622 149.8117 160.2006 147.8163 126.4067 45.5829 185.0694 116.1918 58.8644 171.5862 86.1880 21.1528 150.1872 105.6289 4.0051 14.7539 113.0123 20.5139 88.5030 119.2682 109.9640
