90
0.0000 79.6961 132.5383 13.8421 81.5015 129.4564 95.5523 146.3782 53.5662 46.1728 177.0460 70.2304 185.4074 8.3280 133.7461 64.4747 159.8283 67.5522 142.6104 96.3781 114.8953 26.5231 103.6294 101.0396 68.8159 168.7871 112.8011 150.4542 144.3190 84.5905 94.2014 98.1336 104.0436 74.3462 71.1881 140.5872 104.8021 188.5867 98.4348 199.5771 224.2707 98.9947 29.6858 3.2109 130.6323 120.8691 223.0480 130.4013 80.3645 82.0901 91.2459 61.4562 79.8713 116.8403 128.0982 139.4306 126.1606 66.6911 113.2175 93.4902 95.5418 5.3167 215.2977 17.4661 148.8299 171.1515 134.2767 111.0285 112.8817 102.0537 77.8477 170.1808 40.0699 163.4888 34.4701 94.4336 101.7141 57.5526 98.9430 5.6666 91.1191 231.7237 231.0885 103.2871 136.8657 107.3964 137.8230 112.4277 107.0049 107.0564
79.6961 0.0000 71.0593 51.6779 56.1312 141.2873 85.1497 102.0620 98.1526 103.7935 119.7595 76.3123 132.7522 54.5485 123.0127 153.5146 204.9841 108.0847 134.8961 68.1283 38.2749 51.3800 118.5209 32.9323 78.7935 125.4375 29.1465 247.0466 48.7627 16.8462 127.1752 22.0896 148.4016 144.0870 100.2285 145.8000 221.8720 203.4469 115.8404 1.4472 54.7406 26.8993 119.0163 54.4633 133.2552 6.1320 180.3776 78.7640 136.3252 153.2558 132.8121 142.5274 90.1274 112.2307 56.2994 38.4694 128.7886 237.7336 165.4413 81.6302 37.5553 48.1767 215.6714 81.4519 86.6049 76.1845 238.4129 100.1008 176.3633 90.0166 201.9174 114.8539 43.2068 92.4765 74.4692 96.0828 127.1225 139.9852 183.9219 124.8960 56.5114 66.2597 75.1827 118.2599 119.1253 15.6659 137.3560 268.3289 135.1712 109.2953
132.5383 71.0593 0.0000 9.5547 101.1584 156.7484 89.8794 62.4107 138.2786 122.2921 164.0273 91.0560 105.4367 128.5536 154.6067 150.2369 124.1692 105.9526 101.9834 110.2681 96.6041 104.5228 1.6738 163.8529 151.2601 116.7264 67.1062 127.4582 142.6293 185.2202 114.0227 89.9342 65.8741 35.1891 38.6558 109.3620 93.7135 57.7643 128.0722 71.3294 62.2345 38.3849 109.0393 85.3644 58.8040 145.0294 112.3415 113.3801 86.5895 108.1263 239.9405 67.1185 60.9362 102.4865 179.9238 74.8773 120.5753 67.3324 133.8569 70.3448 99.8131 123.8170 93.5408 74.8523 161.4327 141.2581 204.9803 169.8601 103.9842 41.8489 130.5482 110.7766 78.4924 77.4307 125.4578 207.2694 151.0754 141.0954 27.4651 161.0692 85.6039 111.2935 56.7532 177.8202 100.8119 97.3454 115.7596 86.3611 80.3624 5.5864
13.8421 51.6779 9.5547 0.0000 73.1141 62.0999 88.2835 131.0684 84.8020 62.5699 143.2577 73.8094 182.4490 43.6724 103.9937 97.4568 25.6146 72.1842 77.7370 62.8881 141.5445 107.8878 147.2375 110.8957 114.1944 41.9309 45.2521 26.8374 218.4669 43.2491 84.7841 120.0432 83.9702 89.9719 77.8212 151.8755 108.8334 130.9564 73.8636 95.6710 141.8108 137.6700 128.9707 140.3442 71.1102 103.2999 61.8289 38.5061 185.6882 142.7121 153.5467 87.7984 210.0930 68.1571 33.5401 180.7849 109.7960 86.7839 66.0545 185.5308 157.2648 238.2687 112.3111 92.4802 129.4434 24.8155 249.4244 1.1954 102.4509 44.5085 16.2416 67.8182 105.5413 143.4357 116.9275 64.1158 71.5282 133.9635 27.0607 91.0713 128.3446 121.1150 155.7116 37.9143 50.0675 168.5131 143.0150 51.9268 172.3140 96.1840
81.5015 56.1312 101.1584 73.1141 0.0000 147.2785 40.8094 123.8492 139.2926 157.7408 213.6715 113.2060 109.6681 99.5464 99.8343 165.2661 104.9606 95.3131 29.5836 8.2188 147.5638 141.0678 44.6668 79.3364 101.5766 164.7368 47.4485 194.7870 89.0365 145.4690 54.0333 136.0129 66.4248 147.8488 143.8632 54.2558 47.7651 88.5751 152.1096 188.4378 153.9249 138.0973 16.3733 45.6812 113.8992 91.8817 176.3730 134.7232 117.7760 67.8607 249.6656 86.6646 114.3067 85.8325 148.7572 57.1459 198.6130 161.1944 138.4985 123.0975 73.8719 108.3170 36.0687 157.7155 88.3247 58.2535 9.5993 190.8613 73.7775 99.9483 90.3092 169.3997 12.1626 90.4698 101.2272 169.0058 164.5227 164.0509 59.6766 106.5751 42.4245 17.3712 19.0755 110.8207 37.9387 64.2338 196.3831 66.3429 40.1447 51.5363
129.4564 141.2873 156.7484 62.0999 147.2785 0.0000 57.4247 78.6707 93.3468 113.4749 57.9330 113.3772 120.8496 83.6505 85.1539 157.7090 94.0346 50.8289 46.7000 163.1895 140.6406 95.4474 167.7093 96.0652 67.4134 28.8635 37.4716 98.1423 142.1760 155.0754 156.3837 41.2691 46.1851 162.3446 18.2017 196.8157 113.0800 152.7787 88.0664 231.4135 49.6513 72.6194 148.5810 121.5656 356.1677 89.5159 35.2328 147.4787 102.0845 168.9118 34.9292 108.7364 109.5422 59.6056 91.1380 103.2112 119.0228 89.3123 17.1799 61.9767 156.0827 84.3701 97.0084 76.8568 43.2898 139.1463 205.6908 198.2134 80.6913 79.2215 76.9156 132.1946 120.0895 75.1579 48.5934 99.4061 102.9631 158.5240 126.5315 100.8192 11.1425 116.8084 132.8003 81.0483 167.3191 108.2923 69.0930 166.6277 141.8520 111.5426
95.5523 85.1497 89.8794 88.2835 40.8094 57.4247 0.0000 83.1568 77.3824 122.0492 91.5398 152.1990 101.4961 132.6494 152.2283 132.2447 127.9833 80.9353 165.4694 93.6865 127.6170 155.6423 46.9071 80.7056 94.3755 166.4121 113.7147 52.2899 51.1449 165.6830 132.5006 81.1866 7.1353 130.0349 66.6471 7.0278 200.8796 132.3602 59.4529 63.3896 207.5892 89.0415 59.4571 130.7991 137.4624 51.0131 52.2956 171.6964 127.8573 104.4706 214.5767 107.6462 19.7730 88.0349 97.5293 172.1805 103.5349 77.5896 79.2261 139.6001 117.6973 170.5624 200.4804 124.3764 88.4911 97.4876 95.4735 184.5249 207.8992 41.6724 22.8145 90.1441 156.6873 138.8900 18.5371 136.0478 94.0797 15.8205 45.1023 41.5031 83.1978 116.5943 141.8200 185.6376 101.1603 50.4408 116.5600 73.2983 5.0854 62.5125
146.3782 102.0620 62.4107 131.0684 123.8492 78.6707 83.1568 0.0000 128.4741 106.2737 51.2987 304.6919 205.3308 37.2017 78.9507 73.1807 121.1606 119.9748 136.3602 202.5857 35.1308 138.2705 94.8145 96.0060 140.6311 161.1865 162.7779 112.6141 280.6586 115.6428 143.5403 151.6724 122.8796 162.0345 98.8778 165.5219 60.5349 78.6673 102.6182 122.4840 52.9820 118.3867 127.5950 195.6429 148.3825 45.1349 179.7526 94.0298 112.5077 44.5467 192.4487 135.9470 107.1925 24.3881 136.4202 95.7964 194.3128 77.2350 27.6860 9.5257 64.3076 217.8877 120.1774 166.1285 76.9725 73.6586 173.9001 194.8305 42.8588 71.6895 72.1850 79.7632 114.9504 68.8679 7.7279 124.0557 139.8657 111.4440 108.7312 55.0226 181.5633 114.8195 121.0625 313.6525 106.7058 110.1122 51.5587 198.5720 152.6141 216.8824
53.5662 98.1526 138.2786 84.8020 139.2926 93.3468 77.3824 128.4741 0.0000 127.8517 74.1290 111.8023 143.3798 198.7884 58.5881 129.6654 138.4767 90.7253 14.5226 55.1741 173.1465 122.0397 131.1957 160.8861 165.6904 162.2034 161.3579 146.7665 82.9924 190.8898 142.4743 96.1206 76.6969 78.6193 107.1829 36.0285 49.1356 128.1705 92.6351 5.7531 203.5938 125.0601 228.4953 109.2212 14.2760 26.9626 67.3617 49.0425 79.9380 59.0517 105.6627 127.3384 69.8881 111.0430 78.5457 122.8752 157.2420 56.8257 99.7731 191.6893 97.2513 80.8531 184.4685 165.4758 70.1068 137.7618 75.8461 126.2190 138.5458 110.8073 116.0113 144.0080 147.2518 76.7541 16.5651 45.7397 20.9660 105.1839 141.1213 160.6927 107.4988 36.0923 222.3940 35.7002 202.8033 155.3847 186.3713 52.1941 79.7565 76.8398
46.1728 103.7935 122.2921 62.5699 157.7408 113.4749 122.0492 106.2737 127.8517 0.0000 187.5418 114.5859 63.3623 108.3466 67.6222 116.8410 145.9035 66.6412 47.2490 85.7061 138.5695 36.1906 145.7929 152.5002 131.0864 52.4341 119.6578 42.4236 85.2704 135.1997 76.5351 104.1130 148.2236 24.6309 60.1659 46.8675 47.8569 117.8351 65.0564 62.8854 72.6941 184.3524 98.5703 143.0260 57.3772 38.9677 210.5857 172.6819 169.1212 107.3625 105.0333 61.7132 85.5594 210.7652 220.0479 151.6149 87.2906 43.6938 180.4618 116.0314 139.0428 266.4797 51.3010 133.0449 265.4132 177.0645 103.6390 127.0270 103.5768 175.9121 70.0692 39.4011 102.3008 117.0334 192.0217 269.9239 175.4650 77.3220 37.1701 26.6511 169.0279 48.9342 192.9595 77.0101 63.9710 6.7858 239.1492 68.5946 120.0764 125.4005
177.0460 119.7595 164.0273 143.2577 213.6715 57.9330 91.5398 51.2987 74.1290 187.5418 0.0000 103.4821 127.3324 121.5050 134.1973 154.2118 117.3424 137.8174 176.3308 216.2978 57.4013 105.3290 139.0978 137.9304 56.9261 63.2167 79.2173 120.2126 215.9031 113.4860 148.6701 80.8802 18.0170 162.9144 87.4174 24.8468 87.2303 184.9252 239.0834 217.3640 66.9429 34.2258 114.5332 104.8149 174.6633 84.3623 94.6904 233.2761 268.4723 33.0549 204.5069 225.5155 71.2776 241.3614 98.2187 134.4793 17.2665 190.1937 38.4948 111.6276 75.9412 65.3432 133.2759 158.6857 240.0162 151.8638 78.7693 109.1405 145.4457 150.6222 71.2410 184.3904 47.4726 76.5644 108.3067 23.8602 60.4976 28.6492 105.6724 68.2923 7.4682 86.2584 87.4053 138.4754 147.9038 60.5082 13.1021 93.9420 55.8108 79.7666
70.2304 76.3123 91.0560 73.8094 113.2060 113.3772 152.1990 304.6919 111.8023 114.5859 103.4821 0.0000 32.4949 152.2524 62.0889 197.4736 52.7748 167.1270 66.4109 172.4263 73.4568 180.8073 101.6546 56.2534 221.6106 166.9305 150.8744 7.5043 27.6896 90.0157 34.1583 162.7249 24.8386 157.6792 114.7085 47.0970 95.4020 33.7782 173.6592 169.4753 72.3752 143.6242 102.1859 143.4174 184.9328 159.9322 120.6892 114.8381 130.4998 110.5478 70.5250 265.9491 140.6832 141.2640 149.4182 63.5256 92.6396 38.2828 140.5221 51.3269 18.4293 122.5947 137.9116 110.2801 130.0226 77.6720 285.9453 143.1528 172.6188 47.8649 74.4897 162.1451 120.7426 93.3829 27.9901 66.2532 98.5492 102.5480 129.5017 165.4621 147.7446 136.5056 61.4798 65.5052 162.6599 115.4649 125.9217 47.3754 92.7797 36.2211
185.4074 132.7522 105.4367 182.4490 109.6681 120.8496 101.4961 205.3308 143.3798 63.3623 127.3324 32.4949 0.0000 88.6473 62.2233 64.9530 78.9801 95.5322 81.0226 23.0778 143.9642 101.7923 164.9011 15.4977 89.4398 27.8869 73.2132 177.6750 0.5071 116.4631 96.9632 227.7360 122.1322 188.5003 84.1445 141.4129 190.1398 106.0582 173.9426 180.8704 57.5442 11.5432 123.4148 83.8654 139.6765 117.6848 152.5124 168.5555 168.7996 16.1962 100.6043 175.4281 83.0622 108.1227 251.6262 101.4602 109.5537 56.5572 60.6668 53.4037 66.3975 2.5151 83.3721 113.1159 114.6696 137.7877 60.7065 157.1693 103.6412 70.0560 75.4340 190.6222 169.7167 85.6340 139.4533 138.9771 92.4224 14.4474 74.1920 123.5708 77.7485 138.1739 63.2778 101.7446 241.6883 94.0637 23.2626 41.9342 104.1186 186.9683
8.3280 54.5485 128.5536 43.6724 99.5464 83.6505 132.6494 37.2017 198.7884 108.3466 121.5050 152.2524 88.6473 0.0000 130.3813 165.9394 118.1436 117.6309 69.3685 172.0203 212.4154 146.3313 181.8359 143.6077 157.5728 50.2576 6.1364 145.7085 142.2136 5.4377 193.3726 150.5538 91.0992 40.3215 158.3442 148.6550 65.9580 118.6230 147.8946 202.5909 189.7311 77.0950 100.3152 101.6224 132.2824 64.5656 213.3471 41.6358 176.3465 173.4394 111.3664 67.1105 53.1485 127.5954 63.4303 76.2599 189.3213 137.9309 176.9886 161.1114 12.6697 133.5214 204.5783 149.8120 28.4434 124.5911 204.9041 76.7418 37.4773 55.8367 105.7450 194.0942 186.3938 91.4758 88.0901 94.9467 69.2872 69.1347 83.1836 46.8976 143.4402 148.3995 29.6238 169.4728 178.9966 206.3298 88.6823 117.4041 104.6400 52.7046
133.7461 123.0127 154.6067 103.9937 99.8343 85.1539 152.2283 78.9507 58.5881 67.6222 134.1973 62.0889 62.2233 130.3813 0.0000 41.0505 185.3647 126.3848 30.8616 112.7162 126.2583 182.7541 159.3143 145.5017 84.0825 48.7114 196.3620 208.4563 80.8840 90.1882 145.2128 112.7634 61.0279 139.9906 49.5724 138.7232 157.7584 89.7451 160.8452 221.4250 222.0947 112.4766 91.1495 69.7556 65.1550 134.1131 80.7658 106.6855 57.1904 39.7795 128.1356 146.1788 45.6991 49.5060 82.6678 122.0670 166.1686 125.3239 129.5966 85.0005 29.9975 129.0846 197.3242 101.1003 133.0973 74.5177 100.4901 98.4056 86.9986 76.2899 21.6700 86.9717 117.4674 122.9939 41.1775 41.1394 71.1569 67.2894 19.1874 18.5447 162.3252 93.0777 90.8142 151.8462 49.3709 35.8732 130.6208 187.3528 10.0099 51.2221
64.4747 153.5146 150.2369 97.4568 165.2661 157.7090 132.2447 73.1807 129.6654 116.8410 154.2118 197.4736 64.9530 165.9394 41.0505 0.0000 29.8976 160.1399 58.6819 114.8979 16.7065 173.0562 85.6041 76.9472 90.8440 27.0306 75.0353 92.2923 72.7649 136.2119 203.8848 110.0604 142.3965 112.8176 98.4318 106.7441 45.9705 173.5922 112.9677 100.1277 113.8703 177.2903 48.9458 106.7951 141.6065 129.6272 38.3704 83.4180 85.9310 18.2676 154.5164 92.2584 121.0897 108.3445 27.9417 157.5095 47.1878 109.2467 97.2235 142.7619 107.4072 30.5315 101.0560 78.0501 119.7644 21.6657 63.7185 99.8689 152.9583 26.4607 129.2694 154.7885 64.7306 93.3968 69.3355 131.9434 215.7492 42.8168 149.3257 47.4581 211.8180 150.7204 108.7959 126.4889 120.3598 171.2580 58.7142 144.3324 65.5925 69.8044
159.8283 204.9841 124.1692 25.6146 104.9606 94.0346 127.9833 121.1606 138.4767 145.9035 117.3424 52.7748 78.9801 118.1436 185.3647 29.8976 0.0000 101.8399 169.7911 53.2856 44.7502 56.6474 162.3347 58.1828 77.6283 124.3391 100.7668 129.0012 102.4818 121.2588 151.0253 145.1637 145.5937 176.1733 108.7473 152.8440 176.8454 59.4519 73.6562 122.2553 69.4279 61.8896 59.6368 153.6033 52.9427 118.9602 276.2435 181.8525 83.3831 109.9007 79.3273 114.1169 0.1316 104.5589 93.6893 89.7652 148.9971 21.7797 68.4163 65.1360 29.7244 54.5219 50.6948 62.8467 55.1211 22.3701 93.2219 137.2368 86.8207 119.9646 123.9322 76.3253 109.1776 57.9560 225.9335 11.5456 163.9813 85.4972 199.8460 120.6711 125.1526 77.9838 152.6772 34.0869 118.0586 31.4406 128.2141 58.5313 159.9172 102.0073
67.5522 108.0847 105.9526 72.1842 95.3131 50.8289 80.9353 119.9748 90.7253 66.6412 137.8174 167.1270 95.5322 117.6309 126.3848 160.1399 101.8399 0.0000 136.3899 106.5003 111.2437 104.7383 207.8349 128.6847 149.1912 163.3770 115.3763 9.2764 132.6498 176.9786 80.4874 68.2827 70.0569 97.3023 104.0208 159.2565 111.2871 42.5022 32.4303 72.7046 166.8661 69.5383 61.5658 114.5332 28.9063 97.9505 198.7608 45.1335 56.8983 103.0073 118.0735 132.0503 47.0934 198.5143 79.3904 22.3270 58.5476 112.9625 204.4393 113.5793 131.9800 73.9521 84.0795 110.8112 60.7779 8.4478 63.4333 134.1226 131.6582 106.5969 61.0279 87.0437 59.2987 158.5833 93.4749 211.0599 30.7299 143.4557 125.4865 57.3554 4.8874 52.5256 129.6007 134.8088 124.1782 58.7518 158.2344 154.8124 66.1264 39.8476
142.6104 134.8961 101.9834 77.7370 29.5836 46.7000 165.4694 136.3602 14.5226 47.2490 176.3308 66.4109 81.0226 69.3685 30.8616 58.6819 169.7911 136.3899 0.0000 114.9501 15.4649 33.8055 273.3356 122.8217 81.7680 159.1246 39.1019 127.5801 204.8069 145.0859 114.9456 57.2323 117.6600 137.6213 146.5075 127.7854 147.1609 101.7964 50.7913 19.9451 202.3810 60.0680 73.1191 112.9295 149.6361 105.7796 99.3053 104.9677 43.2126 63.5216 98.4910 147.1670 19.9861 104.7937 107.9947 94.2036 181.4837 67.7044 89.3077 155.9040 33.8223 79.4688 77.6357 155.7892 135.1395 158.6994 57.1138 156.3212 128.0977 105.8148 109.8170 126.9673 125.3583 146.8351 58.4467 64.8254 187.0418 102.3179 110.9311 75.2379 31.9460 206.7017 5.8680 234.0108 51.2476 125.5768 171.5119 92.6508 201.4106 99.6014
96.3781 68.1283 110.2681 62.8881 8.2188 163.1895 93.6865 202.5857 55.1741 85.7061 216.2978 172.4263 23.0778 172.0203 112.7162 114.8979 53.2856 106.5003 114.9501 0.0000 208.0059 140.4734 141.5482 163.4696 8.9493 124.8387 27.3166 119.5777 30.6707 114.2396 49.5567 79.8353 166.3962 170.0788 114.1724 97.9577 112.4423 111.4383 61.5060 75.6348 111.6295 169.6315 61.2965 85.5186 117.2394 228.3304 20.9985 217.3602 8.3717 159.4988 102.4022 91.5271 84.5805 91.4446 158.4368 26.5470 95.4051 181.0221 69.1973 110.5162 155.0914 54.7769 209.6943 105.6273 267.4398 121.7012 216.0795 49.9338 191.8460 157.9465 60.0949 113.2892 133.4906 56.5530 170.5526 79.4416 103.8976 113.4156 61.6167 156.9802 86.0795 100.7821 119.6861 81.6720 112.6762 10.8284 81.8333 75.7085 76.3207 126.1200
114.8953 38.2749 96.6041 141.5445 147.5638 140.6406 127.6170 35.1308 173.1465 138.5695 57.4013 73.4568 143.9642 212.4154 126.2583 16.7065 44.7502 111.2437 15.4649 208.0059 0.0000 183.4697 207.5131 43.8645 162.6915 3.0738 52.2589 73.8186 144.6027 2.3752 151.9667 265.9975 135.1492 12.8622 91.0210 7.4714 24.0467 114.8753 55.4349 104.6387 60.0114 66.5484 82.6114 150.9285 106.1307 161.8150 80.3529 119.7588 177.9432 73.6358 32.4417 134.3937 142.2051 121.9112 92.6905 120.1330 108.0950 138.0589 86.7521 109.6170 4.9002 181.9374 105.4061 109.0976 91.0997 46.5743 120.8500 88.5806 40.6262 163.4426 150.7073 1.8506 176.5852 86.9142 151.7726 128.6102 164.4635 45.3779 111.8518 143.2858 70.1677 130.8707 54.0702 128.5895 15.6955 81.5577 26.2708 73.0980 22.7252 196.3074
26.5231 51.3800 104.5228 107.8878 141.0678 95.4474 155.6423 138.2705 122.0397 36.1906 105.3290 180.8073 101.7923 146.3313 182.7541 173.0562 56.6474 104.7383 33.8055 140.4734 183.4697 0.0000 209.4691 171.3342 167.4213 143.0085 163.2766 48.0037 168.8505 184.8985 68.8802 82.1235 83.1775 115.3442 193.4439 87.1611 170.3066 80.8690 55.0988 131.7892 165.3993 35.9627 215.2202 156.6441 61.8081 134.8340 104.3313 179.1509 33.0245 148.4444 87.3208 109.6001 103.8915 134.3250 101.5342 246.3776 51.5482 121.2923 93.4112 32.5587 47.6658 101.2035 51.1270 142.2681 71.5988 124.0430 118.2025 100.5220 68.3312 126.5421 41.3898 75.5922 10.3132 20.2991 79.0212 122.5208 81.2390 90.0112 94.1290 101.2182 109.4456 120.7140 79.3331 139.7042 169.1550 107.8118 155.4440 139.2698 179.8941 207.1467
103.6294 118.5209 1.6738 147.2375 44.6668 167.7093 46.9071 94.8145 131.1957 145.7929 139.0978 101.6546 164.9011 181.8359 159.3143 85.6041 162.3347 207.8349 273.3356 141.5482 207.5131 209.4691 0.0000 125.8908 71.0822 99.3238 74.9445 161.9286 98.7530 139.8266 123.4580 150.5111 151.2437 146.5293 140.2897 85.9175 65.0556 51.6465 12.6346 103.5266 127.4532 0.2556 20.9511 125.3268 93.3195 244.9454 90.9341 141.2541 2.0752 134.8772 211.6197 24.1389 100.8296 125.0323 102.2080 129.0370 133.8420 6.8788 89.2517 164.2851 186.6068 67.8310 106.1300 50.9919 61.4683 65.5973 51.6857 160.8701 75.5158 156.9918 119.1582 167.7303 90.8129 43.1077 73.5432 162.7150 75.9610 94.5477 42.9381 28.9394 99.2643 142.4981 190.4574 44.9575 11.4275 92.6887 117.5908 68.9506 133.8097 170.5721
101.0396 32.9323 163.8529 110.8957 79.3364 96.0652 80.7056 96.0060 160.8861 152.5002 137.9304 56.2534 15.4977 143.6077 145.5017 76.9472 58.1828 128.6847 122.8217 163.4696 43.8645 171.3342 125.8908 0.0000 103.9843 77.7298 145.2413 53.5532 18.2092 233.1157 192.6900 26.7463 141.1091 111.7224 142.4541 114.1672 57.0967 66.9579 114.7335 58.0905 125.8820 31.1477 120.1148 177.2661 146.8729 158.9314 169.5229 45.1087 178.2272 27.6471 167.3001 72.1350 136.4601 75.1467 42.3173 118.5715 92.8775 57.2000 43.7232 122.1226 148.5602 126.3319 58.0058 41.5359 98.9482 62.3466 142.0320 25.4077 241.8630 73.5546 128.7148 166.8865 109.5698 102.4775 34.1782 182.6536 201.3624 34.2941 63.2289 109.5453 131.4837 191.8829 180.5030 113.9559 70.4020 224.9962 68.3941 64.7130 182.0053 76.3348
68.8159 78.7935 151.2601 114.1944 101.5766 67.4134 94.3755 140.6311 165.6904 131.0864 56.9261 221.6106 89.4398 157.5728 84.0825 90.8440 77.6283 149.1912 81.7680 8.9493 162.6915 167.4213 71.0822 103.9843 0.0000 160.6422 81.8840 122.7740 138.0269 24.5478 157.5019 35.6348 177.1727 20.2475 108.2819 80.6778 16.1446 64.6864 149.9943 65.5198 17.9667 65.3546 116.4611 215.2794 194.0423 44.8864 176.6909 36.8922 125.9903 72.0230 67.9494 133.5157 194.0673 170.6104 61.9066 110.7648 16.5185 94.8746 181.5471 61.6899 192.7476 173.3383 73.4126 90.9402 220.8037 76.6837 146.6515 90.2146 199.2280 174.7905 128.0771 113.9444 85.3446 167.9322 194.3061 112.2948 134.2379 134.4272 139.3951 85.3057 83.5803 13.5967 78.9298 91.6585 6.0281 200.9329 105.0902 136.9200 50.2746 101.0448
168.7871 125.4375 116.7264 41.9309 164.7368 28.8635 166.4121 161.1865 162.2034 52.4341 63.2167 166.9305 27.8869 50.2576 48.7114 27.0306 124.3391 163.3770 159.1246 124.8387 3.0738 143.0085 99.3238 77.7298 160.6422 0.0000 59.3294 152.2785 148.2499 102.3196 92.6522 63.3194 144.3970 108.8498 203.1791 38.0708 98.4231 75.8651 204.9318 107.5934 168.2105 87.0009 149.7815 192.8730 9.0230 185.8486 145.8957 108.8092 220.3696 70.7145 115.7489 159.7259 65.1825 52.8873 16.1054 144.2703 63.6896 167.9854 171.1337 40.4260 68.5099 109.6771 145.4860 121.3227 115.2049 101.8193 50.4625 158.6532 86.9771 118.9488 43.6237 49.2938 156.6012 73.9561 80.5526 88.2395 71.4378 150.8095 107.7082 184.4136 75.5206 15.2539 182.4025 167.2094 34.5515 49.7564 29.6891 72.0237 192.0494 137.2738
112.8011 29.1465 67.1062 45.2521 47.4485 37.4716 113.7147 162.7779 161.3579 119.6578 79.2173 150.8744 73.2132 6.1364 196.3620 75.0353 100.7668 115.3763 39.1019 27.3166 52.2589 163.2766 74.9445 145.2413 81.8840 59.3294 0.0000 112.7839 171.8184 118.4169 82.2711 100.0306 0.8329 61.4021 75.6331 117.3670 133.0857 156.8175 176.2041 59.3968 121.2263 58.9227 172.0322 138.1429 134.3686 216.6107 102.9935 120.7164 110.0872 94.1244 182.9759 84.7797 63.6365 53.7432 132.4802 161.1023 165.9714 129.5867 132.9860 117.1653 44.3716 105.0360 104.1438 65.9838 55.3605 66.2276 50.2546 68.0073 35.6793 188.7795 56.8182 85.8810 104.2120 128.2217 177.3068 139.1822 103.0667 75.2194 76.1457 35.4493 147.1097 158.9118 14.1659 83.7092 35.1725 171.8981 133.6286 113.6249 32.7367 22.7633
150.4542 247.0466 127.4582 26.8374 194.7870 98.1423 52.2899 112.6141 146.7665 42.4236 120.2126 7.5043 177.6750 145.7085 208.4563 92.2923 129.0012 9.2764 127.5801 119.5777 73.8186 48.0037 161.9286 53.5532 122.7740 152.2785 112.7839 0.0000 221.0164 94.8172 116.0642 174.1492 96.1066 71.4202 96.0195 113.8497 83.5665 116.6799 154.9294 72.4145 179.7160 59.0276 57.5066 3.0621 185.9578 37.1362 185.6878 116.8310 177.8271 7.1321 45.5687 94.3882 88.4074 46.1800 28.1684 15.0452 24.2153 42.9992 203.1266 132.6317 111.3051 119.4371 58.7218 93.7345 179.6781 77.7370 62.8979 104.6639 168.6419 105.1429 57.4442 78.4944 238.2402 29.8772 188.1143 105.6750 76.9953 120.9854 54.4697 59.5917 179.2968 102.6039 127.5591 147.2534 66.4902 113.9508 149.9354 7.7371 82.1788 66.8048
144.3190 48.7627 142.6293 218.4669 89.0365 142.1760 51.1449 280.6586 82.9924 85.2704 215.9031 27.6896 0.5071 142.2136 80.8840 72.7649 102.4818 132.6498 204.8069 30.6707 144.6027 168.8505 98.7530 18.2092 138.0269 148.2499 171.8184 221.0164 0.0000 21.0959 62.0195 68.8298 57.4927 147.2611 239.5600 118.4855 94.3018 73.5541 132.8589 124.7315 126.7577 118.6659 85.5738 140.8895 111.9440 94.1089 161.4259 56.9843 72.5127 94.3056 51.6531 124.0511 69.0113 2.9448 194.8340 41.0298 136.4449 14.8573 71.7598 111.5251 10.3509 62.4737 137.3473 93.6184 210.2030 82.7299 189.3658 107.3043 16.8682 73.3759 58.3241 194.8824 86.8595 90.7547 47.9006 23.2633 122.5315 10.8149 70.5434 152.8553 110.0099 145.1139 204.1615 143.3390 180.1771 153.7792 122.6097 138.5540 133.0805 37.4985
84.5905 16.8462 185.2202 43.2491 145.4690 155.0754 165.6830 115.6428 190.8898 135.1997 113.4860 90.0157 116.4631 5.4377 90.1882 136.2119 121.2588 176.9786 145.0859 114.2396 2.3752 184.8985 139.8266 233.1157 24.5478 102.3196 118.4169 94.8172 21.0959 0.0000 196.5370 73.2890 135.9490 113.9357 143.9787 193.1567 147.0522 31.3408 159.7224 108.6804 142.0329 81.9816 91.6943 95.7065 56.9691 119.9121 90.6347 29.1641 127.8493 125.8288 13.1930 90.1135 73.9839 201.4862 74.2366 87.5147 10.5778 23.7966 170.5274 106.9319 64.5255 78.0448 18.3453 102.0686 148.0640 109.9937 131.3967 39.8736 182.3237 139.8602 0.3713 181.4982 42.7993 44.6675 143.8081 87.5586 109.1712 100.2664 92.1026 173.4760 77.7337 31.7003 115.3190 175.5924 49.0640 65.1987 152.3506 139.0759 74.8771 12.9591
94.2014 127.1752 114.0227 84.7841 54.0333 156.3837 132.5006 143.5403 142.4743 76.5351 148.6701 34.1583 96.9632 193.3726 145.2128 203.8848 151.0253 80.4874 114.9456 49.5567 151.9667 68.8802 123.4580 192.6900 157.5019 92.6522 82.2711 116.0642 62.0195 196.5370 0.0000 89.5605 160.6393 170.7397 38.8696 117.2441 92.2981 140.8131 36.1468 102.7865 84.1787 69.8010 85.8180 250.8585 163.5223 13.5947 57.7811 161.7781 46.7291 100.3680 10.5178 107.9567 140.2054 208.9078 151.3844 122.6487 29.2533 39.8081 139.2974 74.5055 32.2738 113.3378 112.4462 55.7798 165.0012 115.9037 98.5761 169.8132 138.8430 153.9276 290.2564 85.4161 98.7035 259.5977 78.7477 59.6503 138.6714 87.1449 217.2576 91.1808 123.8530 178.3236 49.6221 40.0553 139.8985 122.3284 90.2222 29.3467 80.7138 36.8436
98.1336 22.0896 89.9342 120.0432 136.0129 41.2691 81.1866 151.6724 96.1206 104.1130 80.8802 162.7249 227.7360 150.5538 112.7634 110.0604 145.1637 68.2827 57.2323 79.8353 265.9975 82.1235 150.5111 26.7463 35.6348 63.3194 100.0306 174.1492 68.8298 73.2890 89.5605 0.0000 90.0126 99.3996 107.2229 63.4897 41.4364 146.8939 100.9070 137.4322 150.4899 198.5864 12.6332 61.5454 91.7105 148.0455 89.0382 134.8179 125.2844 123.1449 51.3351 75.1341 65.4161 48.0777 119.6040 76.9362 124.0589 58.6296 77.8167 186.9311 56.0253 6.6271 192.4738 91.6163 120.0955 67.2173 110.1006 129.9881 111.9293 83.7235 71.8550 67.9907 72.2123 148.4383 160.7151 56.1152 77.1842 179.3278 155.6162 73.0770 38.5133 120.8431 51.6476 52.6722 52.4535 151.0621 49.6284 98.7084 173.2704 116.9267
104.0436 148.4016 65.8741 83.9702 66.4248 46.1851 7.1353 122.8796 76.6969 148.2236 18.0170 24.8386 122.1322 91.0992 61.0279 142.3965 145.5937 70.0569 117.6600 166.3962 135.1492 83.1775 151.2437 141.1091 177.1727 144.3970 0.8329 96.1066 57.4927 135.9490 160.6393 90.0126 0.0000 35.0952 44.5184 141.3636 176.1632 87.7284 132.5437 98.1375 45.4369 67.4634 173.1152 138.4640 53.3114 39.6854 139.1996 12.6310 67.0013 40.1996 0.8122 205.6122 58.8056 113.6494 113.5623 38.7943 85.4801 111.5189 46.6751 73.1172 146.5321 148.1257 226.3364 259.4184 104.7231 130.7311 95.9384 120.6396 43.1639 14.5907 136.2052 168.8906 142.4469 60.6076 143.4059 140.5722 190.6407 152.9787 62.2718 189.6825 192.2740 80.0402 120.3438 154.0163 225.5480 124.5270 168.7232 158.5156 55.3851 193.1724
74.3462 144.0870 35.1891 89.9719 147.8488 162.3446 130.0349 162.0345 78.6193 24.6309 162.9144 157.6792 188.5003 40.3215 139.9906 112.8176 176.1733 97.3023 137.6213 170.0788 12.8622 115.3442 146.5293 111.7224 20.2475 108.8498 61.4021 71.4202 147.2611 113.9357 170.7397 99.3996 35.0952 0.0000 105.5300 122.2299 111.1913 142.5706 145.8680 38.5116 142.0913 115.6259 116.0967 101.6376 181.7865 43.3852 82.2837 21.5386 11.7323 59.3109 165.8824 118.7347 65.6718 65.2859 140.3320 8.6868 17.0635 66.2252 6.5069 177.1440 141.2073 36.3892 104.4624 169.4341 144.9137 16.4547 47.6205 141.1381 160.2062 114.9247 53.1896 151.2062 161.6292 76.3892 196.5979 132.5168 94.5615 110.7308 99.0368 68.9565 130.6017 57.7930 99.9643 173.1665 124.3598 74.0341 119.4831 110.2770 55.1563 166.8593
71.1881 100.2285 38.6558 77.8212 143.8632 18.2017 66.6471 98.8778 107.1829 60.1659 87.4174 114.7085 84.1445 158.3442 49.5724 98.4318 108.7473 104.0208 146.5075 114.1724 91.0210 193.4439 140.2897 142.4541 108.2819 203.1791 75.6331 96.0195 239.5600 143.9787 38.8696 107.2229 44.5184 105.5300 0.0000 44.6802 124.3776 252.0179 70.5637 209.8830 59.0817 84.8967 106.8144 94.7027 208.4977 76.9638 140.1948 220.4724 147.1829 59.1095 133.1434 31.0954 137.2721 11.9398 64.8264 101.8138 124.2128 15.2390 67.5730 39.5412 16.0533 36.0448 47.2138 66.0169 113.4201 61.8479 201.5427 68.8957 168.6755 82.0651 115.7889 52.3350 173.8660 80.2527 153.1837 30.8590 206.3376 140.8641 176.3741 95.9761 77.3066 85.5225 208.9944 64.4026 169.7871 53.1596 116.6775 134.0490 64.8430 90.0344
140.5872 145.8000 109.3620 151.8755 54.2558 196.8157 7.0278 165.5219 36.0285 46.8675 24.8468 47.0970 141.4129 148.6550 138.7232 106.7441 152.8440 159.2565 127.7854 97.9577 7.4714 87.1611 85.9175 114.1672 80.6778 38.0708 117.3670 113.8497 118.4855 193.1567 117.2441 63.4897 141.3636 122.2299 44.6802 0.0000 143.7916 179.1905 169.4967 106.0023 56.5871 101.7869 73.4771 164.8729 197.7043 109.5552 97.2142 122.5067 78.4057 133.7569 75.4012 97.6764 83.2392 54.5850 178.1838 128.6554 135.9889 144.4484 86.4851 65.6096 89.9390 104.2033 82.9320 104.5044 93.1039 177.2117 19.1165 101.6636 101.9109 111.4866 174.7241 32.1150 22.8181 53.7579 59.8193 90.2464 87.3063 169.4923 212.1541 76.6997 133.7595 100.2911 181.8590 147.0584 142.8987 63.0109 80.2281 110.7037 24.3483 51.7771
104.8021 221.8720 93.7135 108.8334 47.7651 113.0800 200.8796 60.5349 49.1356 47.8569 87.2303 95.4020 190.1398 65.9580 157.7584 45.9705 176.8454 111.2871 147.1609 112.4423 24.0467 170.3066 65.0556 57.0967 16.1446 98.4231 133.0857 83.5665 94.3018 147.0522 92.2981 41.4364 176.1632 111.1913 124.3776 143.7916 0.0000 67.2269 133.8424 49.6230 135.4073 115.8149 37.2005 119.5655 128.6357 153.1599 100.2286 44.7213 44.0761 93.8441 76.2951 87.5498 59.8735 161.6452 132.8475 215.0800 21.4490 99.6179 113.3378 116.6354 136.3370 106.6408 200.5619 126.4412 48.0334 103.1878 86.5272 157.3779 144.9043 81.0762 194.0086 119.0045 70.6079 132.9587 261.4555 69.3480 109.7216 143.5547 77.3463 94.7603 88.9763 118.8227 139.1604 74.4482 181.4672 109.7128 102.9950 178.1042 24.2547 168.9186
188.5867 203.4469 57.7643 130.9564 88.5751 152.7787 132.3602 78.6673 128.1705 117.8351 184.9252 33.7782 106.0582 118.6230 89.7451 173.5922 59.4519 42.5022 101.7964 111.4383 114.8753 80.8690 51.6465 66.9579 64.6864 75.8651 156.8175 116.6799 73.5541 31.3408 140.8131 146.8939 87.7284 142.5706 252.0179 179.1905 67.2269 0.0000 127.1061 83.9529 121.2824 163.1456 133.4493 203.5552 158.5030 188.3289 69.0020 142.9214 69.4131 109.8199 158.7525 99.2312 144.5231 161.4495 125.4547 62.9059 157.4369 78.0787 80.1985 56.5029 105.7052 71.3428 52.3108 119.2241 90.8958 137.8825 134.7330 164.4319 83.4857 196.9494 111.9724 106.2138 165.6410 58.4997 70.8326 161.3477 88.3866 11.4599 165.8420 81.4574 86.0345 121.2321 138.0108 97.6684 127.3024 241.2250 107.2012 92.3548 196.6773 88.0086
98.4348 115.8404 128.0722 73.8636 152.1096 88.0664 59.4529 102.6182 92.6351 65.0564 239.0834 173.6592 173.9426 147.8946 160.8452 112.9677 73.6562 32.4303 50.7913 61.5060 55.4349 55.0988 12.6346 114.7335 149.9943 204.9318 176.2041 154.9294 132.8589 159.7224 36.1468 100.9070 132.5437 145.8680 70.5637 169.4967 133.8424 127.1061 0.0000 233.5071 106.2214 99.6626 33.8733 140.1886 171.5413 57.6266 3.7571 46.4412 195.3185 62.6311 148.9003 39.8733 129.8375 16.7141 43.2458 85.0406 161.3598 38.7778 62.6065 97.8552 167.2849 64.1509 60.0619 54.2774 68.4112 65.6665 169.7733 173.3962 167.3396 117.3122 50.9105 36.6766 92.8527 183.7901 124.1761 142.3831 161.5693 125.7942 198.9353 24.2607 80.6760 150.7062 112.4536 56.0082 74.1521 44.6079 85.9949 63.2385 191.6824 16.0476
199.5771 1.4472 71.3294 95.6710 188.4378 231.4135 63.3896 122.4840 5.7531 62.8854 217.3640 169.4753 180.8704 202.5909 221.4250 100.1277 122.2553 72.7046 19.9451 75.6348 104.6387 131.7892 103.5266 58.0905 65.5198 107.5934 59.3968 72.4145 124.7315 108.6804 102.7865 137.4322 98.1375 38.5116 209.8830 106.0023 49.6230 83.9529 233.5071 0.0000 156.5678 179.9684 86.6972 13.8405 242.1548 94.7798 149.2682 98.3661 89.4971 108.1279 139.7365 10.4387 46.3957 52.4562 110.3711 79.7139 75.8625 112.3667 146.3103 225.4058 58.9074 101.6306 101.6523 109.5289 173.3668 201.8760 89.4806 62.3694 48.3170 169.5769 70.2069 58.4305 171.0555 114.6618 114.9775 202.4791 96.0734 165.3536 106.6126 162.0196 116.5489 106.3961 73.2670 111.3142 46.7703 111.7649 166.3819 135.1702 53.5116 88.8965
224.2707 54.7406 62.2345 141.8108 153.9249 49.6513 207.5892 52.9820 203.5938 72.6941 66.9429 72.3752 57.5442 189.7311 222.0947 113.8703 69.4279 166.8661 202.3810 111.6295 60.0114 165.3993 127.4532 125.8820 17.9667 168.2105 121.2263 179.7160 126.7577 142.0329 84.1787 150.4899 45.4369 142.0913 59.0817 56.5871 135.4073 121.2824 106.2214 156.5678 0.0000 13.3969 159.9815 74.4824 113.9527 124.4782 70.7828 136.0242 137.7953 45.2738 67.4301 56.7648 54.7527 120.9808 9.1857 1.9703 86.8948 58.1109 190.2464 172.7320 14.6507 130.4233 64.0544 19.5854 71.0803 219.3551 85.9788 13.4501 163.8773 146.4696 88.4936 127.7861 81.0851 101.1140 65.0233 80.6546 7.4648 193.3221 38.4817 42.6416 81.5199 153.9431 68.7526 145.6535 10.6343 20.5883 92.0263 120.3097 74.1092 88.2844
98.9947 26.8993 38.3849 137.6700 138.0973 72.6194 89.0415 118.3867 125.0601 184.3524 34.2258 143.6242 11.5432 77.0950 112.4766 177.2903 61.8896 69.5383 60.0680 169.6315 66.5484 35.9627 0.2556 31.1477 65.3546 87.0009 58.9227 59.0276 118.6659 81.9816 69.8010 198.5864 67.4634 115.6259 84.8967 101.7869 115.8149 163.1456 99.6626 179.9684 13.3969 0.0000 135.1284 106.9006 47.9549 92.9792 66.5326 132.9571 66.8333 136.7294 135.1338 100.9106 43.5169 88.2856 90.5104 145.0908 161.8435 114.4121 97.8452 73.6127 99.2840 157.4775 129.0301 67.1768 61.4188 163.2386 82.1710 131.2827 47.0841 18.1488 119.4419 45.6889 51.0699 49.8068 73.1019 123.2735 64.6630 127.0943 76.5998 236.5127 126.8313 102.9564 120.4589 90.5595 11.3489 63.4996 106.2745 64.3004 112.2918 131.2179
29.6858 119.0163 109.0393 128.9707 16.3733 148.5810 59.4571 127.5950 228.4953 98.5703 114.5332 102.1859 123.4148 100.3152 91.1495 48.9458 59.6368 61.5658 73.1191 61.2965 82.6114 215.2202 20.9511 120.1148 116.4611 149.7815 172.0322 57.5066 85.5738 91.6943 85.8180 12.6332 173.1152 116.0967 106.8144 73.4771 37.2005 133.4493 33.8733 86.6972 159.9815 135.1284 0.0000 106.8625 160.2505 183.8431 136.3564 198.5841 9.5693 5.2338 189.0197 104.1397 244.9031 135.8465 143.5112 150.6427 36.7717 160.4856 59.7635 80.8473 128.0983 92.2582 143.3321 60.1186 123.5771 122.3040 144.8449 143.6183 133.1661 180.0741 130.4373 67.1440 138.0635 157.3489 68.5941 72.8512 112.1808 107.8221 93.8611 108.0961 160.0932 24.9588 33.4372 72.0895 37.8129 136.3438 107.4904 135.8444 31.0300 76.0757
3.2109 54.4633 85.3644 140.3442 45.6812 121.5656 130.7991 195.6429 109.2212 143.0260 104.8149 143.4174 83.8654 101.6224 69.7556 106.7951 153.6033 114.5332 112.9295 85.5186 150.9285 156.6441 125.3268 177.2661 215.2794 192.8730 138.1429 3.0621 140.8895 95.7065 250.8585 61.5454 138.4640 101.6376 94.7027 164.8729 119.5655 203.5552 140.1886 13.8405 74.4824 106.9006 106.8625 0.0000 73.3845 146.7571 82.5441 161.0169 123.8270 155.5468 219.4379 106.9709 47.9891 106.9122 201.6619 126.0787 75.2464 29.3284 107.9606 120.8013 55.7122 44.0711 35.7979 104.8346 151.7942 90.2673 152.1746 193.7808 172.5904 167.9351 21.1333 85.3701 102.5741 299.2778 155.9095 72.7957 116.8476 31.9158 47.7841 163.6486 102.3164 171.4763 110.4006 140.1388 9.4862 95.0729 213.0691 104.6589 138.1747 111.3958
130.6323 133.2552 58.8040 71.1102 113.8992 356.1677 137.4624 148.3825 14.2760 57.3772 174.6633 184.9328 139.6765 132.2824 65.1550 141.6065 52.9427 28.9063 149.6361 117.2394 106.1307 61.8081 93.3195 146.8729 194.0423 9.0230 134.3686 185.9578 111.9440 56.9691 163.5223 91.7105 53.3114 181.7865 208.4977 197.7043 128.6357 158.5030 171.5413 242.1548 113.9527 47.9549 160.2505 73.3845 0.0000 56.7048 155.7349 24.5849 97.6835 123.2158 18.2511 26.1427 42.9794 59.7285 56.6322 100.9894 70.2436 39.0736 211.2942 86.9916 105.7337 30.6673 96.5300 175.8237 87.3484 115.0833 52.9458 210.0942 132.1660 136.0298 158.1861 130.8946 121.4029 60.7306 84.1512 53.4706 105.3193 79.0909 146.1841 118.6237 85.6240 81.2415 85.9035 216.2202 151.3814 136.5128 147.7153 150.4842 90.3095 86.6853
120.8691 6.1320 145.0294 103.2999 91.8817 89.5159 51.0131 45.1349 26.9626 38.9677 84.3623 159.9322 117.6848 64.5656 134.1131 129.6272 118.9602 97.9505 105.7796 228.3304 161.8150 134.8340 244.9454 158.9314 44.8864 185.8486 216.6107 37.1362 94.1089 119.9121 13.5947 148.0455 39.6854 43.3852 76.9638 109.5552 153.1599 188.3289 57.6266 94.7798 124.4782 92.9792 183.8431 146.7571 56.7048 0.0000 93.5512 88.4556 139.8529 171.5947 205.3240 74.1861 198.2331 149.1250 121.7082 197.0716 238.6790 140.9237 110.7963 117.1498 104.4736 160.5148 112.6385 161.3400 128.9402 141.3951 42.8857 82.0064 120.4657 103.0700 37.6027 233.3511 160.2097 38.8447 147.4859 161.2190 232.7465 69.2746 86.5554 68.2704 161.6178 160.8761 158.7420 75.9958 164.1551 141.1235 67.6745 45.0970 66.2301 163.4294
223.0480 180.3776 112.3415 61.8289 176.3730 35.2328 52.2956 179.7526 67.3617 210.5857 94.6904 120.6892 152.5124 213.3471 80.7658 38.3704 276.2435 198.7608 99.3053 20.9985 80.3529 104.3313 90.9341 169.5229 176.6909 145.8957 102.9935 185.6878 161.4259 90.6347 57.7811 89.0382 139.1996 82.2837 140.1948 97.2142 100.2286 69.0020 3.7571 149.2682 70.7828 66.5326 136.3564 82.5441 155.7349 93.5512 0.0000 78.3941 185.2273 39.6475 135.4597 146.4097 55.7945 57.6297 45.3074 107.6052 112.8628 106.2458 147.2302 6.1743 69.5993 112.0390 124.4328 112.5274 100.7283 154.6789 153.0237 168.9694 144.8404 22.4600 76.6633 179.4739 179.9905 45.3581 125.8026 49.0330 86.0661 163.1674 73.2554 22.3900 111.1479 123.1698 101.5473 88.3731 118.6625 131.6713 107.3096 85.0262 23.9031 100.4841
130.4013 78.7640 113.3801 38.5061 134.7232 147.4787 171.6964 94.0298 49.0425 172.6819 233.2761 114.8381 168.5555 41.6358 106.6855 83.4180 181.8525 45.1335 104.9677 217.3602 119.7588 179.1509 141.2541 45.1087 36.8922 108.8092 120.7164 116.8310 56.9843 29.1641 161.7781 134.8179 12.6310 21.5386 220.4724 122.5067 44.7213 142.9214 46.4412 98.3661 136.0242 132.9571 198.5841 161.0169 24.5849 88.4556 78.3941 0.0000 137.1655 49.1882 113.5054 145.9019 199.4415 101.0593 107.1656 94.2943 175.8272 166.0880 126.5436 77.4704 91.5066 32.8693 138.2758 60.1170 75.9271 179.2155 132.7145 73.5737 108.1033 91.0869 12.5222 83.7692 151.8884 104.2295 112.4957 159.5464 122.5243 68.0005 84.9465 6.6658 102.1460 75.0151 117.5536 69.1277 101.3246 146.2487 65.8116 87.0942 42.8904 162.6912
80.3645 136.3252 86.5895 185.6882 117.7760 102.0845 127.8573 112.5077 79.9380 169.1212 268.4723 130.4998 168.7996 176.3465 57.1904 85.9310 83.3831 56.8983 43.2126 8.3717 177.9432 33.0245 2.0752 178.2272 125.9903 220.3696 110.0872 177.8271 72.5127 127.8493 46.7291 125.2844 67.0013 11.7323 147.1829 78.4057 44.0761 69.4131 195.3185 89.4971 137.7953 66.8333 9.5693 123.8270 97.6835 139.8529 185.2273 137.1655 0.0000 198.9790 70.6810 27.3219 175.2286 164.7723 123.7349 112.9961 61.5965 133.9324 69.2947 143.1058 115.4159 149.0430 150.2898 169.9097 57.1702 124.0899 76.8980 208.4256 143.5832 204.1315 150.9157 216.2916 145.4794 128.1713 146.6751 142.7938 164.4838 78.2743 120.4421 52.4128 35.7599 123.4858 57.1974 43.8540 102.2193 13.3615 98.8443 60.5919 230.2939 50.9257
82.0901 153.2558 108.1263 142.7121 67.8607 168.9118 104.4706 44.5467 59.0517 107.3625 33.0549 110.5478 16.1962 173.4394 39.7795 18.2676 109.9007 103.0073 63.5216 159.4988 73.6358 148.4444 134.8772 27.6471 72.0230 70.7145 94.1244 7.1321 94.3056 125.8288 100.3680 123.1449 40.1996 59.3109 59.1095 133.7569 93.8441 109.8199 62.6311 108.1279 45.2738 136.7294 5.2338 155.5468 123.2158 171.5947 39.6475 49.1882 198.9790 0.0000 114.8900 126.7204 98.2619 105.8931 101.5066 56.6740 70.7280 54.3149 144.6779 159.2054 126.0213 65.0050 106.0997 82.7848 111.4558 223.2223 109.4550 90.3934 223.5010 91.8716 7.4874 89.9138 15.5030 84.5769 71.0818 36.1909 153.5199 102.5086 66.6683 98.0661 154.2427 96.3464 79.5418 117.7335 100.9514 83.0876 28.5116 38.8347 72.0703 46.2339
91.2459 132.8121 239.9405 153.5467 249.6656 34.9292 214.5767 192.4487 105.6627 105.0333 204.5069 70.5250 100.6043 111.3664 128.1356 154.5164 79.3273 118.0735 98.4910 102.4022 32.4417 87.3208 211.6197 167.3001 67.9494 115.7489 182.9759 45.5687 51.6531 13.1930 10.5178 51.3351 0.8122 165.8824 133.1434 75.4012 76.2951 158.7525 148.9003 139.7365 67.4301 135.1338 189.0197 219.4379 18.2511 205.3240 135.4597 113.5054 70.6810 114.8900 0.0000 149.4063 154.3552 110.6675 183.2623 142.3177 195.4394 34.5269 148.0546 62.9480 51.4900 138.7705 104.5745 96.6440 151.2571 144.7578 60.1784 153.1856 78.0540 247.1383 35.6490 58.1952 106.7193 121.6638 172.2144 42.0598 27.0391 82.8053 95.4087 69.4382 37.6216 36.9976 73.0275 54.3360 43.6775 51.8945 7.6226 37.3154 63.0471 89.8389
61.4562 142.5274 67.1185 87.7984 86.6646 108.7364 107.6462 135.9470 127.3384 61.7132 225.5155 265.9491 175.4281 67.1105 146.1788 92.2584 114.1169 132.0503 147.1670 91.5271 134.3937 109.6001 24.1389 72.1350 133.5157 159.7259 84.7797 94.3882 124.0511 90.1135 107.9567 75.1341 205.6122 118.7347 31.0954 97.6764 87.5498 99.2312 39.8733 10.4387 56.7648 100.9106 104.1397 106.9709 26.1427 74.1861 146.4097 145.9019 27.3219 126.7204 149.4063 0.0000 145.8069 66.2300 133.0456 117.9951 210.0426 102.2977 157.5077 217.0079 193.8749 67.6129 40.3953 42.2236 133.3966 196.1728 99.5191 19.4176 138.5202 62.0176 109.4755 115.3104 57.2667 128.9735 64.0777 200.2877 108.0536 52.8254 88.2242 140.2964 90.3010 122.4428 62.3326 139.2983 140.2615 234.6478 155.7256 175.4870 51.6563 70.1311
