90
0.0000 28.0150 78.6446 115.1274 149.9371 11.7520 108.0087 48.2997 117.4085 179.5337 225.5707 172.5277 114.8965 93.0931 115.8217 119.4435 215.1445 34.8951 105.1786 252.6883 138.6205 284.8810 155.1529 124.3331 195.7153 104.6596 137.8891 25.1165 95.5022 45.5175 65.9186 171.8771 151.3840 162.7297 36.6181 100.0369 104.3600 127.1693 113.6144 113.0600 125.5540 133.8051 165.9038 28.2708 64.0034 112.5451 179.6145 156.2275 18.2936 118.3175 7.3442 115.0798 97.6434 132.1499 135.1780 67.1996 84.1888 125.5326 151.5839 142.5487 197.0622 91.8465 215.1309 49.7456 149.9397 127.7646 170.2159 89.8757 8.5522 132.0767 117.5595 92.2965 78.9794 25.9016 82.4995 80.6932 91.1706 43.8433 121.3225 149.3838 108.2649 31.2479 181.9533 191.1002 17.0972 57.5784 83.0663 107.3634 92.1056 97.8316
28.0150 0.0000 99.6567 87.8248 25.9673 144.2719 128.2828 150.3206 47.0394 133.0852 49.3616 90.9275 164.7836 103.7264 117.1723 44.5451 110.1377 29.5481 37.4401 72.9320 115.8929 191.6524 164.5167 192.6314 261.1177 104.5995 41.6416 119.2674 101.8844 32.2431 169.9236 148.3919 131.1820 160.2427 45.5233 84.2331 72.0686 153.7620 97.6648 202.0347 147.8643 282.2096 64.6852 146.9549 66.4039 125.4747 144.2536 113.2668 13.1923 94.3649 98.2147 158.1130 73.8971 105.9079 106.6096 136.8479 69.7175 95.7503 71.8402 21.8401 4.4026 3.2457 81.7096 4.9677 127.3545 105.7518 43.1243 125.4288 119.4604 128.9683 207.3603 126.2937 70.4635 191.0480 69.2912 159.3568 61.7832 46.8116 161.4245 137.9389 35.7748 151.3970 94.5284 117.1143 47.1841 130.7351 185.0076 16.4717 28.8728 136.2688
78.6446 99.6567 0.0000 95.0040 146.4717 66.8799 53.8892 85.0573 79.3081 181.3667 79.4552 110.5624 89.3921 181.2757 89.4520 112.6532 61.3067 76.9421 128.2226 100.9669 122.4382 153.4329 42.2276 80.4961 179.4472 91.7287 103.9681 99.6450 110.9560 100.4335 178.1027 77.6886 118.7130 161.1870 197.1015 125.4766 34.2735 167.6491 167.8133 207.7293 105.9959 22.8447 116.8215 112.6900 72.8876 211.2516 152.6958 35.5552 46.4647 107.1761 110.9261 56.3992 88.7677 18.8438 68.2824 88.8898 8.1324 72.4451 110.7557 59.5773 54.9341 132.0735 70.3766 153.3180 43.9704 63.6196 48.6628 150.6161 36.8336 72.8412 58.0601 188.9642 73.1139 137.5179 91.5677 77.9043 63.4991 143.7494 125.1360 73.6618 127.7456 125.0043 131.9142 88.8708 20.1564 55.8053 61.3043 99.9142 126.5307 195.4276
115.1274 87.8248 95.0040 0.0000 234.3924 146.5327 68.9008 138.8501 154.9644 113.4457 104.7335 90.3132 42.3394 73.1985 54.3051 55.7255 122.7956 6.2579 65.7067 101.4235 149.1472 111.8772 112.8154 121.5349 105.4876 69.0226 97.7149 52.8271 149.6522 86.0937 105.4890 124.5238 168.7778 155.6801 139.1775 115.5463 63.5322 203.4765 131.6166 244.7833 38.3768 165.7548 45.0313 119.9454 120.1601 25.7889 93.2154 107.1611 159.5735 46.3755 167.4718 100.2247 90.4932 206.8747 34.0211 184.4122 126.4536 150.8461 110.5749 95.6241 44.4929 87.5203 61.4758 98.7746 68.7074 146.7455 46.7684 130.6250 85.4263 83.5378 85.5178 156.5368 71.5958 130.7563 98.2151 144.0007 81.7820 102.3434 14.6293 84.7348 98.9716 79.1808 104.8008 120.6165 188.1550 30.9904 47.1676 110.4149 113.6470 247.0241
149.9371 25.9673 146.4717 234.3924 0.0000 80.1769 150.7928 59.4472 27.0536 118.6178 203.0823 62.7257 145.1209 138.9564 47.6654 90.7367 37.2196 72.4850 171.8289 206.5655 53.4138 145.6938 19.1189 95.4915 172.5249 147.8539 46.4032 102.1071 117.5020 113.8373 69.4807 35.1695 125.6981 159.9268 115.9035 92.5903 88.7314 26.6797 74.1579 122.4797 228.2795 72.7004 71.2283 41.8142 8.7991 76.7738 107.0227 41.2166 167.6681 52.6860 84.3135 194.6039 143.8589 79.6651 113.9328 64.3004 97.6169 102.9628 107.9550 136.3924 114.2486 102.8907 115.2081 81.0578 143.1278 35.9851 198.7432 73.2921 57.7527 127.3720 74.4099 61.1089 45.0960 58.5233 103.4503 108.3519 108.7378 138.0745 112.1683 51.0087 49.8834 104.4906 159.7157 98.4155 110.4999 108.7679 90.8914 73.0891 195.6696 49.4233
11.7520 144.2719 66.8799 146.5327 80.1769 0.0000 114.8569 197.8972 107.4290 8.3972 112.5711 38.5218 87.4668 115.4942 138.5268 40.8098 112.8234 61.7668 45.2162 118.0094 215.0371 182.0188 106.0947 166.4996 103.5282 52.3893 109.0105 127.8103 217.3902 101.1475 31.9731 162.2846 37.7704 140.4076 118.2225 117.8247 70.6622 247.2084 62.9106 148.7428 95.1130 101.8514 174.3484 61.8107 120.3299 96.2943 72.2297 124.9266 156.4749 99.6723 48.8895 106.1323 177.0125 161.9594 98.1483 58.3198 10.6988 66.2909 84.1675 77.4350 150.0139 114.6065 202.1719 49.1434 105.2588 235.5760 115.2964 207.0936 106.3816 15.4468 128.2322 52.3087 91.0359 138.6955 124.6059 115.8092 114.9834 109.7573 70.6187 210.5525 208.0475 223.3818 67.6284 132.6744 129.6466 100.2916 54.9105 81.0976 124.3974 88.7277
108.0087 128.2828 53.8892 68.9008 150.7928 114.8569 0.0000 146.7212 158.2299 141.0459 105.0290 190.9402 59.7733 135.0522 45.1027 97.2371 147.7400 114.3775 109.0030 185.2024 53.6074 64.3149 220.2104 48.6823 105.3896 86.3893 166.8552 11.9196 57.0131 160.4639 112.6016 5.7483 44.7233 70.5320 28.4248 164.0546 90.8529 155.4887 40.5526 76.9604 39.2580 123.3628 131.6948 87.3967 60.5975 130.1094 78.1383 168.2182 104.0216 81.4160 73.8407 4.4385 164.6434 2.0874 97.2891 140.0273 116.0060 133.5524 74.6954 130.7652 131.8687 147.7550 19.6305 46.6062 81.7220 78.9449 95.0709 71.9110 102.4953 105.9443 92.7113 109.8620 72.4320 159.8197 1.5520 163.3353 91.7275 105.4769 175.5901 188.2698 115.3940 19.9579 46.4527 120.5160 34.0218 13.3594 104.5190 60.0883 79.8519 180.1029
48.2997 150.3206 85.0573 138.8501 59.4472 197.8972 146.7212 0.0000 138.1842 75.9846 215.1696 161.2376 174.7752 3.6658 82.9158 241.7204 78.0080 123.3138 62.2128 112.6072 119.0865 180.8081 131.9475 104.1366 123.7470 65.3391 111.8973 86.1115 98.8904 37.0737 97.1390 109.0427 5.4909 1.6805 87.8119 61.1645 81.1098 110.9956 53.4571 74.1632 104.8038 155.9344 28.6370 75.7547 77.2124 48.7704 20.3435 52.9458 106.3879 152.5649 208.7219 59.4910 90.3617 23.0688 167.3695 121.7939 77.1328 140.1629 264.7032 142.8201 87.9234 132.2506 82.3069 33.2319 159.9644 180.4127 139.8592 59.7476 44.1754 15.3518 117.6400 67.7569 134.8910 72.6971 29.0833 36.3228 165.3166 123.6014 121.5196 100.1812 59.3279 15.9840 60.5227 152.1766 27.1144 109.4058 55.0343 43.1842 58.1303 113.2332
117.4085 47.0394 79.3081 154.9644 27.0536 107.4290 158.2299 138.1842 0.0000 105.7164 121.6444 76.4853 135.2583 3.6182 19.2068 48.5069 106.0037 83.6729 103.7615 67.4548 61.3385 35.4611 78.8388 114.0685 206.9626 303.9159 68.2591 59.6940 156.0420 127.1450 53.6135 29.0393 124.7072 147.4296 97.4923 186.7765 72.2196 179.9652 102.8601 190.4053 89.9170 206.1954 102.8446 187.4004 45.4413 81.0538 134.2357 37.1537 75.3888 147.9656 79.5455 56.8441 83.8688 130.3945 116.3170 44.3829 185.7078 42.3741 21.1724 120.3848 65.0847 196.1016 52.6465 89.8228 44.8569 198.2031 102.7024 143.8664 147.1934 126.0644 126.2954 98.5070 140.8484 152.4076 102.5834 118.8894 199.7584 111.2384 179.3338 145.9696 141.4353 168.7452 92.9633 106.6942 193.9778 211.4505 148.6805 63.0956 47.9093 122.5408
179.5337 133.0852 181.3667 113.4457 118.6178 8.3972 141.0459 75.9846 105.7164 0.0000 121.7645 234.5734 110.7190 76.3686 79.8528 15.3231 74.9061 68.0926 56.4131 122.1695 50.4554 205.0836 29.7441 101.7278 103.8805 148.4674 55.9587 42.5181 89.7364 125.6157 14.7394 73.9839 141.8261 219.7403 123.2778 219.3449 116.7180 71.0193 78.4761 22.5729 151.2945 30.5053 157.4890 86.2152 124.1991 106.9901 246.2134 138.0910 68.8590 171.1062 141.5551 28.9499 79.1634 104.4411 47.8368 65.9639 62.4648 176.8387 215.4982 73.5162 76.9485 34.5364 40.3293 85.5713 45.6554 191.4243 161.4719 16.3560 102.5905 100.2835 113.6868 38.2851 64.0542 38.9294 59.0466 88.8690 54.7868 80.3554 94.8535 164.5554 172.6304 137.0132 192.7318 134.5936 93.2339 165.2569 119.8138 144.5793 121.8430 146.0070
225.5707 49.3616 79.4552 104.7335 203.0823 112.5711 105.0290 215.1696 121.6444 121.7645 0.0000 53.7423 99.6116 117.8005 81.4770 85.1860 149.5762 130.0144 88.1795 111.1200 148.3199 141.6711 89.1477 176.4611 124.9947 99.2689 39.3515 157.0589 78.8387 119.1904 214.8365 66.3805 111.8471 136.8485 63.6646 107.6080 46.5867 111.9846 91.2220 73.7316 182.9807 54.8852 177.4700 33.8873 132.6663 133.1146 196.7248 38.6055 174.9931 209.7105 57.7615 51.9840 102.8150 80.3198 39.5467 17.4146 30.4238 59.8929 199.3230 186.7766 83.3656 93.1788 118.0668 8.1276 131.5143 65.1891 166.3422 36.2196 182.6124 50.3936 97.7523 196.3721 123.2934 132.9692 182.6218 50.7025 40.2369 140.8248 109.1933 93.4247 59.6216 91.4240 63.6051 101.4330 195.1359 147.3088 94.0538 125.0155 51.3573 34.4080
172.5277 90.9275 110.5624 90.3132 62.7257 38.5218 190.9402 161.2376 76.4853 234.5734 53.7423 0.0000 95.2527 48.1705 91.3459 13.8362 111.3814 103.8139 84.2108 103.7926 68.5680 56.1672 164.5792 133.7331 171.3042 135.6062 201.8352 246.2544 92.6804 30.6580 13.8889 29.9506 151.2924 100.3523 167.5294 113.5676 97.4517 128.7778 106.9693 83.3215 142.0710 58.0148 178.3657 118.4825 87.3100 110.7718 137.0323 40.1741 72.3950 122.9722 54.1288 159.0240 129.0823 57.7774 101.0086 68.2185 75.5287 165.4941 171.4529 147.3012 152.6456 142.8715 86.3747 140.4020 50.7396 136.0764 191.6036 182.0512 114.4724 63.6937 216.5468 60.5296 76.5829 151.9997 136.1515 192.2471 68.7914 97.1616 191.5414 171.4140 108.6487 61.0889 103.5014 155.8546 142.8976 174.4538 46.4393 96.1973 29.3348 103.5516
114.8965 164.7836 89.3921 42.3394 145.1209 87.4668 59.7733 174.7752 135.2583 110.7190 99.6116 95.2527 0.0000 172.2647 120.4239 186.2902 249.1221 121.3116 151.7092 228.5383 158.0616 121.6990 160.4706 125.1623 38.6274 69.0264 134.7809 65.8534 2.8840 165.3647 39.5909 105.3161 57.8513 89.1885 54.9699 142.8705 87.5725 129.3647 125.2473 134.0961 32.4356 131.2371 190.3511 87.9754 169.3195 30.1290 166.1304 39.2739 125.8275 120.4627 27.9268 124.1974 198.4035 56.5944 275.4167 125.0053 185.7523 82.0316 205.6681 60.9872 68.3377 86.1656 90.9117 115.6375 159.8803 203.6025 181.5584 135.7473 116.3822 113.1591 215.0918 65.1047 144.5360 175.8729 154.7910 104.5356 108.2452 100.1310 63.4072 130.2389 152.6811 63.6639 233.3276 130.9424 97.5865 147.7533 167.2456 105.1347 118.9687 48.3501
93.0931 103.7264 181.2757 73.1985 138.9564 115.4942 135.0522 3.6658 3.6182 76.3686 117.8005 48.1705 172.2647 0.0000 3.4761 29.8348 29.9043 185.8925 57.9428 64.0513 122.7406 59.0148 203.5496 19.7997 123.2730 162.3673 124.6553 164.6820 101.1001 136.5028 20.6796 24.2294 144.3957 170.5209 75.3796 66.8744 105.6455 176.6037 90.8003 96.6261 172.3022 127.0420 156.6642 24.7565 65.7366 119.4215 61.9106 63.7009 125.7525 111.1419 106.5618 114.8697 94.5789 161.6667 13.3650 88.0875 6.2804 3.8021 116.3160 114.8790 192.6995 197.5058 109.9379 171.5742 19.8798 119.6983 60.7771 29.2901 153.4895 215.3279 213.4484 73.8224 59.5065 104.3471 130.3442 99.3423 113.1292 131.6809 46.7290 72.8141 241.5621 140.7047 110.8091 146.7048 168.2788 15.8642 33.7362 42.1100 131.5520 125.0172
115.8217 117.1723 89.4520 54.3051 47.6654 138.5268 45.1027 82.9158 19.2068 79.8528 81.4770 91.3459 120.4239 3.4761 0.0000 154.6917 30.1982 61.4225 82.5267 129.4185 126.3454 101.3932 76.9811 81.1480 9.3179 15.0178 131.5621 58.4260 102.7845 89.3236 120.9673 156.9806 104.4743 116.8438 94.2069 58.5879 184.8931 107.6449 103.0624 87.4888 85.2029 33.6488 85.6542 95.1381 101.5843 133.1065 89.8219 38.3041 43.0802 130.3658 149.1805 95.5242 174.3240 163.9548 78.2334 69.8827 44.7747 197.0237 59.8445 47.9875 79.5400 103.6588 69.6360 72.4109 30.7957 199.2089 37.2410 64.4835 20.5477 35.0277 247.6507 178.1751 9.7392 155.6374 90.6578 61.9327 16.8525 207.5109 85.6654 50.6470 58.7759 114.1176 93.7995 117.6386 172.6087 76.5969 176.4949 160.6354 214.1575 257.5947
119.4435 44.5451 112.6532 55.7255 90.7367 40.8098 97.2371 241.7204 48.5069 15.3231 85.1860 13.8362 186.2902 29.8348 154.6917 0.0000 163.3715 64.8739 106.1380 27.4442 82.8129 120.7337 14.2732 109.2031 14.9868 98.9700 166.3501 8.7425 6.3298 160.5838 118.1297 136.7298 20.6208 73.4753 31.9014 116.6955 163.7373 140.9316 158.1357 107.4213 85.8300 27.6870 152.7800 94.3454 108.9301 141.0464 79.0129 126.7421 172.5483 66.8140 123.5530 34.8848 107.4078 135.2844 177.6370 159.3933 121.7702 26.9284 117.7625 147.4314 87.8369 12.8625 140.3004 145.6984 148.3623 49.9509 109.0765 243.6219 113.7269 187.0377 52.0569 154.6255 90.8885 144.5734 157.5207 85.2408 80.0485 110.6161 167.1176 123.4209 78.3104 159.6403 83.0528 82.4377 124.6688 82.9815 148.9101 56.7788 61.1012 28.4596
215.1445 110.1377 61.3067 122.7956 37.2196 112.8234 147.7400 78.0080 106.0037 74.9061 149.5762 111.3814 249.1221 29.9043 30.1982 163.3715 0.0000 104.4477 30.3626 41.1662 33.8830 126.2827 76.5295 123.8103 66.2951 9.5859 164.0465 150.3846 64.7667 26.0826 39.8263 72.1916 124.6632 34.0053 166.8574 210.9101 251.8991 136.0169 103.1179 64.9973 96.3731 32.0214 214.9798 139.2772 161.4100 27.8102 144.1632 100.5912 70.4296 163.7517 181.5363 230.7926 80.0771 101.5269 57.7812 22.0488 79.1954 196.1515 152.7446 58.0079 172.4307 47.7443 166.1521 83.3007 147.8171 132.1826 138.3059 97.8367 99.6273 16.4006 139.4570 31.4694 80.3078 155.6672 241.2635 81.4294 126.6345 191.5856 93.6155 134.6480 122.7159 241.7756 123.8497 40.9650 60.9699 159.3340 120.4449 144.0225 139.9628 151.1841
34.8951 29.5481 76.9421 6.2579 72.4850 61.7668 114.3775 123.3138 83.6729 68.0926 130.0144 103.8139 121.3116 185.8925 61.4225 64.8739 104.4477 0.0000 153.9185 78.9643 92.9748 135.5142 101.7444 137.3637 143.7845 127.2465 62.4993 100.7784 100.7970 147.8143 110.1846 268.7717 149.3867 138.1301 47.1744 169.9522 53.6811 97.9479 124.7212 33.3516 113.8972 128.3526 110.0233 140.5882 72.9142 95.0924 83.4327 6.7659 39.8391 53.7705 138.3023 93.7316 125.3006 191.9852 63.8831 61.2129 133.4176 126.6816 122.9277 73.2244 201.1114 72.0551 246.7162 77.2360 12.2133 132.3160 173.4509 152.9733 183.2361 215.6919 82.9807 63.6510 174.4535 159.2987 46.9502 68.5364 131.1170 54.5892 79.6413 138.7630 162.3076 136.4535 260.0058 148.0658 17.6155 71.2142 50.1177 96.4073 126.0735 51.6491
105.1786 37.4401 128.2226 65.7067 171.8289 45.2162 109.0030 62.2128 103.7615 56.4131 88.1795 84.2108 151.7092 57.9428 82.5267 106.1380 30.3626 153.9185 0.0000 103.2201 144.4829 45.5667 23.4800 88.3919 137.3121 98.5136 35.7686 55.0426 113.6476 171.9394 110.8967 105.7188 169.1106 131.3470 174.8387 190.2098 52.5854 69.0942 160.9090 116.1292 101.5054 143.9252 28.7565 46.4871 176.4632 132.9964 119.4829 171.9433 175.9342 26.2788 169.3345 50.9840 102.9309 115.8763 113.9299 107.7696 68.3138 36.2281 137.6331 107.8404 91.0778 45.6999 78.3337 26.3920 32.5155 103.2875 74.4197 108.2811 39.2023 161.7705 140.9821 51.5046 221.8420 170.9486 47.7508 36.4447 193.9751 43.7289 68.8377 174.5502 102.8440 43.8011 198.0910 157.1510 65.8578 170.9366 49.6709 157.8128 18.3877 81.1388
252.6883 72.9320 100.9669 101.4235 206.5655 118.0094 185.2024 112.6072 67.4548 122.1695 111.1200 103.7926 228.5383 64.0513 129.4185 27.4442 41.1662 78.9643 103.2201 0.0000 127.0421 165.1693 179.2000 120.3904 43.7537 97.3410 173.6458 73.0338 92.6321 155.1066 161.7671 170.1051 147.3852 24.2826 20.1395 116.1792 141.7094 53.0443 70.0098 124.4727 44.5306 179.0079 167.2369 140.1626 28.8101 140.2337 21.6351 162.9374 171.7032 147.8689 81.8645 106.8313 82.4710 80.7650 168.1560 151.2778 158.2077 156.0734 93.1985 139.5094 74.0585 124.4671 66.0863 196.0184 132.9536 118.9683 73.1863 72.5678 135.1916 172.6782 29.0164 153.1286 112.0864 141.9227 69.3197 96.3959 27.1804 5.5005 112.6815 205.1640 122.9001 28.2249 129.7183 10.6246 44.3524 93.5115 192.4170 153.9388 115.3853 107.3913
138.6205 115.8929 122.4382 149.1472 53.4138 215.0371 53.6074 119.0865 61.3385 50.4554 148.3199 68.5680 158.0616 122.7406 126.3454 82.8129 33.8830 92.9748 144.4829 127.0421 0.0000 37.9768 140.6962 125.4599 91.7228 184.1287 123.1722 87.3548 104.1991 38.1698 161.9646 153.8878 104.5431 144.9305 89.3945 139.7259 28.7020 197.6829 80.7174 7.6052 170.3470 105.6909 24.2801 15.0614 129.0667 0.8440 149.7423 40.5757 135.7529 85.3376 119.6303 109.8036 84.1596 90.3085 163.9973 78.1774 176.4506 82.2602 129.1423 33.7769 39.9827 100.0662 104.1656 120.0790 151.8492 130.5839 4.8621 116.9425 128.1521 166.4244 145.5006 182.1108 139.4350 123.0506 80.8319 148.0814 156.3230 124.9718 47.9934 84.1861 104.2186 94.7769 100.1513 90.2990 126.7184 138.8545 87.2484 49.7064 104.0142 79.5854
284.8810 191.6524 153.4329 111.8772 145.6938 182.0188 64.3149 180.8081 35.4611 205.0836 141.6711 56.1672 121.6990 59.0148 101.3932 120.7337 126.2827 135.5142 45.5667 165.1693 37.9768 0.0000 89.6321 8.2425 47.6498 128.6797 206.2903 19.4490 147.2991 98.5761 98.0998 116.1876 83.1679 157.1049 63.3904 85.2911 176.6101 15.6895 94.4965 43.1791 106.6828 135.6192 241.5044 51.6017 43.7478 93.6135 188.9825 154.5828 112.7817 99.0196 156.4578 119.4456 131.5005 87.7094 131.8835 65.5865 33.1836 144.3434 126.2044 26.8463 118.7982 89.1041 141.4134 102.2971 84.5443 133.1031 56.1739 166.2112 60.1239 137.0849 143.5139 158.6643 58.1433 79.7729 13.8157 108.1316 43.2453 70.5820 217.1037 144.6861 101.7839 80.9438 66.7260 105.4871 9.0304 52.7703 80.1123 90.3150 126.4615 196.7985
155.1529 164.5167 42.2276 112.8154 19.1189 106.0947 220.2104 131.9475 78.8388 29.7441 89.1477 164.5792 160.4706 203.5496 76.9811 14.2732 76.5295 101.7444 23.4800 179.2000 140.6962 89.6321 0.0000 249.1566 97.5303 140.2960 206.2153 75.6752 167.0995 133.5629 157.8062 80.9516 177.5648 83.6030 11.5557 187.3833 34.8094 75.1317 172.5983 163.7825 90.6617 116.3343 62.5812 125.7002 146.9990 174.1448 64.6514 35.7027 171.2723 81.8029 34.4545 59.7207 68.2237 137.4688 127.1548 42.5966 193.1153 182.9187 234.3022 67.2033 93.2735 119.5892 181.7586 172.4299 65.1311 126.7326 48.9809 68.7458 110.7128 23.2298 47.2515 51.2642 44.8969 110.0761 58.4758 98.9924 101.5745 147.3796 15.2429 95.7095 177.1243 173.2796 29.7905 76.7272 109.5310 157.9250 96.1727 16.2611 58.2644 71.0719
124.3331 192.6314 80.4961 121.5349 95.4915 166.4996 48.6823 104.1366 114.0685 101.7278 176.4611 133.7331 125.1623 19.7997 81.1480 109.2031 123.8103 137.3637 88.3919 120.3904 125.4599 8.2425 249.1566 0.0000 82.6700 103.3101 105.2333 71.1509 119.1375 176.3721 42.1598 137.5308 196.2454 58.6284 131.3131 118.6191 120.7104 46.3381 112.3132 64.7440 117.4446 72.2533 117.8333 128.5699 36.2680 52.2107 55.3966 136.1060 60.8929 154.5738 49.3453 94.7469 78.7926 95.9466 119.0596 25.2287 22.5537 158.9329 152.4839 91.0231 171.2553 68.6115 110.0439 52.3180 12.0600 10.8023 170.5438 152.1836 9.2132 82.3382 167.2202 95.5532 138.7824 119.4428 105.7530 79.5349 44.9998 66.7850 175.3370 111.8765 176.6845 216.6027 43.5725 133.3754 159.1768 97.7006 93.6267 58.2811 144.8177 159.4490
195.7153 261.1177 179.4472 105.4876 172.5249 103.5282 105.3896 123.7470 206.9626 103.8805 124.9947 171.3042 38.6274 123.2730 9.3179 14.9868 66.2951 143.7845 137.3121 43.7537 91.7228 47.6498 97.5303 82.6700 0.0000 50.4858 91.1083 151.3853 129.7206 134.3819 66.1615 33.8907 110.0558 99.5090 71.7356 129.7585 20.4232 86.2298 126.1328 137.1901 1.0073 24.7456 106.3872 174.8866 153.9970 15.4822 69.0630 78.5906 31.3686 127.8100 69.9705 92.8514 129.1622 85.1247 132.2940 95.0212 145.0821 104.7601 43.0043 98.0287 146.3517 43.0824 49.7563 100.0017 141.3075 87.5893 91.1981 170.7404 75.5213 58.3229 204.4146 10.7251 89.9107 65.8004 153.7944 124.8644 109.2717 74.3349 26.5061 38.6375 141.8643 132.8478 155.2247 26.9153 158.1934 53.1846 130.9198 47.5103 45.1232 23.8796
104.6596 104.5995 91.7287 69.0226 147.8539 52.3893 86.3893 65.3391 303.9159 148.4674 99.2689 135.6062 69.0264 162.3673 15.0178 98.9700 9.5859 127.2465 98.5136 97.3410 184.1287 128.6797 140.2960 103.3101 50.4858 0.0000 94.6233 109.4231 137.5731 137.2375 54.5198 97.4838 115.6902 90.7281 78.8407 104.9384 26.3726 25.0174 175.3029 151.4694 54.6513 134.2701 43.9743 103.0768 96.7736 94.5289 63.3056 34.7221 60.0527 177.3968 130.9976 213.8012 91.4495 124.6166 102.6721 133.6969 200.2772 112.3422 108.8978 107.4164 54.8251 67.1002 60.3521 109.7312 66.0581 127.2529 92.2494 81.1223 90.5952 142.4728 77.7564 95.4322 160.1948 5.1532 147.9761 68.8381 39.5741 124.5094 107.3191 173.2600 92.9820 197.6168 31.2767 120.2700 101.5527 70.6342 98.6577 29.9081 129.4044 220.9367
137.8891 41.6416 103.9681 97.7149 46.4032 109.0105 166.8552 111.8973 68.2591 55.9587 39.3515 201.8352 134.7809 124.6553 131.5621 166.3501 164.0465 62.4993 35.7686 173.6458 123.1722 206.2903 206.2153 105.2333 91.1083 94.6233 0.0000 84.4705 138.5528 142.7873 115.0175 73.2825 89.0825 169.0968 123.2857 28.5793 83.1917 62.3885 33.8889 69.7759 56.0586 151.1648 185.3090 30.4660 2.5429 122.7789 126.7647 201.9431 30.3714 135.7473 82.9736 111.3343 107.8631 131.7373 83.2070 98.8374 77.6925 60.4333 115.5257 94.8295 19.0130 19.6742 31.4470 136.9816 97.5595 208.7615 200.3427 83.3652 170.3353 127.4579 75.4702 89.1982 93.4279 158.8452 127.5937 67.1813 203.3179 58.0030 62.5893 111.3952 93.1408 22.6632 83.3751 76.6794 57.7626 128.3375 68.8650 131.9820 214.2483 154.4644
25.1165 119.2674 99.6450 52.8271 102.1071 127.8103 11.9196 86.1115 59.6940 42.5181 157.0589 246.2544 65.8534 164.6820 58.4260 8.7425 150.3846 100.7784 55.0426 73.0338 87.3548 19.4490 75.6752 71.1509 151.3853 109.4231 84.4705 0.0000 77.5888 36.3363 94.7486 86.7558 115.2981 35.8384 102.1511 156.3330 103.6823 63.1148 66.5250 31.2619 113.3866 130.5629 74.7107 83.8987 61.6023 156.0972 51.7187 192.2671 166.1736 219.3599 71.1323 133.8510 82.0900 132.5866 153.4569 308.9062 161.1469 60.7321 152.4793 179.6367 124.0930 159.2823 165.4226 152.6845 120.4083 69.3203 125.1173 113.2262 64.6520 114.9763 7.8495 7.0231 171.3411 123.9687 72.9999 32.7290 104.6592 69.1247 164.0459 93.2970 54.0348 114.1901 24.5030 107.3855 57.3267 161.8405 80.3609 119.3217 53.3507 92.6049
95.5022 101.8844 110.9560 149.6522 117.5020 217.3902 57.0131 98.8904 156.0420 89.7364 78.8387 92.6804 2.8840 101.1001 102.7845 6.3298 64.7667 100.7970 113.6476 92.6321 104.1991 147.2991 167.0995 119.1375 129.7206 137.5731 138.5528 77.5888 0.0000 100.5181 89.9135 132.1147 108.8347 100.2345 247.7625 127.9209 177.1413 58.6152 109.4471 108.9247 52.5070 145.9105 55.4096 51.5396 145.5749 209.7134 76.7931 84.7312 162.7166 79.7662 175.6904 79.9907 76.1537 13.4251 120.8212 80.7831 94.3875 103.0853 0.8574 119.3426 124.0942 54.5310 215.8982 90.2335 122.6655 199.2135 19.2734 56.8593 55.0152 36.1606 102.7987 116.2350 154.8956 134.1424 139.7511 130.8887 29.9534 68.5260 65.6771 120.4309 52.0857 95.4055 141.8052 167.4643 77.8257 113.2923 70.9439 130.2429 11.3744 95.8506
45.5175 32.2431 100.4335 86.0937 113.8373 101.1475 160.4639 37.0737 127.1450 125.6157 119.1904 30.6580 165.3647 136.5028 89.3236 160.5838 26.0826 147.8143 171.9394 155.1066 38.1698 98.5761 133.5629 176.3721 134.3819 137.2375 142.7873 36.3363 100.5181 0.0000 49.3249 63.1340 111.5268 95.9050 66.3446 55.9302 52.1184 117.5931 42.5586 60.0014 111.6426 88.5688 116.3738 137.1184 22.3813 54.5852 222.6453 11.2529 78.7044 42.5391 10.7777 69.0467 107.4205 108.0974 80.8485 87.3378 116.3971 24.0691 69.3381 49.0553 149.8742 82.2976 92.1326 116.8034 118.8697 96.1086 97.6710 108.5462 66.7458 77.9750 75.6067 160.1765 27.9522 73.3398 63.9156 84.4682 57.7951 127.6668 152.1882 28.7228 101.5245 210.4750 58.5201 93.5438 77.9024 166.3985 64.7832 104.4430 87.9318 80.6141
65.9186 169.9236 178.1027 105.4890 69.4807 31.9731 112.6016 97.1390 53.6135 14.7394 214.8365 13.8889 39.5909 20.6796 120.9673 118.1297 39.8263 110.1846 110.8967 161.7671 161.9646 98.0998 157.8062 42.1598 66.1615 54.5198 115.0175 94.7486 89.9135 49.3249 0.0000 73.9691 81.7042 72.6593 39.7816 111.5489 14.9833 101.7306 131.5919 100.2879 80.1487 86.0793 183.2617 54.7997 97.3378 81.2309 202.6502 96.6844 151.1109 31.5432 34.6578 197.2161 157.4694 32.5583 144.5105 206.2108 168.5257 100.5509 93.7854 29.6634 52.7946 56.5078 26.5083 195.0069 134.2394 99.0199 82.4750 126.9679 61.7877 162.4844 118.1875 123.0665 36.7959 130.0479 185.2629 81.5719 146.3790 246.9362 107.0525 101.2514 146.2729 122.2713 197.0141 130.6534 21.8374 90.1523 118.0850 218.7108 189.7603 183.3491
171.8771 148.3919 77.6886 124.5238 35.1695 162.2846 5.7483 109.0427 29.0393 73.9839 66.3805 29.9506 105.3161 24.2294 156.9806 136.7298 72.1916 268.7717 105.7188 170.1051 153.8878 116.1876 80.9516 137.5308 33.8907 97.4838 73.2825 86.7558 132.1147 63.1340 73.9691 0.0000 26.9760 127.5228 103.9842 139.4367 125.0998 6.4981 105.2674 92.4263 122.9827 182.8687 216.1594 9.2019 118.3983 93.6163 113.3974 134.3068 145.9784 98.4055 158.7464 82.7211 159.0295 147.2792 79.9275 88.5654 165.5653 158.6356 23.9843 120.1497 195.3536 126.2734 63.3758 101.9402 167.1664 44.1533 48.9720 108.7718 232.1065 93.7291 132.0065 74.8630 110.8406 28.0437 53.6407 101.1785 138.6556 161.8120 161.0101 141.0101 85.1164 106.3386 81.2226 84.1993 114.6245 124.2292 184.2866 133.4344 68.8456 221.6567
151.3840 131.1820 118.7130 168.7778 125.6981 37.7704 44.7233 5.4909 124.7072 141.8261 111.8471 151.2924 57.8513 144.3957 104.4743 20.6208 124.6632 149.3867 169.1106 147.3852 104.5431 83.1679 177.5648 196.2454 110.0558 115.6902 89.0825 115.2981 108.8347 111.5268 81.7042 26.9760 0.0000 105.4007 137.9443 47.3808 231.2388 127.0133 173.6887 136.7626 64.6209 102.0057 172.2459 208.4153 132.3750 163.5750 113.4930 135.0902 26.9279 117.8682 63.7919 79.4060 108.5598 197.5276 48.0348 173.9489 102.4342 121.5418 6.4812 117.8119 146.5218 173.4854 88.8262 154.8611 21.3645 159.7106 110.7263 75.0420 26.1107 22.0066 60.7299 76.3284 100.8128 111.1458 49.0131 98.5127 94.8306 37.1350 36.3198 133.3947 81.9298 123.0218 183.0845 145.1012 61.0674 107.4561 42.5084 29.7046 91.6366 10.8317
162.7297 160.2427 161.1870 155.6801 159.9268 140.4076 70.5320 1.6805 147.4296 219.7403 136.8485 100.3523 89.1885 170.5209 116.8438 73.4753 34.0053 138.1301 131.3470 24.2826 144.9305 157.1049 83.6030 58.6284 99.5090 90.7281 169.0968 35.8384 100.2345 95.9050 72.6593 127.5228 105.4007 0.0000 68.9874 121.9482 116.0617 68.8284 171.5310 178.4293 18.6675 154.2198 120.2230 123.9565 90.2514 94.6501 73.1534 86.6085 169.7295 140.4648 170.2126 107.7998 217.7248 59.7933 60.9776 90.0576 192.5539 114.7426 152.7314 103.7720 90.7547 89.7997 29.4524 46.9399 116.2413 153.4948 135.5695 50.3920 112.1735 120.2839 82.1040 121.9279 147.2929 35.3106 51.0370 184.1429 102.7095 55.7891 44.4808 144.7427 68.6193 100.8083 121.1954 207.0602 166.0305 219.0652 176.9496 105.0307 139.8662 53.1485
36.6181 45.5233 197.1015 139.1775 115.9035 118.2225 28.4248 87.8119 97.4923 123.2778 63.6646 167.5294 54.9699 75.3796 94.2069 31.9014 166.8574 47.1744 174.8387 20.1395 89.3945 63.3904 11.5557 131.3131 71.7356 78.8407 123.2857 102.1511 247.7625 66.3446 39.7816 103.9842 137.9443 68.9874 0.0000 113.1247 168.6498 100.9639 142.8774 152.8780 163.2497 145.3271 107.9894 125.8391 85.5316 42.7609 151.0512 75.9307 122.9687 97.6402 157.1976 133.2003 47.9340 82.4638 89.2415 82.0150 160.9522 113.5246 189.7275 34.2596 109.7260 32.6581 70.6473 32.6072 116.0684 150.4622 80.6165 149.9513 90.7959 132.7472 190.1123 73.9290 126.2563 193.3937 71.8120 31.5868 98.3190 104.1828 102.3562 67.4743 48.9917 225.0708 50.5266 87.8902 78.6942 70.6365 85.5215 150.4002 57.9133 165.2450
100.0369 84.2331 125.4766 115.5463 92.5903 117.8247 164.0546 61.1645 186.7765 219.3449 107.6080 113.5676 142.8705 66.8744 58.5879 116.6955 210.9101 169.9522 190.2098 116.1792 139.7259 85.2911 187.3833 118.6191 129.7585 104.9384 28.5793 156.3330 127.9209 55.9302 111.5489 139.4367 47.3808 121.9482 113.1247 0.0000 182.9712 41.5178 47.9378 7.4217 53.5053 172.3354 154.4987 175.2383 83.3568 50.6242 117.6078 76.3547 107.0412 80.6459 196.1335 181.1897 112.3730 82.0872 187.7314 82.7378 86.1329 148.3634 115.1321 52.7986 112.4746 172.9586 105.6385 203.3414 125.1493 195.7902 111.7791 55.7583 58.0030 183.5900 67.2666 131.9601 70.8172 43.3337 63.7289 81.7705 166.7878 37.0019 111.4428 120.4561 109.6614 79.3561 77.8084 41.5992 133.0703 110.8199 18.5725 143.2027 93.9053 138.8731
104.3600 72.0686 34.2735 63.5322 88.7314 70.6622 90.8529 81.1098 72.2196 116.7180 46.5867 97.4517 87.5725 105.6455 184.8931 163.7373 251.8991 53.6811 52.5854 141.7094 28.7020 176.6101 34.8094 120.7104 20.4232 26.3726 83.1917 103.6823 177.1413 52.1184 14.9833 125.0998 231.2388 116.0617 168.6498 182.9712 0.0000 143.9753 163.3217 186.0216 220.5195 36.9021 91.4454 104.0642 115.1072 39.9167 180.5646 95.1637 24.8606 141.5814 85.3930 164.8007 123.8163 80.6851 242.3487 9.6082 106.4795 54.6257 69.5267 243.4927 120.3974 63.8177 127.1451 76.7431 82.4405 7.0630 109.2248 127.2668 150.1791 64.3839 78.4477 130.1325 227.7862 229.2050 81.9126 40.9378 116.5379 76.6887 171.4152 21.7058 46.7172 7.3966 93.3930 117.4610 177.0382 93.1060 107.4254 36.1843 194.4924 76.4749
127.1693 153.7620 167.6491 203.4765 26.6797 247.2084 155.4887 110.9956 179.9652 71.0193 111.9846 128.7778 129.3647 176.6037 107.6449 140.9316 136.0169 97.9479 69.0942 53.0443 197.6829 15.6895 75.1317 46.3381 86.2298 25.0174 62.3885 63.1148 58.6152 117.5931 101.7306 6.4981 127.0133 68.8284 100.9639 41.5178 143.9753 0.0000 90.7931 163.2238 67.6428 98.8628 80.2125 76.6418 79.2976 198.9420 128.5140 87.9476 78.8618 104.4489 82.0148 51.2267 138.4729 35.8320 106.4145 20.7481 72.4378 125.6417 40.5062 210.4655 24.0564 46.2118 122.2801 23.6501 184.3238 117.0211 70.6825 37.3174 157.9295 165.7016 113.5757 133.5225 101.3276 160.6467 101.9287 115.3539 122.4930 53.1899 1.8918 90.2484 51.8010 142.7038 131.9994 146.3323 253.5873 56.5695 87.4555 25.2953 185.4523 131.4184
113.6144 97.6648 167.8133 131.6166 74.1579 62.9106 40.5526 53.4571 102.8601 78.4761 91.2220 106.9693 125.2473 90.8003 103.0624 158.1357 103.1179 124.7212 160.9090 70.0098 80.7174 94.4965 172.5983 112.3132 126.1328 175.3029 33.8889 66.5250 109.4471 42.5586 131.5919 105.2674 173.6887 171.5310 142.8774 47.9378 163.3217 90.7931 0.0000 65.9527 146.8656 10.7756 114.6272 145.1193 63.2281 142.0860 175.1860 34.8056 67.2178 70.7711 29.5219 128.1719 160.5152 167.4893 127.2676 137.3647 90.7488 140.1420 58.6042 46.8771 148.2525 52.8541 37.9472 83.4415 89.3499 154.3101 110.4616 114.2986 87.3910 87.8486 55.4030 63.3485 101.2231 107.3322 73.5180 126.6230 89.5195 133.4384 60.1929 177.5125 109.4683 121.9727 69.0822 73.0835 183.0702 20.4567 91.3529 71.3632 57.9666 133.3603
113.0600 202.0347 207.7293 244.7833 122.4797 148.7428 76.9604 74.1632 190.4053 22.5729 73.7316 83.3215 134.0961 96.6261 87.4888 107.4213 64.9973 33.3516 116.1292 124.4727 7.6052 43.1791 163.7825 64.7440 137.1901 151.4694 69.7759 31.2619 108.9247 60.0014 100.2879 92.4263 136.7626 178.4293 152.8780 7.4217 186.0216 163.2238 65.9527 0.0000 96.8010 49.5015 88.8194 55.1173 76.6688 136.7412 228.3675 79.5622 98.8224 128.3007 55.5064 209.0975 107.2165 99.7766 99.7042 138.5593 188.1277 80.1589 111.2250 134.8604 212.4736 136.1396 29.2125 69.9116 72.9529 52.5507 58.3120 30.6681 110.0113 64.6674 76.7624 221.6135 99.4619 66.1964 43.0283 79.9130 74.3630 43.3970 86.3171 151.6614 196.9673 65.4518 64.9300 32.5280 95.3075 156.8731 42.1309 212.8610 151.5903 105.6804
125.5540 147.8643 105.9959 38.3768 228.2795 95.1130 39.2580 104.8038 89.9170 151.2945 182.9807 142.0710 32.4356 172.3022 85.2029 85.8300 96.3731 113.8972 101.5054 44.5306 170.3470 106.6828 90.6617 117.4446 1.0073 54.6513 56.0586 113.3866 52.5070 111.6426 80.1487 122.9827 64.6209 18.6675 163.2497 53.5053 220.5195 67.6428 146.8656 96.8010 0.0000 124.2408 104.2165 88.2262 150.6624 143.9486 41.5035 73.8835 104.7269 77.6960 5.3498 76.2007 44.9934 97.5242 68.6088 34.1494 95.4281 139.9741 41.6967 11.1641 124.0717 141.0837 67.9397 74.8840 79.3406 12.8556 139.2003 113.3410 92.8843 109.1556 134.3507 100.9118 101.6823 163.4316 167.3312 151.5535 59.0415 118.7360 105.2988 91.6332 118.0467 103.9819 3.1752 70.2488 110.8255 116.5329 140.0953 65.7838 159.7252 148.6119
133.8051 282.2096 22.8447 165.7548 72.7004 101.8514 123.3628 155.9344 206.1954 30.5053 54.8852 58.0148 131.2371 127.0420 33.6488 27.6870 32.0214 128.3526 143.9252 179.0079 105.6909 135.6192 116.3343 72.2533 24.7456 134.2701 151.1648 130.5629 145.9105 88.5688 86.0793 182.8687 102.0057 154.2198 145.3271 172.3354 36.9021 98.8628 10.7756 49.5015 124.2408 0.0000 94.2303 161.8908 70.7037 75.9124 57.8981 50.3326 50.3670 108.7303 135.2349 164.7488 145.8091 58.2786 147.7170 25.0086 199.0150 85.0368 55.0971 127.3444 68.1053 127.4645 64.2461 134.3809 134.5282 181.8036 129.3663 142.0594 46.1853 99.4414 31.7898 196.9424 66.7825 183.0931 90.3207 79.8492 152.7440 217.0635 123.3359 173.5625 49.3240 139.2039 115.7887 234.9179 45.2261 27.0478 84.4437 70.7492 118.2806 118.3785
165.9038 64.6852 116.8215 45.0313 71.2283 174.3484 131.6948 28.6370 102.8446 157.4890 177.4700 178.3657 190.3511 156.6642 85.6542 152.7800 214.9798 110.0233 28.7565 167.2369 24.2801 241.5044 62.5812 117.8333 106.3872 43.9743 185.3090 74.7107 55.4096 116.3738 183.2617 216.1594 172.2459 120.2230 107.9894 154.4987 91.4454 80.2125 114.6272 88.8194 104.2165 94.2303 0.0000 74.6805 118.6902 169.0891 50.8125 182.5348 95.9726 36.5664 116.2148 198.1685 28.3205 74.2537 170.8662 108.1394 0.7636 130.9634 101.7649 33.3432 27.0016 42.8600 243.8725 10.5266 76.4441 11.8626 77.0867 77.4210 132.0778 59.6463 133.7431 67.4331 176.5656 86.1346 65.0775 104.3374 141.9740 14.1042 84.4540 41.7636 84.2251 70.5219 143.9663 59.9045 183.6941 34.9120 127.8868 123.6116 90.1603 119.9814
28.2708 146.9549 112.6900 119.9454 41.8142 61.8107 87.3967 75.7547 187.4004 86.2152 33.8873 118.4825 87.9754 24.7565 95.1381 94.3454 139.2772 140.5882 46.4871 140.1626 15.0614 51.6017 125.7002 128.5699 174.8866 103.0768 30.4660 83.8987 51.5396 137.1184 54.7997 9.2019 208.4153 123.9565 125.8391 175.2383 104.0642 76.6418 145.1193 55.1173 88.2262 161.8908 74.6805 0.0000 42.1168 109.0808 99.8777 8.7848 139.7359 69.6969 97.0254 178.5607 105.9685 121.3897 135.9579 80.0804 51.1390 86.2818 10.0940 102.7145 84.2109 147.6242 87.7175 102.8686 107.0080 122.2522 120.2272 191.1512 186.3653 93.6458 88.1036 107.6395 92.3769 79.6461 20.6573 125.5508 188.1013 16.0616 129.4629 134.4535 63.7019 90.5831 153.8201 87.7339 90.1420 34.9012 62.1979 98.1243 170.7690 29.1755
64.0034 66.4039 72.8876 120.1601 8.7991 120.3299 60.5975 77.2124 45.4413 124.1991 132.6663 87.3100 169.3195 65.7366 101.5843 108.9301 161.4100 72.9142 176.4632 28.8101 129.0667 43.7478 146.9990 36.2680 153.9970 96.7736 2.5429 61.6023 145.5749 22.3813 97.3378 118.3983 132.3750 90.2514 85.5316 83.3568 115.1072 79.2976 63.2281 76.6688 150.6624 70.7037 118.6902 42.1168 0.0000 59.0177 184.4950 58.2917 227.1619 56.2054 131.4546 149.7679 43.6796 199.9428 147.0037 43.9299 171.1010 39.1715 113.5981 137.6341 260.3906 146.5456 231.0115 167.0060 30.3663 49.0581 121.2881 200.7659 63.7662 179.8607 68.6718 77.6896 142.5644 33.5352 54.9707 46.4280 130.8448 183.7155 68.3014 87.8713 91.6088 124.3920 196.6872 74.3336 143.4266 46.5925 14.5311 116.4678 93.7337 200.4187
112.5451 125.4747 211.2516 25.7889 76.7738 96.2943 130.1094 48.7704 81.0538 106.9901 133.1146 110.7718 30.1290 119.4215 133.1065 141.0464 27.8102 95.0924 132.9964 140.2337 0.8440 93.6135 174.1448 52.2107 15.4822 94.5289 122.7789 156.0972 209.7134 54.5852 81.2309 93.6163 163.5750 94.6501 42.7609 50.6242 39.9167 198.9420 142.0860 136.7412 143.9486 75.9124 169.0891 109.0808 59.0177 0.0000 157.5090 71.4873 48.4925 155.2009 162.6486 172.0015 105.0664 77.9811 83.7741 71.8396 80.1819 59.2150 108.5613 211.1143 49.8841 167.6685 165.0297 46.9926 146.4136 80.3730 124.6278 74.9480 277.5896 152.6262 136.8842 108.6005 154.3798 181.0969 68.8315 112.8148 88.5030 40.5982 136.7536 106.8938 173.0338 171.2721 117.3988 168.6672 15.2597 31.5941 50.0920 67.1692 76.8314 146.3603
179.6145 144.2536 152.6958 93.2154 107.0227 72.2297 78.1383 20.3435 134.2357 246.2134 196.7248 137.0323 166.1304 61.9106 89.8219 79.0129 144.1632 83.4327 119.4829 21.6351 149.7423 188.9825 64.6514 55.3966 69.0630 63.3056 126.7647 51.7187 76.7931 222.6453 202.6502 113.3974 113.4930 73.1534 151.0512 117.6078 180.5646 128.5140 175.1860 228.3675 41.5035 57.8981 50.8125 99.8777 184.4950 157.5090 0.0000 90.9004 50.1049 10.4155 110.1053 170.1921 163.2123 183.6797 29.9886 111.7904 120.7593 179.5110 22.6248 53.8831 37.7573 101.6063 110.4083 179.1952 138.9247 23.9649 144.1556 98.7024 187.2046 123.4128 162.8812 104.3193 114.9234 116.2014 110.3283 131.6861 111.2751 79.3855 84.4037 218.1160 202.3556 72.0602 129.8578 32.8918 195.9637 126.8490 102.0453 72.3402 166.3493 40.1418
156.2275 113.2668 35.5552 107.1611 41.2166 124.9266 168.2182 52.9458 37.1537 138.0910 38.6055 40.1741 39.2739 63.7009 38.3041 126.7421 100.5912 6.7659 171.9433 162.9374 40.5757 154.5828 35.7027 136.1060 78.5906 34.7221 201.9431 192.2671 84.7312 11.2529 96.6844 134.3068 135.0902 86.6085 75.9307 76.3547 95.1637 87.9476 34.8056 79.5622 73.8835 50.3326 182.5348 8.7848 58.2917 71.4873 90.9004 0.0000 124.3511 91.4660 136.1006 65.1764 97.3835 97.9269 15.3513 27.8071 19.4454 117.1318 197.3441 85.9213 134.6770 145.6156 42.1500 150.0893 141.0744 161.0872 153.9042 1.1030 80.9180 114.9986 61.2957 72.8816 115.9612 110.2204 62.2162 129.1888 229.9360 153.9145 122.3019 168.1003 35.0341 169.3004 52.6848 50.8781 76.2262 107.0494 138.4864 66.4695 99.9062 150.6041
18.2936 13.1923 46.4647 159.5735 167.6681 156.4749 104.0216 106.3879 75.3888 68.8590 174.9931 72.3950 125.8275 125.7525 43.0802 172.5483 70.4296 39.8391 175.9342 171.7032 135.7529 112.7817 171.2723 60.8929 31.3686 60.0527 30.3714 166.1736 162.7166 78.7044 151.1109 145.9784 26.9279 169.7295 122.9687 107.0412 24.8606 78.8618 67.2178 98.8224 104.7269 50.3670 95.9726 139.7359 227.1619 48.4925 50.1049 124.3511 0.0000 130.7957 121.1296 123.6345 80.3094 139.9522 9.6900 180.9714 84.6838 81.0151 54.7636 140.7714 130.2215 212.9799 29.3518 89.9487 199.3352 149.8780 130.4603 83.3566 165.7654 111.9747 226.0629 181.3959 26.0118 54.2230 17.8229 45.5925 129.7375 82.4286 119.5834 210.2987 136.4047 225.7446 96.1710 10.6928 42.9486 149.7668 152.4733 160.2031 73.9845 170.2543
118.3175 94.3649 107.1761 46.3755 52.6860 99.6723 81.4160 152.5649 147.9656 171.1062 209.7105 122.9722 120.4627 111.1419 130.3658 66.8140 163.7517 53.7705 26.2788 147.8689 85.3376 99.0196 81.8029 154.5738 127.8100 177.3968 135.7473 219.3599 79.7662 42.5391 31.5432 98.4055 117.8682 140.4648 97.6402 80.6459 141.5814 104.4489 70.7711 128.3007 77.6960 108.7303 36.5664 69.6969 56.2054 155.2009 10.4155 91.4660 130.7957 0.0000 80.0497 136.3474 142.0072 60.5210 119.6406 161.5582 87.3956 69.6523 24.4993 135.1108 22.7775 66.8028 119.7718 119.0498 143.7324 60.9402 97.3859 13.8056 41.5128 118.8240 44.2379 114.3837 166.7648 106.4854 94.2691 142.4292 236.2685 99.0804 27.8576 37.2435 94.0989 21.3050 24.9656 133.6584 217.4729 154.8327 70.9109 9.2408 118.7006 148.1194
7.3442 98.2147 110.9261 167.4718 84.3135 48.8895 73.8407 208.7219 79.5455 141.5551 57.7615 54.1288 27.9268 106.5618 149.1805 123.5530 181.5363 138.3023 169.3345 81.8645 119.6303 156.4578 34.4545 49.3453 69.9705 130.9976 82.9736 71.1323 175.6904 10.7777 34.6578 158.7464 63.7919 170.2126 157.1976 196.1335 85.3930 82.0148 29.5219 55.5064 5.3498 135.2349 116.2148 97.0254 131.4546 162.6486 110.1053 136.1006 121.1296 80.0497 0.0000 134.0145 138.3874 136.3024 110.0427 64.0014 33.3534 231.4005 91.5055 163.7120 98.8217 130.5078 36.7618 106.8865 275.2792 122.5799 164.9529 19.2264 120.9621 355.9361 177.0958 71.4567 142.8388 41.2017 4.1531 112.6614 133.3240 106.8563 112.5300 145.4459 178.3565 168.1832 82.3516 17.8925 170.5732 135.0050 32.5217 44.6082 34.3103 126.7672
115.0798 158.1130 56.3992 100.2247 194.6039 106.1323 4.4385 59.4910 56.8441 28.9499 51.9840 159.0240 124.1974 114.8697 95.5242 34.8848 230.7926 93.7316 50.9840 106.8313 109.8036 119.4456 59.7207 94.7469 92.8514 213.8012 111.3343 133.8510 79.9907 69.0467 197.2161 82.7211 79.4060 107.7998 133.2003 181.1897 164.8007 51.2267 128.1719 209.0975 76.2007 164.7488 198.1685 178.5607 149.7679 172.0015 170.1921 65.1764 123.6345 136.3474 134.0145 0.0000 53.4590 205.4422 30.9695 180.9168 9.4328 69.3591 77.2222 187.9870 145.0342 53.8133 145.4443 185.4753 159.2196 80.7178 55.1805 22.5830 108.8433 93.0765 6.5336 89.6898 148.1611 114.9575 60.2186 235.5871 131.0386 132.7993 118.1745 125.9384 147.7081 203.3750 68.6825 153.8471 107.1463 198.8969 51.2248 65.1946 106.1132 45.0516
