90
0.0000 102.1882 98.8494 88.2586 82.9797 101.4082 97.5268 48.6667 51.9660 84.0556 119.7600 36.4548 71.5954 143.6924 146.4710 62.8968 75.9752 38.5242 96.9114 76.2559 90.4010 113.6729 106.0633 40.9644 106.3265 102.6459 164.0639 103.9273 31.7464 161.0843 164.6607 149.1514 168.2581 143.0925 71.5433 47.9562 221.9006 26.2888 58.2218 60.9452 86.7536 189.7502 12.9508 146.8359 140.6286 118.8323 120.3284 134.6386 105.1121 252.5364 135.2359 162.3221 137.3730 68.0374 89.2263 197.8055 63.0017 87.4594 67.8657 107.5928 41.5667 72.9389 78.2353 124.7481 164.9966 175.3870 56.0195 258.0820 35.7666 110.5966 143.9287 199.7781 118.8500 130.9706 63.8008 117.9212 85.1435 110.9799 134.3805 79.3610 143.4290 179.8233 37.1174 53.1650 2.7008 92.6995 91.4869 43.9564 19.6632 91.6441
102.1882 0.0000 115.4139 38.3383 132.9421 119.0010 160.5853 135.5089 63.5959 219.4645 53.8665 166.0315 190.9649 111.9563 84.2327 105.8080 74.4211 152.3071 76.9765 54.0599 48.3097 111.5772 95.9499 79.6037 155.8714 156.4375 78.2034 115.3027 178.9905 54.6722 105.8842 81.7159 86.3092 69.4854 73.5324 52.4787 29.7702 121.2131 161.1052 73.9832 101.6411 110.6385 99.3944 132.6152 43.5208 23.8056 83.6039 91.4534 69.2568 90.0474 144.8538 107.7268 106.8457 67.8670 60.8434 167.4605 62.3450 104.7907 163.4626 45.1614 191.2491 90.3844 123.3595 30.5344 129.5367 130.8944 210.0228 182.2240 155.6267 112.2369 127.3452 98.2392 37.7883 103.9605 219.1524 136.0089 185.1534 50.8640 161.6869 188.8141 118.6839 20.8075 94.7803 190.7064 95.8738 5.9521 45.4296 54.7501 59.0412 88.8647
98.8494 115.4139 0.0000 23.7377 123.3318 127.9457 136.5979 111.4089 72.9187 10.6738 87.3249 100.6178 106.0071 22.5703 182.1907 63.1563 138.2064 105.4643 66.5266 117.6412 98.6760 63.7302 35.7160 86.9043 193.5931 135.5829 134.7270 140.4936 79.3888 123.5772 72.1766 169.5256 153.5094 50.2147 130.1519 52.2255 102.8356 176.0394 93.0642 260.6928 118.7615 5.4701 57.1566 136.7073 124.9093 20.7020 94.7716 121.9199 11.8513 92.0026 86.8112 106.2193 39.8342 84.0817 25.0385 15.0334 176.7123 78.9617 172.4612 142.6081 67.2474 69.5556 42.3559 58.3390 15.6508 38.8347 45.6830 184.5455 121.4865 114.7026 94.4509 200.1999 96.4387 210.4342 81.5132 171.1352 79.8146 37.3306 34.7859 121.0088 176.3996 132.8114 72.0890 67.4246 134.6963 160.3623 119.6335 213.4881 89.7401 38.7157
88.2586 38.3383 23.7377 0.0000 82.7059 77.4209 120.1460 118.4886 35.8243 168.8811 107.9626 65.7085 48.0407 123.6916 141.6689 253.5316 53.2214 167.6777 53.5591 191.5921 136.1803 38.3384 61.8484 227.4310 43.2079 41.8436 39.8130 60.4757 135.3504 68.7462 78.4613 38.9576 115.2671 181.7502 251.9346 6.3736 153.7923 50.9277 95.2036 130.0243 67.2758 75.6304 167.2175 68.5362 92.1871 83.2557 121.0243 63.0864 120.1959 28.9538 142.4348 34.6614 122.8671 114.8024 151.3411 114.8249 110.5431 178.7655 144.3364 175.3798 149.6119 87.7412 185.5013 140.1814 115.8558 174.0838 102.4678 158.0600 86.6106 23.3700 178.4719 65.1934 71.3635 91.2712 168.3167 55.1676 103.4827 166.8201 173.0274 115.3881 121.9868 41.8667 67.4201 94.0117 125.9362 28.8887 141.9577 111.2945 151.6783 139.8727
82.9797 132.9421 123.3318 82.7059 0.0000 90.6003 179.2966 149.4803 41.4045 70.0904 159.1002 138.8956 103.4647 50.5293 191.1991 43.1186 193.4578 227.2734 156.9426 179.1089 74.4641 89.7196 157.2849 101.7060 60.3159 85.4875 234.9937 72.1971 17.9352 137.2766 32.2716 49.8776 186.8192 84.1227 106.8080 56.6109 112.7123 84.3230 141.7244 81.2675 104.9727 135.8918 114.5460 75.8329 159.9496 77.7693 99.2819 1.3552 109.5105 114.3214 87.6336 71.6360 212.5796 133.1410 43.3663 181.4132 28.3361 44.2378 92.4764 125.5479 50.6246 198.1774 203.7967 87.2882 115.5997 98.9069 147.0715 65.3633 67.2628 78.3420 178.9018 161.9976 25.2140 73.5467 96.8632 74.5479 161.8747 0.8611 142.4723 70.8958 91.7553 23.3917 205.8561 132.8627 137.6027 99.0505 62.7253 11.4041 190.2282 184.3958
101.4082 119.0010 127.9457 77.4209 90.6003 0.0000 144.0963 139.9483 96.5415 143.0948 240.9131 147.3897 221.3318 237.8747 114.5769 185.6867 174.8373 149.6358 21.7598 151.8808 92.2423 154.0477 101.4958 105.7416 146.4630 46.8590 156.0110 30.1341 117.2764 74.6418 70.7898 169.1983 79.3089 78.3786 82.3814 103.1807 166.9479 22.9694 71.0592 55.8856 37.7887 73.8196 26.5501 179.2276 79.1652 129.8906 44.7107 78.9034 8.5972 67.4874 136.6260 92.9287 43.4301 51.2179 134.2668 95.3069 74.6546 118.2029 175.4274 70.9272 126.7719 139.1000 80.8688 101.7379 145.7332 77.5962 43.6087 74.5284 158.4189 135.0452 75.5664 46.8203 147.6381 9.6987 109.9125 86.7124 177.4299 145.0560 114.1473 11.5237 43.1743 63.6182 112.3103 135.8400 1.8602 59.2070 45.3799 37.7170 96.2924 64.5500
97.5268 160.5853 136.5979 120.1460 179.2966 144.0963 0.0000 117.3040 167.9218 63.1281 136.5068 103.2357 74.4939 158.4522 27.8907 184.1056 52.1657 21.5754 120.4392 16.0609 38.1795 104.8147 214.0724 188.0658 115.5331 70.4048 18.8112 60.9347 63.6863 99.3801 118.0713 9.7814 56.0940 113.7007 93.6980 88.8635 19.4897 66.7217 88.3251 89.9240 53.2203 113.1252 89.5607 53.9687 65.0096 121.0611 11.9098 95.6380 69.2260 139.6074 104.4549 180.8130 136.1261 135.8420 81.7776 233.3897 34.7723 84.7548 150.5149 78.8461 212.3952 78.0073 73.9088 27.9158 224.8609 62.4877 200.9226 69.6866 91.2794 18.5954 155.9745 152.8933 190.9558 44.9279 17.7671 111.6572 84.9869 160.2972 71.5326 81.1947 172.1083 92.2489 182.1058 62.9196 179.5299 145.8243 20.9021 77.5776 4.3632 141.6153
48.6667 135.5089 111.4089 118.4886 149.4803 139.9483 117.3040 0.0000 239.0969 27.8910 114.7702 101.2391 204.2084 61.3893 166.7898 166.1508 95.4059 148.4941 19.5446 51.0615 196.8263 240.4595 3.6944 41.3195 138.4129 115.0662 25.3733 91.5674 80.0843 3.2073 62.9381 60.8163 65.0813 30.1345 31.7703 144.9876 72.4190 39.5276 197.4429 23.3234 136.9633 116.9854 69.8589 12.1422 104.2041 43.5802 103.9789 127.4471 67.7277 136.0403 149.2760 79.1495 153.6447 180.4535 209.6740 67.2272 199.1358 193.5636 75.7458 211.0283 31.5865 117.4271 19.8823 142.5747 45.2983 73.8927 135.7770 109.0529 60.9216 148.4475 113.4213 102.9918 128.6072 108.2366 173.6644 80.3363 26.2178 93.4519 60.6132 91.8952 16.2110 170.5839 10.7204 115.5987 12.3357 69.2388 139.2914 119.0284 127.3855 80.1316
51.9660 63.5959 72.9187 35.8243 41.4045 96.5415 167.9218 239.0969 0.0000 143.9893 127.6585 24.9584 198.2785 156.5978 34.2133 136.2432 144.2507 126.3710 88.1650 249.5332 131.5789 107.7853 104.0334 7.3261 69.1678 70.1720 115.2899 29.4191 180.1694 27.2478 79.7114 210.0395 86.7734 112.0765 44.8871 10.9112 172.0697 114.3257 81.6945 182.8049 118.4052 131.0287 92.3120 49.7850 178.1609 114.3538 11.6376 55.8733 124.8715 154.1684 94.2500 189.8447 77.0642 26.6122 100.0973 52.5772 136.5958 119.5540 76.5421 44.5377 90.8349 47.0576 121.1541 98.3072 84.5967 126.6854 219.4216 118.8921 87.9339 56.0337 53.8020 77.3610 75.5552 102.7968 145.5301 67.6121 108.6089 117.5962 6.6917 48.1662 148.7894 11.9772 106.3369 182.4076 43.0010 177.9799 37.5470 148.5451 53.5199 159.5422
84.0556 219.4645 10.6738 168.8811 70.0904 143.0948 63.1281 27.8910 143.9893 0.0000 77.3319 90.7977 72.5660 66.7393 132.7770 136.2082 120.1069 159.5433 117.4785 154.9122 114.7564 80.5516 117.7349 146.5227 104.9852 166.4981 119.7927 37.3398 133.3353 119.1313 97.8521 86.0831 172.8252 102.6678 172.4769 183.0888 154.3354 194.9534 32.7823 88.5084 210.8518 123.1466 81.6513 110.4510 59.8080 221.9104 62.6865 61.7167 65.6719 209.3682 37.0333 149.6773 24.3894 45.0799 94.3384 16.6236 25.5498 75.2672 111.3091 181.1620 230.0117 16.6441 122.3183 98.1663 72.0923 111.9840 109.0597 61.1161 94.8105 57.5308 90.4680 104.3740 183.9488 122.4537 98.7382 70.0373 102.0748 45.0282 183.5837 116.7541 89.6737 146.6807 100.0498 177.7858 96.8557 38.5741 51.9422 39.7150 116.2474 84.8685
119.7600 53.8665 87.3249 107.9626 159.1002 240.9131 136.5068 114.7702 127.6585 77.3319 0.0000 65.6242 304.6231 151.9759 200.1265 108.4712 104.9947 100.0953 82.4476 185.3137 102.4826 207.1442 119.4817 209.7108 137.5104 58.9355 40.3768 58.2467 143.0184 82.6168 112.7326 74.3218 42.8768 117.9938 58.5796 97.1347 193.6557 68.1515 87.6548 163.6785 121.2842 31.5912 73.6268 27.2914 106.0950 142.7163 137.6492 161.3094 159.7480 22.9191 120.6212 59.4684 114.2883 105.3739 152.4005 109.8236 129.5873 77.3978 59.2526 78.8247 132.8398 64.0480 43.3994 144.7320 148.4579 171.5918 87.5872 76.7505 135.6022 72.4839 52.7665 96.5030 45.8893 22.2622 115.8891 59.4323 53.1094 102.6664 100.7415 151.6142 118.6629 4.2858 184.5547 207.7954 31.5316 84.8054 185.1065 170.3741 28.0185 96.8884
36.4548 166.0315 100.6178 65.7085 138.8956 147.3897 103.2357 101.2391 24.9584 90.7977 65.6242 0.0000 33.1330 130.5422 162.0281 123.4127 128.5654 124.3819 83.3793 128.4277 69.6697 78.9757 16.7645 74.0996 227.2466 30.0631 95.2491 152.4494 165.0530 227.7216 124.4542 47.2179 184.3303 124.6511 2.7214 154.7845 79.0056 117.2097 33.7117 57.9651 138.4575 95.6813 60.7857 17.7232 107.5698 116.6059 127.8624 51.6812 7.1566 97.2748 210.3694 70.3180 160.1353 151.4069 160.6389 168.9483 24.5157 169.4366 202.2977 47.4404 65.5014 67.0259 19.1579 47.8946 158.0868 26.1955 76.4475 126.0759 140.5638 168.0385 68.8525 111.1031 164.3417 13.4772 39.9844 32.5016 72.8785 95.3502 71.3433 54.7238 210.4531 82.9783 169.9213 77.8298 43.6047 66.4595 122.1803 0.0388 95.7674 206.1506
71.5954 190.9649 106.0071 48.0407 103.4647 221.3318 74.4939 204.2084 198.2785 72.5660 304.6231 33.1330 0.0000 89.1744 2.8859 119.9471 115.9784 59.0516 67.1897 55.8274 64.0128 168.2075 132.5704 127.5384 67.4937 194.6531 144.4748 78.1685 108.5396 27.1018 63.6648 11.3043 189.4037 145.1739 99.8194 24.4841 81.0329 111.5211 108.0470 59.8830 20.6420 119.2773 105.3794 220.3077 160.4118 169.6192 59.6286 89.0355 90.5793 142.3728 27.0326 12.3473 100.4042 180.9839 86.3615 128.9034 153.0859 118.1220 42.1364 75.4780 127.0753 154.6176 192.6659 132.4046 114.6894 81.1927 45.0325 139.1965 97.6339 78.7376 69.6065 40.8792 23.3805 71.0439 8.4322 142.7134 129.2142 116.2184 121.1435 49.5548 89.9005 197.3460 102.9018 129.6004 126.9277 68.9882 151.2918 55.4072 111.5186 85.7692
143.6924 111.9563 22.5703 123.6916 50.5293 237.8747 158.4522 61.3893 156.5978 66.7393 151.9759 130.5422 89.1744 0.0000 19.3198 28.1010 136.1055 142.5260 82.9325 182.2971 87.9681 159.8118 22.5163 117.4148 112.2574 99.3059 60.2548 50.5291 31.8278 123.5207 153.1891 111.4550 41.3898 95.3447 101.5984 220.4150 65.4395 181.5279 111.1611 54.8995 176.4969 227.2531 21.5037 39.1638 137.2756 55.1407 82.1656 98.6064 199.4609 140.4510 139.0759 68.1063 145.2099 62.2970 202.9904 37.1149 111.8355 65.4444 114.0634 145.5857 88.6772 106.7007 95.2844 103.2957 149.5895 95.8102 60.1397 82.9817 164.0695 119.7554 89.0767 100.7011 53.7837 139.4103 194.2002 101.9163 50.7368 68.2419 141.4074 132.6050 121.1968 110.1758 176.2986 57.5725 88.4820 102.2666 11.8133 54.2808 97.3205 126.8642
146.4710 84.2327 182.1907 141.6689 191.1991 114.5769 27.8907 166.7898 34.2133 132.7770 200.1265 162.0281 2.8859 19.3198 0.0000 56.0162 122.7875 155.1431 121.2709 149.5898 116.1866 134.9536 246.2062 78.0675 107.3564 129.9645 57.1519 15.4501 36.3343 156.7772 112.7853 109.1139 179.0321 163.2698 83.7666 70.4897 85.4631 17.2379 146.1053 26.8040 11.5745 65.5031 122.3405 99.6080 132.0055 198.0947 49.8703 74.5338 110.9218 39.1086 21.4148 16.3305 146.6521 113.4322 47.7551 53.0596 141.1573 61.8912 110.8277 138.8222 17.5805 103.5312 120.7898 88.6693 85.5408 174.7684 189.3462 76.3478 111.7131 64.0216 67.2481 132.9197 106.8108 166.3566 100.1783 205.2162 113.8530 49.1459 52.9781 108.7036 59.2531 111.2498 76.1533 41.2646 181.7939 178.5855 174.3891 118.7938 91.6229 123.8600
62.8968 105.8080 63.1563 253.5316 43.1186 185.6867 184.1056 166.1508 136.2432 136.2082 108.4712 123.4127 119.9471 28.1010 56.0162 0.0000 29.0548 100.5806 32.5780 73.8176 84.4904 114.6273 189.8655 72.4752 19.7308 89.1904 142.2078 67.1393 71.2649 115.0689 62.4208 158.4921 142.8159 145.2529 70.3792 83.9397 114.6791 136.2445 106.7104 119.5781 114.9120 110.5267 141.6384 117.9313 130.8108 199.9766 103.0538 116.9229 106.4133 102.1636 119.0882 174.2731 167.1728 58.7838 79.6253 27.5298 90.2011 58.4603 90.9909 186.0583 96.7017 79.9198 174.3853 73.7863 156.3010 58.0306 76.0483 193.7304 149.0276 120.1669 206.8059 167.0684 72.4741 30.2942 129.7560 64.7186 136.9019 133.2710 47.7194 143.4952 107.6598 78.5295 107.0945 119.6883 101.7506 69.0398 25.1790 154.6180 131.5001 193.2024
75.9752 74.4211 138.2064 53.2214 193.4578 174.8373 52.1657 95.4059 144.2507 120.1069 104.9947 128.5654 115.9784 136.1055 122.7875 29.0548 0.0000 29.4717 156.4000 148.4104 58.6849 66.1684 5.4958 140.7715 106.3157 119.7839 155.6969 92.5903 67.4306 113.0828 47.4551 19.3530 42.7492 77.7279 109.0298 98.3235 49.2616 41.0672 56.4499 70.9675 90.2102 84.5529 141.5350 64.8392 143.0040 170.8019 134.7077 78.5107 114.9915 102.0056 88.5592 140.6360 17.3619 147.8428 66.7658 84.9333 52.4381 140.3992 60.1064 136.5454 143.2609 76.1435 81.5303 121.8292 159.3423 101.5509 80.6861 60.4304 93.2610 106.4362 178.5923 72.9085 156.8332 118.0956 45.2569 121.5845 57.7492 168.0406 160.1825 104.2895 14.8589 75.7747 52.8425 65.8511 72.0503 58.6237 70.3482 74.9674 106.5889 98.2004
38.5242 152.3071 105.4643 167.6777 227.2734 149.6358 21.5754 148.4941 126.3710 159.5433 100.0953 124.3819 59.0516 142.5260 155.1431 100.5806 29.4717 0.0000 100.2070 141.3740 143.2944 159.7622 69.7373 117.5271 94.7317 74.9699 135.4926 33.6529 112.5015 89.1308 115.0532 134.7818 41.2761 34.0450 164.3283 71.2235 199.0587 40.4918 116.0791 181.0436 88.9590 17.5862 148.9941 201.9089 111.7459 179.8115 133.5712 48.2401 32.5958 141.2488 45.0030 164.2056 179.8623 39.1482 156.8655 38.1026 121.2410 92.5573 205.0902 43.1107 73.6134 159.2970 96.0523 125.2099 202.5108 87.6629 121.9383 5.0114 71.0718 6.4010 131.4760 87.3071 120.5649 135.7847 111.9022 198.5200 116.4142 107.4231 69.2826 135.0426 44.2692 52.4959 52.7957 43.1882 90.6563 114.8298 155.0736 144.7661 99.7881 182.4833
96.9114 76.9765 66.5266 53.5591 156.9426 21.7598 120.4392 19.5446 88.1650 117.4785 82.4476 83.3793 67.1897 82.9325 121.2709 32.5780 156.4000 100.2070 0.0000 41.3018 58.4402 147.1181 132.2444 170.3783 58.3548 128.2402 42.0872 191.4532 139.9932 74.2954 184.3425 97.6013 128.7560 188.6846 73.5548 178.3602 106.3766 25.4324 10.6830 100.5646 11.0650 21.7963 12.9142 108.0856 86.1770 44.0751 124.1155 86.6066 55.8765 183.5643 103.5999 171.9508 60.3082 190.1317 22.6295 127.7499 193.4114 56.7607 84.4797 157.1378 127.3208 152.7772 30.4860 132.9970 225.3058 140.0469 183.7615 24.3733 92.5078 91.8780 67.7582 151.1755 52.5337 172.6489 126.4485 168.5202 71.3400 84.9361 172.4729 34.8515 13.3083 35.2299 192.2162 75.7213 165.0369 52.6986 181.7766 33.1789 175.9399 143.2980
76.2559 54.0599 117.6412 191.5921 179.1089 151.8808 16.0609 51.0615 249.5332 154.9122 185.3137 128.4277 55.8274 182.2971 149.5898 73.8176 148.4104 141.3740 41.3018 0.0000 51.1871 99.3823 142.7423 59.7085 72.8629 128.4101 105.3298 154.7574 217.2983 157.3254 112.6144 59.0125 120.7093 189.5137 90.3856 59.3851 179.6855 44.0363 55.1757 23.5067 122.6134 26.3455 50.9744 254.7390 87.6129 64.2937 139.5009 94.3495 28.6908 160.7525 157.8206 116.8728 4.8665 31.0615 76.1660 31.5195 126.9842 150.4338 51.9035 128.2411 174.3864 181.1392 76.2626 123.6314 111.7883 155.4278 68.9198 64.3465 74.9165 76.5379 5.0734 116.1036 199.4819 67.1875 172.3088 143.6874 184.2122 83.1275 95.2406 28.7185 184.4411 163.7889 58.6788 61.8349 150.8275 112.4419 132.6237 139.4143 111.1353 173.1242
90.4010 48.3097 98.6760 136.1803 74.4641 92.2423 38.1795 196.8263 131.5789 114.7564 102.4826 69.6697 64.0128 87.9681 116.1866 84.4904 58.6849 143.2944 58.4402 51.1871 0.0000 117.9696 91.5408 237.3642 51.1574 232.8303 143.3863 91.9601 93.7415 52.7968 61.5639 60.1002 103.8846 168.0260 83.7711 154.6719 140.0412 145.7033 113.0796 83.4478 116.8045 36.8784 171.6982 14.4301 96.6643 75.5683 88.0299 95.9568 98.7506 133.8185 175.3534 57.8480 158.2925 76.8733 139.0619 98.8404 84.1364 164.0128 158.7115 8.1276 145.0901 149.6952 96.4025 120.8932 125.2795 33.9207 195.6114 99.1959 107.0424 90.6344 114.4905 27.8949 110.5123 87.4248 101.5300 86.8419 146.0189 115.4439 81.6435 38.3402 119.4202 118.5918 81.0658 197.0878 180.8722 145.9855 85.0369 35.5259 28.5904 106.6485
113.6729 111.5772 63.7302 38.3384 89.7196 154.0477 104.8147 240.4595 107.7853 80.5516 207.1442 78.9757 168.2075 159.8118 134.9536 114.6273 66.1684 159.7622 147.1181 99.3823 117.9696 0.0000 75.2051 19.8423 52.4125 29.8071 12.9513 33.1283 56.8488 122.1368 93.8712 131.5456 35.5331 122.2968 128.2606 85.7037 71.3263 233.3920 13.9395 113.0196 97.4758 73.5502 117.2965 57.5384 25.1197 95.6021 196.6761 92.0357 156.2537 203.0598 165.3532 152.3633 72.5704 78.5771 156.9395 58.8535 105.6439 195.0707 120.2526 137.0411 114.4454 141.5681 99.5039 219.3644 218.6711 60.1430 117.7276 36.8945 260.7618 89.6004 60.0239 157.6159 153.3582 132.9544 71.3958 32.8502 110.1995 182.5395 157.3939 145.8613 169.6285 155.1797 151.2064 120.9567 10.6881 151.2659 52.0103 142.6058 127.2291 169.7650
106.0633 95.9499 35.7160 61.8484 157.2849 101.4958 214.0724 3.6944 104.0334 117.7349 119.4817 16.7645 132.5704 22.5163 246.2062 189.8655 5.4958 69.7373 132.2444 142.7423 91.5408 75.2051 0.0000 195.4866 45.0702 78.4498 119.2190 86.6732 143.2721 66.1965 29.6905 59.5868 104.2771 115.0157 74.4390 25.7894 98.8231 101.7187 170.9339 15.7256 126.3658 43.8659 108.0444 160.0501 165.0511 138.0055 36.1199 143.3170 191.8555 107.8549 185.8776 141.8123 70.6779 81.2694 22.1773 66.2307 61.6008 55.8877 209.0542 155.7590 5.2724 77.2416 191.1009 120.7052 91.4615 67.0995 144.9225 170.8948 70.7273 100.1715 221.7356 210.0686 150.4812 104.2284 127.9737 212.6062 80.5685 172.8778 53.9261 231.7951 97.6289 127.6841 33.1051 114.5320 216.2482 48.5331 136.7425 82.8058 105.9946 86.1491
40.9644 79.6037 86.9043 227.4310 101.7060 105.7416 188.0658 41.3195 7.3261 146.5227 209.7108 74.0996 127.5384 117.4148 78.0675 72.4752 140.7715 117.5271 170.3783 59.7085 237.3642 19.8423 195.4866 0.0000 1.6085 193.6332 69.0647 205.3184 120.3354 98.8515 176.1787 45.7437 54.0084 92.2559 68.3563 94.3275 41.8906 177.1601 157.5663 172.6149 79.8189 201.4148 180.4436 143.6752 33.0246 51.0327 100.8383 195.5155 104.9068 81.2987 293.5340 125.5975 87.8859 79.1973 38.6259 245.5092 174.1865 82.2832 142.5576 26.9776 127.0584 45.5057 123.8986 93.1679 10.4300 92.9815 93.2330 100.0650 103.4490 87.7366 15.7931 99.0524 30.5275 38.4192 201.0743 159.7226 69.4462 86.9253 55.4445 76.9684 91.7658 103.2782 53.9528 136.9197 87.0697 97.4380 36.9794 69.1272 113.1681 60.9436
106.3265 155.8714 193.5931 43.2079 60.3159 146.4630 115.5331 138.4129 69.1678 104.9852 137.5104 227.2466 67.4937 112.2574 107.3564 19.7308 106.3157 94.7317 58.3548 72.8629 51.1574 52.4125 45.0702 1.6085 0.0000 32.5550 69.7379 73.9996 78.2214 101.5754 77.7861 13.4590 151.5898 128.0611 54.5020 121.7141 90.4648 78.8322 133.4707 98.3170 137.7864 168.6673 111.8614 78.2901 35.4624 106.9142 109.6973 84.2712 151.1017 84.2855 28.0441 124.7334 173.0243 45.5970 48.7592 65.4166 92.4442 147.6131 158.0670 36.9380 57.4841 60.5456 137.1499 83.2739 194.5687 15.3844 202.6895 156.7087 45.0311 168.8121 157.9486 51.3011 164.8954 16.8769 93.7481 69.4128 47.8021 59.1735 293.4337 162.4179 81.9800 99.2673 36.4569 106.7338 51.0305 101.4657 100.6728 116.0617 157.9882 20.6643
102.6459 156.4375 135.5829 41.8436 85.4875 46.8590 70.4048 115.0662 70.1720 166.4981 58.9355 30.0631 194.6531 99.3059 129.9645 89.1904 119.7839 74.9699 128.2402 128.4101 232.8303 29.8071 78.4498 193.6332 32.5550 0.0000 122.2492 95.3775 245.4196 49.1196 128.1254 138.7791 138.7583 41.6679 128.9067 118.3071 109.3507 75.8185 99.5259 103.9832 116.1814 89.1281 112.4753 12.4017 115.8449 51.1510 127.0240 193.6903 120.0687 45.2575 15.8910 41.2612 138.5348 60.9941 143.6842 125.4457 128.4709 61.1157 144.9154 76.9053 86.4168 51.1970 74.6706 117.4858 40.8893 120.2279 4.4569 79.9909 100.2158 111.5735 87.1160 112.8370 35.6887 133.8378 100.7786 43.9529 94.2244 95.1606 119.6735 97.3144 100.4996 68.4037 91.9584 10.7510 166.2238 136.7515 43.3024 45.6929 123.6978 131.7916
164.0639 78.2034 134.7270 39.8130 234.9937 156.0110 18.8112 25.3733 115.2899 119.7927 40.3768 95.2491 144.4748 60.2548 57.1519 142.2078 155.6969 135.4926 42.0872 105.3298 143.3863 12.9513 119.2190 69.0647 69.7379 122.2492 0.0000 184.4288 69.6993 134.2682 68.2728 221.9152 111.3225 158.7199 116.6441 122.3052 170.2554 171.2685 151.5875 94.1525 235.1896 69.7342 37.9843 96.7017 129.1598 45.2503 125.9307 200.0842 151.7496 141.6870 167.5285 37.0091 135.2241 137.0420 24.3662 160.1551 38.5478 145.4514 65.0821 141.3351 164.2030 213.1583 59.3043 145.2235 142.2930 30.8147 82.7156 112.7240 98.4185 32.8313 114.4597 79.0935 141.3401 97.4598 126.9224 137.0810 110.3453 84.9447 80.4446 111.1704 43.9863 51.5408 72.3030 18.0444 67.4357 116.3257 243.1037 178.0410 80.0648 117.3980
103.9273 115.3027 140.4936 60.4757 72.1971 30.1341 60.9347 91.5674 29.4191 37.3398 58.2467 152.4494 78.1685 50.5291 15.4501 67.1393 92.5903 33.6529 191.4532 154.7574 91.9601 33.1283 86.6732 205.3184 73.9996 95.3775 184.4288 0.0000 29.3033 106.3689 152.0413 10.7011 191.9463 168.8298 68.7347 95.6391 193.7585 74.1393 153.9022 167.8743 237.2543 141.9727 191.4514 120.4415 108.0539 80.5048 82.6437 120.6259 78.4825 35.7948 100.1488 222.3331 61.9198 29.2577 148.0825 131.0220 97.6092 61.4987 39.2868 152.9913 162.8412 70.4241 97.4296 128.3953 33.3640 79.2952 124.2529 126.1770 90.5333 145.8099 164.9813 94.0352 73.2229 179.2717 148.8577 53.3017 223.2687 26.3985 140.7342 30.9195 103.9039 49.6636 92.5702 136.6347 180.8973 216.7225 130.4530 168.7206 73.8911 126.2528
31.7464 178.9905 79.3888 135.3504 17.9352 117.2764 63.6863 80.0843 180.1694 133.3353 143.0184 165.0530 108.5396 31.8278 36.3343 71.2649 67.4306 112.5015 139.9932 217.2983 93.7415 56.8488 143.2721 120.3354 78.2214 245.4196 69.6993 29.3033 0.0000 211.3776 74.8925 101.3363 127.1212 133.0928 156.9910 46.7920 37.1265 101.3825 81.5783 111.8460 53.2782 124.3747 115.6911 150.0711 218.1545 158.2815 15.1966 163.2902 150.6192 111.6604 121.7259 48.1605 56.8673 102.7065 165.1167 94.0045 114.1652 111.4245 65.0708 73.4966 101.4270 93.5907 101.2564 49.6463 17.6103 46.3411 195.8032 102.4475 97.1401 59.9272 256.8917 228.4111 64.4237 101.4763 168.6501 161.5165 72.6747 129.3171 94.4459 32.5046 128.6011 92.6778 127.7811 82.9944 69.7972 24.8562 154.0121 139.4432 76.8180 161.7225
161.0843 54.6722 123.5772 68.7462 137.2766 74.6418 99.3801 3.2073 27.2478 119.1313 82.6168 227.7216 27.1018 123.5207 156.7772 115.0689 113.0828 89.1308 74.2954 157.3254 52.7968 122.1368 66.1965 98.8515 101.5754 49.1196 134.2682 106.3689 211.3776 0.0000 69.6040 102.2075 2.3914 166.4739 39.3417 74.3770 137.7942 26.0851 86.0435 108.0554 69.1747 11.9841 59.7187 79.0709 165.7551 176.7970 43.3487 117.7760 163.6490 247.1625 251.2535 47.7511 234.0860 127.3367 62.1168 32.9434 198.3654 131.8242 8.1821 246.4732 66.7749 150.3195 114.7942 208.0736 43.0992 163.0721 153.7277 53.5629 66.3191 115.4875 66.8239 92.9072 91.6925 104.8411 142.4724 200.3200 153.8374 72.3406 159.8994 51.0303 24.9400 229.0363 68.1078 67.3953 119.8896 149.2410 168.3836 184.1227 140.4530 6.0173
164.6607 105.8842 72.1766 78.4613 32.2716 70.7898 118.0713 62.9381 79.7114 97.8521 112.7326 124.4542 63.6648 153.1891 112.7853 62.4208 47.4551 115.0532 184.3425 112.6144 61.5639 93.8712 29.6905 176.1787 77.7861 128.1254 68.2728 152.0413 74.8925 69.6040 0.0000 133.0591 190.1667 190.5393 94.5254 134.7508 33.1780 51.4490 82.0365 118.3911 96.8205 88.2576 60.6705 115.0068 122.8696 182.3398 107.5476 113.2959 78.6950 185.4540 156.8551 148.6081 171.8592 246.9451 23.7825 72.5064 75.7555 75.6549 101.1533 204.9908 50.6201 32.7238 177.7403 131.3794 169.8688 46.3263 168.6041 91.9209 32.5910 33.4831 216.3382 79.3109 43.1488 69.2590 79.5248 2.1484 127.5635 88.7321 53.3705 50.4124 96.5986 52.4198 111.4551 6.6393 30.6750 31.0759 132.3482 143.7013 64.1806 2.3565
149.1514 81.7159 169.5256 38.9576 49.8776 169.1983 9.7814 60.8163 210.0395 86.0831 74.3218 47.2179 11.3043 111.4550 109.1139 158.4921 19.3530 134.7818 97.6013 59.0125 60.1002 131.5456 59.5868 45.7437 13.4590 138.7791 221.9152 10.7011 101.3363 102.2075 133.0591 0.0000 117.5566 43.4081 35.2717 147.1069 134.3039 180.9486 4.2144 170.1663 49.0167 105.9681 141.7665 160.4739 66.7385 203.4432 158.8737 130.3964 116.9242 169.7086 85.6582 145.8641 101.9516 110.5515 56.3566 150.2241 121.9748 77.6091 38.0152 136.0612 16.9148 187.6186 24.0123 146.4620 68.4645 101.5035 136.5930 166.4738 108.7158 77.6958 153.0916 58.5704 61.9516 127.8949 64.3108 37.9217 142.8144 203.4596 136.7464 150.7962 45.0978 118.8852 161.4561 107.7091 47.5334 34.1016 153.5746 68.0199 137.9625 145.3374
168.2581 86.3092 153.5094 115.2671 186.8192 79.3089 56.0940 65.0813 86.7734 172.8252 42.8768 184.3303 189.4037 41.3898 179.0321 142.8159 42.7492 41.2761 128.7560 120.7093 103.8846 35.5331 104.2771 54.0084 151.5898 138.7583 111.3225 191.9463 127.1212 2.3914 190.1667 117.5566 0.0000 58.0463 108.0115 64.6159 2.4674 145.1081 84.6055 142.5793 102.4211 136.8262 176.3257 127.9267 167.8391 130.1700 54.5582 152.2952 88.6233 93.0117 98.0812 130.6961 167.6853 153.6311 96.0345 153.1237 192.1137 44.9492 120.6474 90.3252 48.8899 71.9890 96.1475 145.3744 62.2720 145.4624 79.1531 180.4176 30.3986 56.0635 98.5947 48.1933 140.5969 140.5980 81.5846 91.6705 207.1469 176.8077 110.5653 158.8765 131.9043 163.4034 38.5021 0.9515 61.1910 91.2034 111.6940 84.9321 140.6449 67.8692
143.0925 69.4854 50.2147 181.7502 84.1227 78.3786 113.7007 30.1345 112.0765 102.6678 117.9938 124.6511 145.1739 95.3447 163.2698 145.2529 77.7279 34.0450 188.6846 189.5137 168.0260 122.2968 115.0157 92.2559 128.0611 41.6679 158.7199 168.8298 133.0928 166.4739 190.5393 43.4081 58.0463 0.0000 119.2349 41.8647 98.6064 98.8499 123.1097 76.8832 40.8025 127.0091 91.0391 44.5656 104.3085 65.6689 98.0832 147.9068 84.6146 30.8477 46.8590 86.9147 118.2237 89.2882 38.0168 79.8252 55.4231 39.7375 82.8452 121.4051 61.3254 126.8816 223.5008 54.0449 136.4839 81.8379 114.6955 71.7002 29.3097 155.4038 80.1678 130.0712 82.7074 181.3345 58.1227 94.7726 17.5452 52.5511 130.9069 89.6643 152.5158 34.4434 33.8588 169.2981 88.2307 106.6684 76.9596 25.9866 54.8601 17.8149
71.5433 73.5324 130.1519 251.9346 106.8080 82.3814 93.6980 31.7703 44.8871 172.4769 58.5796 2.7214 99.8194 101.5984 83.7666 70.3792 109.0298 164.3283 73.5548 90.3856 83.7711 128.2606 74.4390 68.3563 54.5020 128.9067 116.6441 68.7347 156.9910 39.3417 94.5254 35.2717 108.0115 119.2349 0.0000 106.5002 26.2870 50.3294 137.1374 180.3355 45.6298 61.0452 146.9968 94.8426 94.4536 115.3478 137.0135 65.0125 86.6982 4.6312 44.6253 155.1751 78.5332 108.9831 140.9950 123.0092 127.4559 78.4212 68.9753 9.0164 71.4673 72.6646 105.9037 117.4992 71.4399 80.0682 77.3094 80.6119 19.1248 71.1049 135.4269 20.6225 89.9502 26.1233 43.9229 151.4567 175.1427 194.3757 221.6113 79.7342 190.3982 146.6933 136.9711 71.1872 175.9481 151.3362 61.2544 36.6111 171.5575 58.7212
47.9562 52.4787 52.2255 6.3736 56.6109 103.1807 88.8635 144.9876 10.9112 183.0888 97.1347 154.7845 24.4841 220.4150 70.4897 83.9397 98.3235 71.2235 178.3602 59.3851 154.6719 85.7037 25.7894 94.3275 121.7141 118.3071 122.3052 95.6391 46.7920 74.3770 134.7508 147.1069 64.6159 41.8647 106.5002 0.0000 110.4089 7.9914 109.3676 43.9273 67.7551 80.1542 104.7004 161.5384 118.4847 94.7257 158.1382 112.3054 150.8161 30.2822 178.5745 114.5609 76.4809 88.9400 79.2133 125.7691 23.1893 149.0650 70.3187 44.1920 161.6537 129.3685 66.4530 65.4400 122.5727 107.2165 109.7448 119.5616 63.3918 105.4185 2.8731 90.2522 19.7730 30.9219 72.7378 94.6583 93.7274 34.8246 67.9832 123.6001 124.4946 106.0152 41.6590 60.4293 60.7891 97.1283 35.6126 119.9246 144.0169 142.5839
221.9006 29.7702 102.8356 153.7923 112.7123 166.9479 19.4897 72.4190 172.0697 154.3354 193.6557 79.0056 81.0329 65.4395 85.4631 114.6791 49.2616 199.0587 106.3766 179.6855 140.0412 71.3263 98.8231 41.8906 90.4648 109.3507 170.2554 193.7585 37.1265 137.7942 33.1780 134.3039 2.4674 98.6064 26.2870 110.4089 0.0000 77.7734 129.9821 189.3641 110.6958 67.1082 81.8364 190.2140 13.8845 79.2690 176.4705 56.2665 127.0415 116.8041 141.2486 92.9100 116.1042 17.3683 114.6558 153.9490 39.0653 142.3905 117.2462 81.7674 7.8715 110.0633 98.3919 171.4994 55.8747 61.4900 126.8602 88.5959 42.3919 105.6771 144.0185 162.9503 61.9690 166.0046 214.0645 73.8415 122.7887 51.3286 171.7682 159.3823 109.3469 12.6150 113.8979 178.9427 32.3783 74.6160 59.2922 152.3454 113.5509 79.5447
26.2888 121.2131 176.0394 50.9277 84.3230 22.9694 66.7217 39.5276 114.3257 194.9534 68.1515 117.2097 111.5211 181.5279 17.2379 136.2445 41.0672 40.4918 25.4324 44.0363 145.7033 233.3920 101.7187 177.1601 78.8322 75.8185 171.2685 74.1393 101.3825 26.0851 51.4490 180.9486 145.1081 98.8499 50.3294 7.9914 77.7734 0.0000 102.4681 105.2888 146.9879 107.3015 51.2649 55.3497 216.6911 42.1277 80.8896 51.6732 89.2101 0.0353 277.2177 53.7432 115.3025 134.1001 96.9383 122.5276 147.0753 141.0658 67.5913 103.9523 173.7310 132.3685 17.6341 133.2468 101.3728 100.1844 107.9984 107.5724 119.4054 145.8612 158.0000 65.8050 45.7799 50.5376 19.1385 68.6524 90.2937 86.1979 72.3778 104.5838 98.4270 44.5362 81.9935 5.5373 3.2573 116.1132 194.7806 119.4550 2.9656 176.9951
58.2218 161.1052 93.0642 95.2036 141.7244 71.0592 88.3251 197.4429 81.6945 32.7823 87.6548 33.7117 108.0470 111.1611 146.1053 106.7104 56.4499 116.0791 10.6830 55.1757 113.0796 13.9395 170.9339 157.5663 133.4707 99.5259 151.5875 153.9022 81.5783 86.0435 82.0365 4.2144 84.6055 123.1097 137.1374 109.3676 129.9821 102.4681 0.0000 135.7565 5.1422 93.3041 105.5849 153.8712 20.9356 79.5378 88.6081 162.4696 125.8650 41.9266 263.8185 151.7603 37.6308 133.0514 57.5573 107.0961 160.3787 131.6412 131.5162 120.4153 185.3395 45.4411 45.7500 123.2257 246.7382 181.3743 101.1271 79.7843 38.2238 19.9760 41.6420 121.1363 181.3384 95.7712 92.9927 90.1270 71.5805 18.6663 201.9060 0.6987 75.8619 53.1600 244.5335 108.8097 124.0023 125.0804 99.9094 89.0121 12.6916 47.1911
60.9452 73.9832 260.6928 130.0243 81.2675 55.8856 89.9240 23.3234 182.8049 88.5084 163.6785 57.9651 59.8830 54.8995 26.8040 119.5781 70.9675 181.0436 100.5646 23.5067 83.4478 113.0196 15.7256 172.6149 98.3170 103.9832 94.1525 167.8743 111.8460 108.0554 118.3911 170.1663 142.5793 76.8832 180.3355 43.9273 189.3641 105.2888 135.7565 0.0000 91.7123 90.3887 181.2088 33.9703 52.1690 51.7113 158.7539 89.1923 78.6141 120.5941 190.3849 220.9457 64.3854 108.2500 59.3987 136.6073 112.1897 148.9245 138.1787 80.3169 53.7894 147.5233 204.4526 75.2136 97.7377 92.5519 107.4223 108.3244 54.2691 219.1861 163.3754 102.3990 24.0180 82.9358 60.2045 111.8880 97.9382 135.3600 94.2415 117.8781 90.3957 165.6336 105.4224 97.0656 65.1621 52.6322 227.9938 24.2400 68.0425 112.8485
86.7536 101.6411 118.7615 67.2758 104.9727 37.7887 53.2203 136.9633 118.4052 210.8518 121.2842 138.4575 20.6420 176.4969 11.5745 114.9120 90.2102 88.9590 11.0650 122.6134 116.8045 97.4758 126.3658 79.8189 137.7864 116.1814 235.1896 237.2543 53.2782 69.1747 96.8205 49.0167 102.4211 40.8025 45.6298 67.7551 110.6958 146.9879 5.1422 91.7123 0.0000 35.4900 128.7296 127.6691 160.2290 59.3977 73.6132 16.0166 53.2910 25.2538 33.4868 203.9176 159.3165 48.1992 26.6634 101.4743 86.0403 138.0224 100.6906 82.7996 32.1886 71.5782 163.1719 152.6680 92.2370 23.2066 108.3180 85.0387 179.8645 87.0130 111.4084 18.5456 58.7725 129.0964 21.5634 112.8869 67.8557 69.4079 215.0315 136.1039 120.1371 153.8466 84.7747 121.3277 102.2625 150.5549 117.4489 109.9825 105.6673 72.0208
189.7502 110.6385 5.4701 75.6304 135.8918 73.8196 113.1252 116.9854 131.0287 123.1466 31.5912 95.6813 119.2773 227.2531 65.5031 110.5267 84.5529 17.5862 21.7963 26.3455 36.8784 73.5502 43.8659 201.4148 168.6673 89.1281 69.7342 141.9727 124.3747 11.9841 88.2576 105.9681 136.8262 127.0091 61.0452 80.1542 67.1082 107.3015 93.3041 90.3887 35.4900 0.0000 138.6469 33.3561 98.2724 47.3730 132.6032 100.5938 165.5762 37.0582 158.3325 82.4395 65.0665 80.8128 104.3729 65.7944 115.6782 137.3470 83.6430 154.9295 127.2156 65.2237 32.3639 135.2660 99.0486 24.2069 187.9167 68.7393 63.7336 91.6279 70.5570 130.6308 123.4940 11.0214 119.3252 145.0102 27.6050 123.0017 38.0628 144.1411 191.7767 43.3768 30.9028 160.0814 152.7595 136.5089 147.6038 44.4974 148.2884 15.4788
12.9508 99.3944 57.1566 167.2175 114.5460 26.5501 89.5607 69.8589 92.3120 81.6513 73.6268 60.7857 105.3794 21.5037 122.3405 141.6384 141.5350 148.9941 12.9142 50.9744 171.6982 117.2965 108.0444 180.4436 111.8614 112.4753 37.9843 191.4514 115.6911 59.7187 60.6705 141.7665 176.3257 91.0391 146.9968 104.7004 81.8364 51.2649 105.5849 181.2088 128.7296 138.6469 0.0000 93.0465 110.7363 1.2538 124.7875 85.8956 110.7063 67.9027 71.7656 111.5561 93.8818 82.5402 190.3099 150.3994 47.6238 113.5693 161.6682 90.6903 93.7937 144.4576 105.4711 264.7654 58.3819 37.9409 131.2477 81.4822 91.0098 15.3922 110.7434 118.8575 54.3077 11.8196 207.6606 68.4206 68.3260 146.6174 118.6290 54.7339 178.7511 132.2231 97.7171 145.3398 27.0182 117.6852 193.5090 228.7821 2.2455 108.6480
146.8359 132.6152 136.7073 68.5362 75.8329 179.2276 53.9687 12.1422 49.7850 110.4510 27.2914 17.7232 220.3077 39.1638 99.6080 117.9313 64.8392 201.9089 108.0856 254.7390 14.4301 57.5384 160.0501 143.6752 78.2901 12.4017 96.7017 120.4415 150.0711 79.0709 115.0068 160.4739 127.9267 44.5656 94.8426 161.5384 190.2140 55.3497 153.8712 33.9703 127.6691 33.3561 93.0465 0.0000 57.7368 8.0611 43.4292 166.6881 73.3985 51.6670 156.4242 52.0897 29.6573 71.1555 154.8858 69.0817 58.4236 129.0281 193.7052 75.5763 122.3804 129.6944 6.5736 171.1887 184.4858 25.4851 219.3648 131.8498 36.9709 128.4533 82.2009 127.7301 5.0609 114.3849 24.4708 112.7112 28.2988 110.5400 133.1045 26.5929 162.9866 49.3111 58.4281 113.0379 184.3851 131.5285 177.5601 91.6200 156.5276 35.0830
140.6286 43.5208 124.9093 92.1871 159.9496 79.1652 65.0096 104.2041 178.1609 59.8080 106.0950 107.5698 160.4118 137.2756 132.0055 130.8108 143.0040 111.7459 86.1770 87.6129 96.6643 25.1197 165.0511 33.0246 35.4624 115.8449 129.1598 108.0539 218.1545 165.7551 122.8696 66.7385 167.8391 104.3085 94.4536 118.4847 13.8845 216.6911 20.9356 52.1690 160.2290 98.2724 110.7363 57.7368 0.0000 148.7686 141.1296 177.2796 141.8142 163.2293 122.8918 52.2626 59.7040 49.3403 94.6943 19.1158 20.4291 221.1643 161.7690 103.5973 156.7826 133.6764 9.6798 42.2945 116.9881 174.8150 150.0654 138.4978 146.1527 101.6312 143.8379 115.7743 77.3133 193.2652 152.2280 105.0766 109.9793 85.3107 90.0279 84.0260 65.2079 32.0779 136.0697 127.5053 65.5765 107.1800 41.8612 73.2792 74.4637 88.1921
118.8323 23.8056 20.7020 83.2557 77.7693 129.8906 121.0611 43.5802 114.3538 221.9104 142.7163 116.6059 169.6192 55.1407 198.0947 199.9766 170.8019 179.8115 44.0751 64.2937 75.5683 95.6021 138.0055 51.0327 106.9142 51.1510 45.2503 80.5048 158.2815 176.7970 182.3398 203.4432 130.1700 65.6689 115.3478 94.7257 79.2690 42.1277 79.5378 51.7113 59.3977 47.3730 1.2538 8.0611 148.7686 0.0000 16.8782 46.0969 221.4035 92.4913 22.7246 86.0458 107.3929 83.2942 190.7571 106.0517 154.4495 110.7839 97.3901 116.6552 45.6851 70.0723 169.0898 219.7784 138.2094 30.0520 98.9111 131.3179 154.2908 78.8248 196.6724 83.1301 171.0950 108.3692 133.8470 149.0920 62.7414 46.0859 75.2133 160.0625 94.6041 91.6657 131.5263 122.6505 73.2347 172.6867 82.7269 208.7128 81.4062 126.2948
120.3284 83.6039 94.7716 121.0243 99.2819 44.7107 11.9098 103.9789 11.6376 62.6865 137.6492 127.8624 59.6286 82.1656 49.8703 103.0538 134.7077 133.5712 124.1155 139.5009 88.0299 196.6761 36.1199 100.8383 109.6973 127.0240 125.9307 82.6437 15.1966 43.3487 107.5476 158.8737 54.5582 98.0832 137.0135 158.1382 176.4705 80.8896 88.6081 158.7539 73.6132 132.6032 124.7875 43.4292 141.1296 16.8782 0.0000 65.3100 155.2174 17.6240 133.2343 134.8858 179.0134 111.4554 115.6355 118.5950 138.8813 127.3631 154.3423 84.5682 156.7720 192.0319 109.9404 101.5597 107.2511 37.9878 86.0632 29.7864 93.1766 198.6800 167.5579 72.8612 200.7294 6.7316 33.5478 39.5766 78.4665 92.1738 75.6331 36.1462 111.7609 96.5421 127.5332 89.9134 100.8925 109.1962 69.7647 162.4679 148.3956 127.2357
134.6386 91.4534 121.9199 63.0864 1.3552 78.9034 95.6380 127.4471 55.8733 61.7167 161.3094 51.6812 89.0355 98.6064 74.5338 116.9229 78.5107 48.2401 86.6066 94.3495 95.9568 92.0357 143.3170 195.5155 84.2712 193.6903 200.0842 120.6259 163.2902 117.7760 113.2959 130.3964 152.2952 147.9068 65.0125 112.3054 56.2665 51.6732 162.4696 89.1923 16.0166 100.5938 85.8956 166.6881 177.2796 46.0969 65.3100 0.0000 202.3214 150.6091 66.5834 75.8101 70.6810 2.1026 73.7159 84.3975 23.0995 155.7195 127.4889 75.6880 133.5620 139.9271 119.9511 37.0282 79.9024 168.2690 111.3568 121.8333 105.3416 140.6382 104.3788 153.2297 94.8473 68.3181 200.8856 201.9869 129.8745 70.6054 11.5012 121.2082 62.8599 64.9678 105.6800 108.5104 105.2014 75.9459 124.6996 138.7905 101.1528 192.4354
105.1121 69.2568 11.8513 120.1959 109.5105 8.5972 69.2260 67.7277 124.8715 65.6719 159.7480 7.1566 90.5793 199.4609 110.9218 106.4133 114.9915 32.5958 55.8765 28.6908 98.7506 156.2537 191.8555 104.9068 151.1017 120.0687 151.7496 78.4825 150.6192 163.6490 78.6950 116.9242 88.6233 84.6146 86.6982 150.8161 127.0415 89.2101 125.8650 78.6141 53.2910 165.5762 110.7063 73.3985 141.8142 221.4035 155.2174 202.3214 0.0000 10.0990 70.2946 98.7147 122.7148 101.7421 129.8868 189.0517 222.5051 154.2695 204.2353 160.0557 46.0823 177.3010 179.0119 77.4122 125.7266 119.9058 176.0479 38.6825 20.7517 41.3496 11.3294 60.7985 79.8346 100.2538 64.3139 73.2774 107.3614 121.1732 50.7161 168.1642 180.5014 104.1081 13.5857 118.1518 65.9755 44.7144 94.7632 129.4630 253.0300 106.2576
252.5364 90.0474 92.0026 28.9538 114.3214 67.4874 139.6074 136.0403 154.1684 209.3682 22.9191 97.2748 142.3728 140.4510 39.1086 102.1636 102.0056 141.2488 183.5643 160.7525 133.8185 203.0598 107.8549 81.2987 84.2855 45.2575 141.6870 35.7948 111.6604 247.1625 185.4540 169.7086 93.0117 30.8477 4.6312 30.2822 116.8041 0.0353 41.9266 120.5941 25.2538 37.0582 67.9027 51.6670 163.2293 92.4913 17.6240 150.6091 10.0990 0.0000 99.9783 82.0744 136.1525 66.6168 25.1648 128.2936 28.7479 20.4926 145.0435 100.1761 168.9208 136.6396 197.2074 143.1047 30.3706 100.9604 76.8805 53.6273 218.5420 128.1870 180.8380 62.4279 136.1860 122.0634 110.0786 45.2449 101.2744 45.3509 139.2508 90.7491 123.0984 16.5725 165.1304 113.8282 59.1771 88.6547 57.9568 127.4958 50.2449 34.2858
135.2359 144.8538 86.8112 142.4348 87.6336 136.6260 104.4549 149.2760 94.2500 37.0333 120.6212 210.3694 27.0326 139.0759 21.4148 119.0882 88.5592 45.0030 103.5999 157.8206 175.3534 165.3532 185.8776 293.5340 28.0441 15.8910 167.5285 100.1488 121.7259 251.2535 156.8551 85.6582 98.0812 46.8590 44.6253 178.5745 141.2486 277.2177 263.8185 190.3849 33.4868 158.3325 71.7656 156.4242 122.8918 22.7246 133.2343 66.5834 70.2946 99.9783 0.0000 135.3190 212.6307 150.2736 146.5781 136.2530 236.1518 31.8652 63.4474 36.4088 92.9477 9.0937 138.9813 207.8934 121.7831 79.3268 132.5843 166.4352 87.3865 172.3940 5.4179 84.0965 200.7735 84.9430 226.3194 112.6398 133.2745 74.8537 148.9322 106.4256 66.8004 47.0202 117.4091 129.0299 127.5858 109.0644 69.4645 111.3604 90.8338 78.8082
162.3221 107.7268 106.2193 34.6614 71.6360 92.9287 180.8130 79.1495 189.8447 149.6773 59.4684 70.3180 12.3473 68.1063 16.3305 174.2731 140.6360 164.2056 171.9508 116.8728 57.8480 152.3633 141.8123 125.5975 124.7334 41.2612 37.0091 222.3331 48.1605 47.7511 148.6081 145.8641 130.6961 86.9147 155.1751 114.5609 92.9100 53.7432 151.7603 220.9457 203.9176 82.4395 111.5561 52.0897 52.2626 86.0458 134.8858 75.8101 98.7147 82.0744 135.3190 0.0000 97.4018 84.7759 112.4792 61.5530 192.3769 75.3997 88.7297 62.1226 227.8258 78.4493 58.5552 96.8809 190.1204 37.4006 113.1247 206.2813 67.0270 51.1302 6.1709 64.3436 112.5346 117.6240 34.3060 94.3440 243.1412 155.2257 167.7944 61.4169 192.1208 22.3133 168.2192 55.4938 192.8073 134.7545 86.3300 211.3617 68.7813 167.1902
