90
0.0000 244.1275 101.2116 109.3981 126.3308 161.8413 80.6360 27.7514 110.6995 79.2039 68.0742 210.7252 103.0042 83.6925 126.5082 190.8089 16.5540 17.6001 101.6528 88.4364 50.4985 120.4324 29.6132 54.7970 12.8971 137.6971 70.4608 145.3924 67.5892 184.2666 84.8713 206.5668 124.6141 107.4832 3.2917 96.8448 19.5318 55.0601 87.0957 50.3392 47.6560 155.4495 109.0128 54.7437 136.5046 46.3082 142.0500 121.6950 44.5743 110.6037 88.9051 7.5049 137.4787 83.2311 127.0442 167.9336 122.5669 104.0787 38.8340 200.1192 161.2063 55.5559 132.7216 8.9462 92.5197 107.9585 156.7299 152.3545 114.4704 127.2866 24.4527 74.3709 136.1735 69.4020 95.0010 110.0931 117.2899 80.1743 79.4576 52.2322 20.0415 22.2107 158.6813 185.7792 116.9459 51.3536 265.6400 141.1572 9.8630 112.4863
244.1275 0.0000 137.2839 74.9663 203.2195 132.8561 127.5131 203.7508 120.0471 39.7960 31.0986 44.9618 0.3503 41.5280 77.1817 177.2633 34.6796 106.5543 7.3994 104.4439 157.4053 157.2652 49.3411 65.8538 144.4972 134.0874 185.4283 106.4505 184.4947 43.5064 141.0059 90.8139 94.1890 154.7510 82.0191 101.4812 56.4550 126.4989 127.1001 48.3603 66.1990 190.8400 168.3184 174.0344 209.5044 155.4845 93.5044 115.1920 184.4319 191.4386 154.4489 52.0478 8.9450 97.2718 40.7550 161.5864 29.7266 164.2284 151.3485 182.4088 107.8395 157.0154 207.7072 143.8533 16.6838 172.5824 36.2509 69.9054 53.6235 60.0928 108.9421 73.2362 77.8682 116.7781 114.3713 106.0569 160.7785 14.0415 37.2352 97.6985 116.0438 60.9363 71.0754 60.7109 29.6487 173.0477 122.2069 46.7499 95.8625 106.9310
101.2116 137.2839 0.0000 129.5094 158.1773 56.8371 79.7118 117.6898 111.9787 12.7912 144.9763 65.5185 80.0284 165.8856 182.6676 173.9049 100.9909 109.9184 156.3029 92.4473 29.5579 98.5473 90.3722 203.1199 138.7367 270.2591 17.6299 110.4345 153.6185 99.4521 107.7612 153.3707 130.9493 154.2332 50.5657 168.2569 180.0479 146.7951 10.1786 63.8549 113.5347 112.8616 62.4223 148.4067 86.4146 100.9748 56.0025 101.4135 84.6157 181.0499 172.2468 35.9887 11.9413 2.4193 6.9587 72.5649 141.4486 120.6432 157.4316 47.8573 63.8319 91.1097 27.7192 40.4584 134.5632 211.9511 117.0135 43.6471 171.7279 130.0901 127.3791 94.9080 99.2299 117.1988 124.9902 84.0049 139.8495 9.2994 68.5818 23.4759 192.6268 7.9470 158.1988 139.5442 141.5228 78.8066 110.8130 80.4188 134.0083 99.7167
109.3981 74.9663 129.5094 0.0000 148.4712 113.5859 28.2589 81.1394 153.0639 48.8617 143.9631 38.1316 116.2299 119.7634 44.6329 12.2112 124.1836 102.6191 129.6938 144.9498 93.1713 52.4990 61.1323 135.8518 215.1647 126.6729 174.3327 125.5515 64.7670 141.4822 138.3193 186.6881 72.1773 116.7051 152.5114 98.0786 121.1529 157.1763 18.6760 123.6389 38.2657 55.5449 50.1619 203.6731 43.1453 145.3173 176.2323 60.6339 49.8772 52.8898 130.0679 81.8237 23.5285 101.1232 44.6783 21.0302 135.8485 88.6747 105.2873 91.6526 172.4975 121.2969 117.1653 52.1360 150.5811 102.8542 100.2538 49.9760 177.8134 142.5677 139.1803 125.5033 58.7223 196.2816 177.4485 124.5785 148.3895 94.5227 128.6215 101.2956 124.5628 137.8885 231.8736 63.5239 106.9012 138.7253 214.6021 105.5611 118.0805 180.5822
126.3308 203.2195 158.1773 148.4712 0.0000 53.9328 138.3243 112.5779 84.0227 66.7049 132.4034 125.6868 20.5859 147.9227 81.6971 108.5999 233.0411 41.0379 81.4915 95.1718 114.2848 212.8175 156.8088 173.5233 156.1876 35.7454 38.1181 89.4419 74.1410 73.8193 159.1623 127.3759 118.4349 111.0085 171.7704 80.9323 47.8938 63.2066 134.9910 128.7367 81.8130 189.5865 129.5673 156.8116 117.7188 102.9128 122.8090 63.5618 53.4245 35.8218 40.9224 108.3677 130.0320 116.7430 77.9832 186.2405 134.7770 156.0315 6.1894 112.0679 69.4811 74.8781 149.7580 100.8132 160.9358 101.8781 169.1634 54.4096 194.3504 61.2117 40.1902 228.5462 30.4348 97.6067 123.4513 59.9932 160.3451 2.8766 67.4890 124.4982 210.0596 141.3550 148.2348 211.9046 92.9904 150.0424 20.2601 106.8124 105.4836 63.2069
161.8413 132.8561 56.8371 113.5859 53.9328 0.0000 175.8830 34.7201 65.9007 128.0272 165.6013 187.3271 42.2244 166.1765 240.0567 79.0482 203.0946 17.5193 110.1120 110.1367 106.2538 203.1409 128.6337 46.9812 26.5606 124.8382 156.1423 94.5683 136.3119 108.8176 232.7774 83.8083 336.0490 69.9935 136.1987 101.3672 62.1388 51.8798 34.3942 147.6501 124.9333 137.6887 66.6918 41.2657 123.2351 169.9189 168.6940 58.2064 184.2300 96.3047 209.0430 126.0474 125.9815 124.7281 167.7670 205.4560 95.2017 109.8628 131.0399 82.9398 187.8472 78.0132 67.8774 179.5673 156.2123 119.2888 234.3881 217.7238 1.5184 210.6757 184.7224 36.5679 120.1858 133.3626 118.5194 104.4919 94.7386 59.0251 113.3357 18.6471 241.3566 26.8895 118.0440 76.3346 128.6861 140.4753 140.2602 64.5329 91.0490 159.6675
80.6360 127.5131 79.7118 28.2589 138.3243 175.8830 0.0000 111.3369 116.6907 46.9089 34.0171 114.5140 64.7219 226.3994 111.9631 114.5218 102.1971 148.8417 110.2295 134.4853 204.3590 106.6980 174.4103 142.8747 165.1953 206.1524 116.9588 140.1428 140.7700 41.0118 30.5315 100.9581 84.8603 116.1722 35.0035 53.0686 122.8615 187.1823 55.0836 91.5925 137.0535 166.8323 137.5089 107.1895 26.0757 118.1354 156.9273 104.5584 14.1514 152.0874 81.2839 21.1359 185.5670 42.0336 52.6099 138.6846 82.7852 124.1486 204.9692 30.9742 115.9945 107.4126 94.7504 118.1919 153.7699 49.4877 182.1569 23.1120 19.2253 210.8965 24.6889 97.5114 26.4103 60.7311 111.7734 4.3630 127.2900 134.8990 120.5975 39.0490 160.2127 105.7740 139.5529 92.4824 101.9462 200.1488 21.9260 121.0711 95.7024 122.9572
27.7514 203.7508 117.6898 81.1394 112.5779 34.7201 111.3369 0.0000 122.6170 187.9605 26.8382 208.9391 116.3170 164.2277 9.0766 82.5714 74.4461 18.1151 56.3200 90.8795 120.6489 51.4269 105.9842 17.3426 40.1884 97.2422 85.0322 176.4220 91.0861 70.4275 16.9683 105.2102 81.9910 35.0160 225.9649 37.7243 61.1453 122.7823 61.7884 63.1671 128.5112 151.8409 14.4332 78.0403 5.3769 14.9624 57.8394 114.9963 94.0800 132.1120 40.9120 61.3570 16.2378 166.8917 91.8970 154.5908 152.2514 95.0031 63.3260 1.2933 159.8727 36.1556 47.9447 95.9785 59.1466 25.1343 29.9657 92.7398 135.6060 129.0359 133.1931 83.1329 44.2215 91.2695 86.5243 92.2154 39.4740 97.0383 37.7018 195.2358 62.2934 134.8677 186.2366 68.6736 31.1735 123.9976 134.2142 96.7635 2.0146 93.9522
110.6995 120.0471 111.9787 153.0639 84.0227 65.9007 116.6907 122.6170 0.0000 196.1910 174.2128 113.0759 189.1414 121.9279 55.1427 46.7691 92.2769 72.7309 49.2213 21.4296 85.9689 184.1166 22.5506 135.7343 62.9915 57.3109 198.2621 114.1839 157.4847 63.9444 143.7883 116.5064 122.3143 133.3341 117.2108 103.2205 101.6058 143.3882 116.0137 27.1702 100.6336 155.4374 14.6316 170.1300 48.2058 143.2179 40.9504 158.4178 144.5306 88.5633 81.1650 74.3453 38.0306 138.8084 48.0213 109.9606 74.6610 104.5293 113.7269 39.0789 73.4548 25.1209 142.4200 95.8291 89.7508 119.8013 219.3635 81.0621 70.6814 194.4118 45.3612 253.9878 47.7195 37.0614 37.7338 104.5977 132.8949 95.4596 65.1745 57.9407 161.5721 90.2718 158.7256 101.7666 7.2557 2.2541 151.7565 156.0708 56.8544 159.2424
79.2039 39.7960 12.7912 48.8617 66.7049 128.0272 46.9089 187.9605 196.1910 0.0000 110.1871 103.2656 126.8168 123.4726 203.2133 147.5683 52.2030 123.0814 138.7638 91.1666 78.9626 5.0909 143.3529 192.0658 58.0322 31.3097 150.9093 111.2900 167.6878 136.5295 98.8939 160.1485 216.2116 217.7350 72.1970 166.2990 160.1093 88.1013 85.3611 71.6239 158.4220 65.3803 167.9693 78.3681 99.1949 21.8159 128.7934 102.3392 165.5527 115.2755 76.4963 143.6382 107.2491 45.4362 102.5300 196.4657 48.2311 99.4640 151.1307 32.6696 73.9357 62.7225 99.2354 197.2402 106.4270 111.0774 73.9012 39.0687 54.2320 85.8480 252.8928 6.4220 19.2949 228.1954 30.7400 106.0962 82.1375 25.2533 107.9631 45.6205 85.3984 83.5173 124.1303 166.1124 26.0023 128.3322 49.1287 39.0198 101.8087 77.5147
68.0742 31.0986 144.9763 143.9631 132.4034 165.6013 34.0171 26.8382 174.2128 110.1871 0.0000 43.9079 50.0995 109.9512 204.5203 81.2416 104.8035 121.8007 118.4734 246.6832 139.6337 45.1355 118.5914 42.0637 80.2686 96.4135 94.6397 101.5838 33.1954 141.6956 52.5712 126.6529 153.1620 191.0122 24.2141 105.1465 79.8413 104.8653 160.8412 88.5116 222.6641 47.4761 78.3293 83.2635 185.7236 98.2806 97.5100 102.3979 102.9645 164.3470 95.7830 162.3300 192.9970 105.9056 133.7819 188.4381 77.8452 89.0255 151.7283 15.8389 198.1879 98.0330 136.8290 27.4988 77.4827 77.7649 132.1718 184.9022 143.5927 150.5577 173.5086 13.6067 87.4320 24.4989 124.1022 132.6441 135.7616 10.4446 74.8477 40.9607 242.1197 154.5881 102.7162 75.4653 251.5071 30.0821 40.9544 146.4486 114.1473 111.1394
210.7252 44.9618 65.5185 38.1316 125.6868 187.3271 114.5140 208.9391 113.0759 103.2656 43.9079 0.0000 102.1735 49.8959 253.5543 27.3580 103.3002 144.2046 172.1131 138.1265 123.5773 132.5884 79.4562 146.5324 58.3707 57.4578 190.7897 68.9179 48.4068 188.6558 114.6030 14.8776 128.2277 40.8206 7.4587 16.7289 18.6175 198.1171 50.7561 179.4914 68.2441 134.5580 64.4015 255.3914 34.7576 152.8122 168.5079 168.4594 106.9924 28.3724 67.8740 77.4906 145.6201 93.8482 84.9029 48.7435 101.0848 113.2631 20.2793 24.5129 109.3748 60.4551 49.4011 122.6541 62.9154 113.4620 49.1125 90.2698 73.9761 77.8063 122.4022 103.5310 106.2437 53.6022 71.9362 68.9566 73.0729 142.2986 33.6803 138.9959 46.0688 242.2949 124.1459 163.1130 49.1890 152.0771 6.9068 125.2027 100.4343 123.4560
103.0042 0.3503 80.0284 116.2299 20.5859 42.2244 64.7219 116.3170 189.1414 126.8168 50.0995 102.1735 0.0000 24.8252 107.8187 190.0161 147.7890 85.0906 67.5598 89.8108 3.5684 142.0913 92.7573 84.7239 93.9747 177.6996 26.1730 95.5141 72.9939 30.0292 85.0571 107.2536 89.7967 137.3574 33.3681 41.5055 91.4142 83.9334 157.5550 70.0079 205.5769 43.6302 179.8877 233.0551 120.6386 76.2233 104.8199 115.9164 200.9753 59.9897 38.4000 128.1601 106.9249 46.4826 130.9679 128.6498 50.6444 152.5052 109.7381 31.1965 98.7295 20.5979 112.7425 58.2277 132.1364 61.1246 187.1297 153.1891 67.8666 38.3474 141.9689 165.6123 22.5532 7.9155 169.6086 157.9748 109.0341 114.0834 7.6529 55.1271 94.9824 91.0305 109.8917 188.0351 120.8502 183.1069 15.3269 28.8315 125.2683 167.5389
83.6925 41.5280 165.8856 119.7634 147.9227 166.1765 226.3994 164.2277 121.9279 123.4726 109.9512 49.8959 24.8252 0.0000 1.1577 79.2809 70.3608 111.0629 59.8606 1.0934 185.3119 84.9390 22.1945 178.4189 17.9230 89.4389 27.0036 20.0358 161.2804 118.0398 60.1065 46.4594 41.2080 153.2350 130.8590 231.0796 57.7887 85.4923 60.3679 65.7156 90.1923 93.4856 164.9423 15.8868 141.7229 79.7952 32.3266 77.0322 153.8224 103.1165 111.6131 72.4328 129.4242 121.9122 11.3318 84.3320 149.9361 18.0513 117.6005 82.5542 229.1504 156.6235 161.1935 155.6991 134.5370 100.5464 122.9546 36.3170 186.0299 109.6314 91.3879 112.0767 53.9482 120.3964 133.3898 100.8929 218.1179 54.5319 162.2024 99.4939 103.5252 99.8373 240.7925 91.6830 207.5767 210.0402 58.7040 94.7383 110.6955 189.5187
126.5082 77.1817 182.6676 44.6329 81.6971 240.0567 111.9631 9.0766 55.1427 203.2133 204.5203 253.5543 107.8187 1.1577 0.0000 112.2263 138.6186 105.2736 47.9257 8.7278 97.6642 114.9512 69.2445 109.3144 60.5730 111.3206 71.8316 16.6048 1.5127 137.6563 99.7168 106.7890 128.0355 69.7076 35.0389 43.1915 43.2283 115.8522 146.1013 176.5918 121.0182 127.7432 132.5696 6.1779 94.1998 73.4046 104.1883 195.9213 153.6709 37.1227 189.8243 78.8694 125.0017 71.0537 97.0283 60.9969 107.6545 79.7402 211.2917 109.3639 108.5509 65.1173 50.4037 154.0011 178.6658 93.9386 113.4829 27.5880 31.4215 54.3510 41.2654 91.2725 86.0791 204.5140 136.5385 183.8382 67.6069 80.2310 66.9036 103.4594 139.3841 155.3567 69.8328 44.3327 61.1509 192.1116 111.2621 87.8104 81.2363 32.9259
190.8089 177.2633 173.9049 12.2112 108.5999 79.0482 114.5218 82.5714 46.7691 147.5683 81.2416 27.3580 190.0161 79.2809 112.2263 0.0000 103.3336 98.6131 73.8662 60.8947 113.7454 89.3789 46.0195 126.3884 87.7664 27.4976 222.6920 73.8242 97.5775 78.2161 148.6237 80.8001 17.3754 27.5463 46.5404 164.6715 72.7186 75.9158 197.7003 42.9452 73.5602 4.8413 37.3316 113.0460 100.4360 147.2220 130.2408 194.7192 117.0174 114.7898 124.7470 102.6905 85.3291 125.4931 52.6220 34.6779 96.4425 65.1360 90.5838 8.6195 24.0921 94.1608 83.0500 46.7950 45.9360 32.1495 219.8109 160.2300 111.2838 74.1407 57.7173 244.9635 230.9327 76.5422 87.1978 167.5287 54.5060 105.5585 61.8796 149.5402 114.5142 130.0580 159.8283 141.3155 186.5602 101.3843 206.2535 91.2053 160.5888 140.0708
16.5540 34.6796 100.9909 124.1836 233.0411 203.0946 102.1971 74.4461 92.2769 52.2030 104.8035 103.3002 147.7890 70.3608 138.6186 103.3336 0.0000 92.8313 115.2390 82.7172 143.7763 166.3065 100.0967 137.6236 63.5403 132.9725 67.8920 165.1578 7.2764 76.0248 64.4606 89.1124 192.3955 146.2396 167.8189 139.8854 48.8068 142.8542 99.3574 81.2454 98.8315 75.9580 15.1674 110.8951 128.7402 57.5027 122.2192 96.3321 186.3780 88.1842 207.6816 86.0030 27.7217 204.7644 27.9018 104.5421 196.2868 110.9080 113.4929 114.1041 99.8613 53.7107 118.2467 72.0995 4.7508 106.4672 163.5526 73.2666 11.2248 138.2988 43.3855 77.3136 100.3094 89.3008 125.3881 45.2886 76.2199 164.5757 19.8172 77.5182 1.2701 49.0244 145.0118 51.4181 192.6180 169.1683 140.7635 20.1388 121.1474 78.7261
17.6001 106.5543 109.9184 102.6191 41.0379 17.5193 148.8417 18.1151 72.7309 123.0814 121.8007 144.2046 85.0906 111.0629 105.2736 98.6131 92.8313 0.0000 62.3713 108.3368 30.2328 84.1028 94.4029 98.1398 84.3616 165.2503 108.5232 157.2273 209.0796 171.0245 98.8656 66.5502 154.3134 19.6745 60.1750 40.0167 66.8617 128.2425 35.2067 107.7507 183.7896 121.0982 110.7757 14.0819 205.5254 112.2316 162.1244 114.2443 90.7237 28.0078 159.6187 84.1138 130.8078 122.6564 114.5561 187.8883 193.8524 96.7457 122.3801 149.1643 42.0851 62.6408 66.6368 129.5820 197.2765 99.8903 49.5841 166.2885 143.4915 8.4821 71.4046 90.3175 52.1668 42.3612 54.1058 29.7933 70.0387 134.6033 217.5601 25.1171 223.6201 108.5899 41.3546 142.4339 153.3800 151.5531 90.3127 89.3193 19.7901 152.8303
101.6528 7.3994 156.3029 129.6938 81.4915 110.1120 110.2295 56.3200 49.2213 138.7638 118.4734 172.1131 67.5598 59.8606 47.9257 73.8662 115.2390 62.3713 0.0000 180.9108 148.8034 88.4541 26.7190 210.6775 136.8819 82.0964 140.4002 79.7627 188.3634 95.5668 113.4680 28.2203 55.9582 198.1928 207.1371 11.3903 94.5506 115.9095 15.6646 157.6948 158.4168 126.6664 111.6311 174.9504 32.8650 97.7105 91.7564 148.0039 33.4802 192.0178 84.7966 120.9202 108.0957 5.5814 16.2029 94.2936 103.8763 158.9319 51.8713 65.9937 104.1087 106.3576 150.6500 78.0502 43.5742 81.4652 113.9506 162.6699 124.5490 161.9379 22.2320 110.2975 79.4132 77.0633 132.5348 99.9156 12.1311 176.9228 133.6553 143.0749 133.9122 172.0688 119.4088 90.9417 87.8365 122.5777 63.1006 224.1788 226.5448 116.6351
88.4364 104.4439 92.4473 144.9498 95.1718 110.1367 134.4853 90.8795 21.4296 91.1666 246.6832 138.1265 89.8108 1.0934 8.7278 60.8947 82.7172 108.3368 180.9108 0.0000 116.1631 110.9443 41.8097 49.1482 65.8496 191.5397 99.6750 95.9001 37.2073 204.2237 65.2387 120.5800 107.8357 115.6706 105.3453 66.0141 84.2128 126.2887 115.1155 100.8134 156.7531 91.3065 127.7065 57.7698 29.6911 130.1097 121.3177 10.7580 62.9904 158.5427 199.9352 202.9661 164.8273 66.1673 129.1493 143.8536 143.7641 37.9518 10.3672 190.2474 84.8267 206.4088 20.8670 2.0450 137.4312 55.9902 116.0349 58.9002 21.1953 80.2313 65.3556 141.8841 74.2963 166.7322 125.5262 36.2650 86.0444 109.7347 132.0343 31.2352 24.6859 81.2679 59.0956 99.8379 78.3317 106.0732 121.7277 157.0364 133.1237 35.6403
50.4985 157.4053 29.5579 93.1713 114.2848 106.2538 204.3590 120.6489 85.9689 78.9626 139.6337 123.5773 3.5684 185.3119 97.6642 113.7454 143.7763 30.2328 148.8034 116.1631 0.0000 55.6183 169.2313 61.7504 73.9515 93.9351 36.5072 108.5491 94.4379 142.3566 105.8414 148.6570 37.4747 156.7306 189.4152 86.5462 60.5139 56.8227 157.4177 148.4896 197.1742 76.0922 124.3226 173.9435 120.9297 67.3526 25.2739 239.9101 129.7611 20.1371 121.0116 81.4947 106.3622 122.4418 122.6618 154.7413 181.5974 43.0496 55.1694 102.0719 9.6653 108.1296 53.8859 128.6283 102.8933 91.7738 123.6690 108.0933 15.7410 171.9097 150.3153 58.9724 112.7014 63.0497 107.9124 192.9842 130.5662 53.9553 104.5601 102.2018 100.7245 145.9969 111.5766 42.3802 41.8886 49.2055 103.2442 87.1360 66.8736 104.5443
120.4324 157.2652 98.5473 52.4990 212.8175 203.1409 106.6980 51.4269 184.1166 5.0909 45.1355 132.5884 142.0913 84.9390 114.9512 89.3789 166.3065 84.1028 88.4541 110.9443 55.6183 0.0000 133.7548 55.3215 55.3565 90.5730 231.0257 205.0210 108.9150 34.9242 161.9241 57.8998 37.2778 70.0516 92.8112 32.1612 75.2387 71.5856 50.0452 161.6206 78.1722 51.5661 190.7298 251.4403 39.3445 132.7805 152.0901 101.9188 191.8966 115.2243 156.5807 82.3266 57.5912 142.3193 107.0998 109.8349 48.4066 98.8165 103.2275 178.3624 70.4115 183.7147 91.5982 162.1035 134.7610 16.4824 136.7588 58.1869 170.3545 124.7776 37.6819 20.8270 261.5088 117.1036 62.7083 136.1221 153.2127 31.3936 156.1481 8.2568 69.2699 130.5068 67.9758 132.9593 42.1746 137.5020 42.2516 81.2687 152.5134 170.3249
29.6132 49.3411 90.3722 61.1323 156.8088 128.6337 174.4103 105.9842 22.5506 143.3529 118.5914 79.4562 92.7573 22.1945 69.2445 46.0195 100.0967 94.4029 26.7190 41.8097 169.2313 133.7548 0.0000 165.6705 84.5890 145.0582 66.2944 0.0842 106.4881 96.6402 52.6162 79.4781 44.7478 100.7205 61.7713 62.2442 30.7121 80.5721 190.6177 55.2554 170.9953 140.9641 153.0417 257.6547 28.7783 27.9798 57.2772 79.6451 151.9655 110.7076 125.1112 3.9933 76.4744 59.9415 94.4822 44.1175 106.5922 158.6343 80.5741 67.3542 99.9769 142.2498 125.0531 108.7117 128.0979 150.4605 115.5256 247.5337 47.0011 80.9051 149.9016 147.2166 103.3247 90.1529 107.0629 65.5592 118.3662 190.3084 127.1456 27.3728 156.2004 70.5648 88.0737 47.9050 85.0422 92.5992 193.7008 14.4479 47.3182 156.7998
54.7970 65.8538 203.1199 135.8518 173.5233 46.9812 142.8747 17.3426 135.7343 192.0658 42.0637 146.5324 84.7239 178.4189 109.3144 126.3884 137.6236 98.1398 210.6775 49.1482 61.7504 55.3215 165.6705 0.0000 79.6207 78.9388 150.2761 113.6907 112.9986 51.3795 147.7242 64.5410 64.5868 207.5051 73.2289 85.4117 133.9770 73.7247 1.0112 223.6315 157.0425 112.5323 120.4494 71.9967 92.7226 100.1838 100.9711 63.5535 64.5024 118.8883 160.3671 105.1728 201.1916 88.9519 128.2389 125.8683 103.8362 11.4988 175.3800 102.5543 126.4924 78.8101 122.0769 225.8792 52.5190 54.7929 170.7054 86.1096 86.2663 127.9268 136.7524 32.5410 23.0012 103.9681 176.9162 35.4272 80.3307 166.9052 108.9047 101.8091 16.9367 101.1264 83.1484 133.4315 50.7440 188.7631 185.3336 249.6206 187.1273 129.9295
12.8971 144.4972 138.7367 215.1647 156.1876 26.5606 165.1953 40.1884 62.9915 58.0322 80.2686 58.3707 93.9747 17.9230 60.5730 87.7664 63.5403 84.3616 136.8819 65.8496 73.9515 55.3565 84.5890 79.6207 0.0000 160.3174 95.8454 105.9650 20.4996 141.4565 107.6264 33.6559 21.8946 18.2343 123.2818 53.6560 90.1464 126.6257 171.9040 191.3284 215.3046 70.3009 75.7729 170.2284 161.9768 51.3760 103.4454 136.4500 90.2599 67.9645 143.4213 41.5061 61.0219 171.1703 75.7220 134.4128 115.4365 130.3148 108.7633 30.5419 46.8050 100.2810 50.5320 84.7246 112.0422 116.6266 152.0199 140.8381 69.7468 12.7011 184.5146 126.6988 137.4251 96.3789 179.2761 148.6624 116.2711 277.9040 149.0125 114.5389 144.7796 3.9410 169.5021 23.3354 51.7286 74.2060 125.3665 81.6087 64.8663 161.6516
137.6971 134.0874 270.2591 126.6729 35.7454 124.8382 206.1524 97.2422 57.3109 31.3097 96.4135 57.4578 177.6996 89.4389 111.3206 27.4976 132.9725 165.2503 82.0964 191.5397 93.9351 90.5730 145.0582 78.9388 160.3174 0.0000 45.7414 145.8678 117.7788 126.6815 15.8513 177.4744 58.7294 128.0364 38.2256 180.8247 162.0922 70.1437 44.2923 74.8426 156.6181 23.9667 118.8444 163.6624 15.5409 17.7484 163.4023 120.5956 43.5819 84.3656 159.8588 33.2534 135.1517 125.8465 51.8146 18.2976 27.4447 82.6092 115.0322 73.7186 210.1576 38.1948 154.7092 121.6440 98.6547 54.7088 119.5315 100.7133 133.0932 92.1061 175.0079 149.7625 264.5076 140.0395 141.3204 62.9921 59.2332 26.1774 0.1693 122.2177 20.0361 62.7275 72.8057 132.1399 151.0436 102.0336 140.6456 44.2465 138.8096 77.8900
70.4608 185.4283 17.6299 174.3327 38.1181 156.1423 116.9588 85.0322 198.2621 150.9093 94.6397 190.7897 26.1730 27.0036 71.8316 222.6920 67.8920 108.5232 140.4002 99.6750 36.5072 231.0257 66.2944 150.2761 95.8454 45.7414 0.0000 179.7963 80.9976 126.1051 75.8100 67.8668 4.6826 203.3152 66.6540 21.2518 117.4653 148.6991 144.7919 112.6076 223.5166 144.8332 130.0455 119.0598 123.8545 122.0974 88.1519 112.3693 133.8010 200.7457 46.8225 25.7493 158.0107 180.1714 77.4816 102.7711 112.2183 132.8149 229.6492 176.1919 144.3598 82.2723 38.5505 148.7523 135.8914 162.2910 136.0588 88.6871 84.5071 199.3609 197.1438 109.7573 44.9970 116.5551 193.1627 96.8581 206.4162 130.3569 140.3914 133.1230 18.6378 126.9067 72.6915 75.9502 129.5143 3.0165 106.9367 106.7084 111.5188 135.3882
145.3924 106.4505 110.4345 125.5515 89.4419 94.5683 140.1428 176.4220 114.1839 111.2900 101.5838 68.9179 95.5141 20.0358 16.6048 73.8242 165.1578 157.2273 79.7627 95.9001 108.5491 205.0210 0.0842 113.6907 105.9650 145.8678 179.7963 0.0000 160.9097 69.6278 132.4618 104.9757 108.9529 62.2424 104.4391 103.9517 139.2627 220.6139 13.1934 83.8853 173.4066 140.6474 67.3835 154.4357 149.1509 121.9178 150.6992 103.1103 5.0176 109.7921 40.6326 52.6652 131.3376 20.3453 116.9914 179.8404 164.9652 52.6117 74.1921 149.9237 112.0821 69.3165 50.7484 138.4660 101.1813 28.8152 185.6202 185.6201 97.1709 39.7016 180.8527 90.7756 79.9820 83.8831 31.3300 56.6135 72.2272 126.1725 57.2524 54.6731 181.3154 149.9117 125.0626 159.5997 213.8162 115.6472 138.2620 38.6815 166.2572 61.7076
67.5892 184.4947 153.6185 64.7670 74.1410 136.3119 140.7700 91.0861 157.4847 167.6878 33.1954 48.4068 72.9939 161.2804 1.5127 97.5775 7.2764 209.0796 188.3634 37.2073 94.4379 108.9150 106.4881 112.9986 20.4996 117.7788 80.9976 160.9097 0.0000 83.2349 48.9328 129.1853 142.9779 75.1392 74.1529 33.4870 35.4311 113.0911 82.0178 90.7850 69.6953 95.6669 120.7454 120.2254 108.3300 171.5771 172.4986 74.0021 108.7745 135.9718 123.2980 142.7965 94.8073 126.8834 80.4701 108.2734 98.0725 96.8424 106.0932 159.6128 83.2736 151.1704 179.7557 98.9666 121.2350 10.7736 64.6272 235.3318 78.9528 168.5186 121.3207 105.8418 37.4329 119.7649 192.6678 227.3800 161.6462 116.6373 89.9415 102.7049 139.0735 215.5628 150.6969 74.7218 49.1090 12.1183 30.9191 115.1968 24.5360 102.0624
184.2666 43.5064 99.4521 141.4822 73.8193 108.8176 41.0118 70.4275 63.9444 136.5295 141.6956 188.6558 30.0292 118.0398 137.6563 78.2161 76.0248 171.0245 95.5668 204.2237 142.3566 34.9242 96.6402 51.3795 141.4565 126.6815 126.1051 69.6278 83.2349 0.0000 57.1972 26.2968 117.7815 106.8442 74.9097 41.9465 195.2655 89.5462 183.8809 36.7313 68.0907 118.5582 151.4001 78.1716 64.6577 74.4684 129.1260 85.8773 110.7386 49.4805 216.0843 89.7768 129.4926 47.9502 23.9213 53.6437 152.5709 165.1554 118.8959 24.7059 134.9132 84.8432 137.3363 112.0627 53.9752 167.2396 18.7007 55.2807 122.6997 215.9845 102.3271 119.3211 47.5410 92.6562 104.1120 177.0490 7.4417 139.9954 88.4290 93.8475 94.7401 161.1847 176.9720 60.9291 170.7508 50.4387 120.4401 155.9928 39.7034 30.7549
84.8713 141.0059 107.7612 138.3193 159.1623 232.7774 30.5315 16.9683 143.7883 98.8939 52.5712 114.6030 85.0571 60.1065 99.7168 148.6237 64.4606 98.8656 113.4680 65.2387 105.8414 161.9241 52.6162 147.7242 107.6264 15.8513 75.8100 132.4618 48.9328 57.1972 0.0000 59.9018 100.0515 136.4133 33.2133 105.5885 1.8245 140.8239 113.1905 136.8146 147.6405 92.0966 137.8380 159.3120 121.4583 64.5453 114.2914 164.4016 85.0382 83.8662 19.1728 145.6118 76.2854 56.0724 73.2018 139.4931 75.5017 131.0160 74.8908 142.1820 58.8662 187.6251 69.1006 58.8893 18.1044 72.5631 156.8146 7.0771 41.1063 99.4041 57.2468 17.8572 145.0391 92.2262 79.2872 189.8426 49.6761 77.1258 83.9658 25.9886 154.7821 194.0366 162.8426 183.6242 125.3822 33.9579 100.8504 68.9450 155.6539 212.3658
206.5668 90.8139 153.3707 186.6881 127.3759 83.8083 100.9581 105.2102 116.5064 160.1485 126.6529 14.8776 107.2536 46.4594 106.7890 80.8001 89.1124 66.5502 28.2203 120.5800 148.6570 57.8998 79.4781 64.5410 33.6559 177.4744 67.8668 104.9757 129.1853 26.2968 59.9018 0.0000 58.8544 124.5751 106.3015 72.1226 154.5672 153.4332 97.4299 102.8135 59.3072 119.5379 75.3710 80.5760 175.4731 162.2537 65.1507 73.0893 63.6502 24.1514 190.3882 89.0603 100.7789 249.8330 115.5485 74.0157 37.1258 171.4684 134.8864 140.8882 178.2772 214.9166 47.1790 72.5051 115.6448 232.9502 79.4395 37.9523 199.3488 61.6848 126.3367 160.7947 160.5146 52.7225 136.4261 35.0767 88.4190 32.6832 52.1384 76.5498 163.4347 23.8342 83.9205 27.4379 175.1081 111.4076 62.7326 170.9301 146.1033 77.8690
124.6141 94.1890 130.9493 72.1773 118.4349 336.0490 84.8603 81.9910 122.3143 216.2116 153.1620 128.2277 89.7967 41.2080 128.0355 17.3754 192.3955 154.3134 55.9582 107.8357 37.4747 37.2778 44.7478 64.5868 21.8946 58.7294 4.6826 108.9529 142.9779 117.7815 100.0515 58.8544 0.0000 96.4043 75.1699 13.2178 180.0075 122.3482 173.2483 72.4037 69.1042 244.6782 232.2794 189.2403 162.8278 62.4432 106.5169 134.0913 136.7867 93.6426 146.3506 229.6850 91.9117 160.2281 97.4481 121.0354 178.8502 152.9932 125.9973 99.8498 65.1613 181.8933 141.3040 69.3352 80.2529 176.9258 126.6834 84.8120 38.6079 125.7761 109.7830 140.0698 27.5852 27.5750 117.0597 53.3043 74.2452 120.8943 139.7751 68.9170 89.1259 114.1484 10.3385 42.2927 50.3165 5.0698 76.1401 109.6764 134.7804 95.9395
107.4832 154.7510 154.2332 116.7051 111.0085 69.9935 116.1722 35.0160 133.3341 217.7350 191.0122 40.8206 137.3574 153.2350 69.7076 27.5463 146.2396 19.6745 198.1928 115.6706 156.7306 70.0516 100.7205 207.5051 18.2343 128.0364 203.3152 62.2424 75.1392 106.8442 136.4133 124.5751 96.4043 0.0000 117.7940 173.7192 158.5717 184.6243 190.5682 68.6738 28.3710 52.4841 94.5910 102.0945 67.8429 129.1466 172.3410 66.7594 135.3028 78.6740 154.8086 86.9722 116.8045 203.4046 132.1217 14.2304 39.3309 98.1941 130.9770 165.9899 144.4834 118.3774 53.6844 82.2128 136.5486 44.0203 121.1363 117.8509 114.2845 182.3967 85.6840 31.9322 135.8924 82.5976 86.1516 230.4285 61.2740 99.5759 9.0814 22.4118 55.9598 57.8291 85.1765 174.7407 101.6626 127.4579 107.3687 139.6630 112.4304 226.1919
3.2917 82.0191 50.5657 152.5114 171.7704 136.1987 35.0035 225.9649 117.2108 72.1970 24.2141 7.4587 33.3681 130.8590 35.0389 46.5404 167.8189 60.1750 207.1371 105.3453 189.4152 92.8112 61.7713 73.2289 123.2818 38.2256 66.6540 104.4391 74.1529 74.9097 33.2133 106.3015 75.1699 117.7940 0.0000 89.9379 79.3835 60.1381 177.1370 119.8223 110.4938 127.3096 95.0317 95.4185 146.8032 6.7721 14.6372 158.8627 121.1783 104.6373 144.3135 115.7393 88.4553 138.9487 166.6868 95.2729 76.8903 160.0681 162.1072 15.8948 97.6440 122.5313 70.4641 34.6473 96.5346 31.2720 64.3848 21.2935 116.0494 215.8222 69.1891 160.3718 26.7532 15.6054 169.7857 68.3300 83.0453 190.8331 44.6980 197.4723 107.0757 102.3696 161.5778 168.2551 170.2649 40.8896 114.7163 250.6446 127.9064 102.5034
96.8448 101.4812 168.2569 98.0786 80.9323 101.3672 53.0686 37.7243 103.2205 166.2990 105.1465 16.7289 41.5055 231.0796 43.1915 164.6715 139.8854 40.0167 11.3903 66.0141 86.5462 32.1612 62.2442 85.4117 53.6560 180.8247 21.2518 103.9517 33.4870 41.9465 105.5885 72.1226 13.2178 173.7192 89.9379 0.0000 157.4309 166.0102 74.4479 101.2370 161.1259 114.2778 78.1899 175.2006 45.1813 188.9265 162.8461 209.0148 5.3395 113.2214 169.2307 78.8591 94.2720 49.0923 146.4662 129.5774 76.3899 108.1926 92.4956 108.3125 111.6898 164.8389 5.2003 121.2296 172.8569 109.3656 114.3596 190.6709 214.5947 93.6075 51.2135 145.0659 179.4617 53.5918 140.4493 123.1111 128.2032 139.7423 24.7147 134.4039 161.0107 120.6609 153.6349 108.6613 50.0471 43.9225 55.6413 67.7872 65.2593 78.9411
19.5318 56.4550 180.0479 121.1529 47.8938 62.1388 122.8615 61.1453 101.6058 160.1093 79.8413 18.6175 91.4142 57.7887 43.2283 72.7186 48.8068 66.8617 94.5506 84.2128 60.5139 75.2387 30.7121 133.9770 90.1464 162.0922 117.4653 139.2627 35.4311 195.2655 1.8245 154.5672 180.0075 158.5717 79.3835 157.4309 0.0000 125.3981 30.4551 156.2232 52.9817 31.9232 113.6998 159.2575 197.9559 41.9739 136.7585 108.7315 180.7033 100.3839 181.3333 40.6457 127.3620 78.4506 183.5237 107.2785 109.5092 71.0175 234.6743 45.8345 181.2166 71.7930 51.4812 52.3739 52.4710 59.5996 88.3165 37.8655 17.4913 145.9006 17.8738 40.1141 64.8179 5.1717 214.5072 247.6960 97.6756 123.5159 111.0347 149.9808 172.6700 98.6451 90.0576 4.3333 99.4491 124.8193 80.9915 132.9142 51.1671 209.0035
55.0601 126.4989 146.7951 157.1763 63.2066 51.8798 187.1823 122.7823 143.3882 88.1013 104.8653 198.1171 83.9334 85.4923 115.8522 75.9158 142.8542 128.2425 115.9095 126.2887 56.8227 71.5856 80.5721 73.7247 126.6257 70.1437 148.6991 220.6139 113.0911 89.5462 140.8239 153.4332 122.3482 184.6243 60.1381 166.0102 125.3981 0.0000 43.2602 19.5825 101.8291 97.5538 37.9610 51.2653 85.5401 8.6504 92.8873 196.4111 99.3900 59.2172 33.5165 63.5632 68.7508 104.6475 128.4884 119.4135 117.3347 150.5423 81.8925 268.5197 124.3969 158.4304 66.1735 105.1051 128.9416 145.6242 80.4585 174.6545 60.9969 53.4409 89.0479 48.9976 18.4931 4.1564 17.8791 112.3176 161.5766 114.9102 157.5911 119.5576 189.6795 48.7025 32.7359 166.2842 62.2450 164.7566 26.9985 88.1603 53.7525 239.2738
87.0957 127.1001 10.1786 18.6760 134.9910 34.3942 55.0836 61.7884 116.0137 85.3611 160.8412 50.7561 157.5550 60.3679 146.1013 197.7003 99.3574 35.2067 15.6646 115.1155 157.4177 50.0452 190.6177 1.0112 171.9040 44.2923 144.7919 13.1934 82.0178 183.8809 113.1905 97.4299 173.2483 190.5682 177.1370 74.4479 30.4551 43.2602 0.0000 150.4727 43.5939 157.9226 83.1597 61.0939 193.0470 21.1830 139.3646 75.5956 149.6940 50.8137 141.3217 146.2829 39.4053 99.9177 126.5162 140.0579 128.7850 4.7006 109.9858 46.7616 78.7542 118.3578 66.4476 92.7807 82.4010 70.1922 127.8598 152.2707 154.0014 66.2946 93.0036 96.1084 95.4571 94.4102 130.9617 79.4877 153.9926 34.5828 34.5831 38.6739 155.1313 89.2370 149.9853 108.1791 65.5971 44.8180 42.8574 139.3129 94.8994 186.3597
50.3392 48.3603 63.8549 123.6389 128.7367 147.6501 91.5925 63.1671 27.1702 71.6239 88.5116 179.4914 70.0079 65.7156 176.5918 42.9452 81.2454 107.7507 157.6948 100.8134 148.4896 161.6206 55.2554 223.6315 191.3284 74.8426 112.6076 83.8853 90.7850 36.7313 136.8146 102.8135 72.4037 68.6738 119.8223 101.2370 156.2232 19.5825 150.4727 0.0000 138.0298 51.6694 56.5240 181.4497 13.7499 182.8105 93.7855 82.6820 68.9695 170.4542 235.5123 78.7305 174.1540 136.9724 88.8283 20.8580 94.5779 113.0765 21.5641 155.6589 10.3467 213.0971 49.4284 100.0246 119.5116 121.6976 159.7321 46.6032 122.3198 92.2307 141.8512 196.2785 60.8615 59.6300 135.5023 153.2929 95.5514 10.1513 113.6376 228.4242 92.2192 166.1533 125.7674 121.1151 169.3753 129.6511 66.8951 18.2485 122.4287 245.2023
47.6560 66.1990 113.5347 38.2657 81.8130 124.9333 137.0535 128.5112 100.6336 158.4220 222.6641 68.2441 205.5769 90.1923 121.0182 73.5602 98.8315 183.7896 158.4168 156.7531 197.1742 78.1722 170.9953 157.0425 215.3046 156.6181 223.5166 173.4066 69.6953 68.0907 147.6405 59.3072 69.1042 28.3710 110.4938 161.1259 52.9817 101.8291 43.5939 138.0298 0.0000 193.3042 149.9882 39.7992 122.2808 56.4966 62.2262 55.5728 164.9568 55.6583 62.4652 112.8341 164.2630 108.7901 121.3998 143.0637 121.5252 76.1535 24.8209 93.7733 36.3876 71.2412 122.1532 200.3172 73.0380 77.2350 63.0243 73.0465 175.9710 22.6985 96.5855 145.3951 97.8562 77.5266 73.3576 57.2789 95.3999 40.3853 69.4022 67.1500 257.5371 213.3043 122.4875 144.2164 4.8458 99.6221 120.2850 117.2549 215.3635 189.4184
155.4495 190.8400 112.8616 55.5449 189.5865 137.6887 166.8323 151.8409 155.4374 65.3803 47.4761 134.5580 43.6302 93.4856 127.7432 4.8413 75.9580 121.0982 126.6664 91.3065 76.0922 51.5661 140.9641 112.5323 70.3009 23.9667 144.8332 140.6474 95.6669 118.5582 92.0966 119.5379 244.6782 52.4841 127.3096 114.2778 31.9232 97.5538 157.9226 51.6694 193.3042 0.0000 22.2651 163.9724 195.6894 37.0002 100.8711 91.9309 229.2692 37.0363 121.2069 39.6806 92.9827 8.4187 6.1218 125.7716 96.3363 137.1427 89.6280 159.5890 131.5898 111.4815 77.3240 154.6478 41.4827 215.1113 123.4250 84.4048 15.5181 99.8099 197.2737 127.6331 170.5739 9.2551 34.6379 173.4111 123.3621 101.7837 80.2654 89.0512 28.4095 103.2905 170.7158 85.1820 143.3695 110.3220 162.8815 132.6371 134.6987 29.0252
109.0128 168.3184 62.4223 50.1619 129.5673 66.6918 137.5089 14.4332 14.6316 167.9693 78.3293 64.4015 179.8877 164.9423 132.5696 37.3316 15.1674 110.7757 111.6311 127.7065 124.3226 190.7298 153.0417 120.4494 75.7729 118.8444 130.0455 67.3835 120.7454 151.4001 137.8380 75.3710 232.2794 94.5910 95.0317 78.1899 113.6998 37.9610 83.1597 56.5240 149.9882 22.2651 0.0000 92.6374 115.7766 182.6897 3.5968 151.8306 72.0649 63.8210 185.4841 81.8649 0.9320 77.4338 90.2550 7.9352 61.1482 252.6701 88.6485 146.8453 128.3802 163.9066 39.0195 101.1714 100.5515 111.8839 131.0594 103.4486 165.9041 84.1057 57.5797 156.2846 144.4077 27.0375 125.8859 163.3716 100.3640 170.5858 112.5378 186.6226 134.2286 145.2545 53.6660 131.5247 109.2864 83.3429 156.9032 2.6514 83.4817 89.2674
54.7437 174.0344 148.4067 203.6731 156.8116 41.2657 107.1895 78.0403 170.1300 78.3681 83.2635 255.3914 233.0551 15.8868 6.1779 113.0460 110.8951 14.0819 174.9504 57.7698 173.9435 251.4403 257.6547 71.9967 170.2284 163.6624 119.0598 154.4357 120.2254 78.1716 159.3120 80.5760 189.2403 102.0945 95.4185 175.2006 159.2575 51.2653 61.0939 181.4497 39.7992 163.9724 92.6374 0.0000 59.1400 26.9317 157.6590 74.7214 8.0141 153.9112 198.5009 20.4385 70.5599 140.4891 176.5029 94.9447 142.4524 159.9036 123.9221 68.9763 173.9531 175.1480 75.8040 97.7951 112.6254 134.5883 78.0996 167.5596 77.8610 43.8290 182.7872 65.5175 52.5286 102.2868 98.2006 46.7633 170.9354 203.7423 126.5005 125.3568 180.5856 84.9437 152.4923 144.5751 136.6992 63.6724 69.8532 167.3107 118.8576 123.3571
136.5046 209.5044 86.4146 43.1453 117.7188 123.2351 26.0757 5.3769 48.2058 99.1949 185.7236 34.7576 120.6386 141.7229 94.1998 100.4360 128.7402 205.5254 32.8650 29.6911 120.9297 39.3445 28.7783 92.7226 161.9768 15.5409 123.8545 149.1509 108.3300 64.6577 121.4583 175.4731 162.8278 67.8429 146.8032 45.1813 197.9559 85.5401 193.0470 13.7499 122.2808 195.6894 115.7766 59.1400 0.0000 104.6463 91.8384 127.2305 99.0119 164.3543 85.6204 191.3815 181.7259 178.9379 124.7979 27.7356 207.2545 144.9651 133.8439 190.6746 70.0209 55.0530 60.1451 152.1243 131.2256 149.2766 103.2197 66.7176 120.4362 102.5925 54.3695 105.5635 166.2730 115.1213 54.7590 67.0666 121.4885 94.7149 173.7880 21.7874 108.6159 32.7078 68.8127 74.3475 69.9617 179.8780 100.5092 71.0570 132.6875 119.0328
46.3082 155.4845 100.9748 145.3173 102.9128 169.9189 118.1354 14.9624 143.2179 21.8159 98.2806 152.8122 76.2233 79.7952 73.4046 147.2220 57.5027 112.2316 97.7105 130.1097 67.3526 132.7805 27.9798 100.1838 51.3760 17.7484 122.0974 121.9178 171.5771 74.4684 64.5453 162.2537 62.4432 129.1466 6.7721 188.9265 41.9739 8.6504 21.1830 182.8105 56.4966 37.0002 182.6897 26.9317 104.6463 0.0000 24.6589 79.0252 80.0545 90.0855 131.2447 95.5931 87.3363 111.8664 218.7385 87.4404 92.4586 39.7833 123.6567 64.0750 48.7808 189.3489 153.6974 103.2173 188.5207 154.0530 72.4830 46.6848 124.7829 47.6552 138.2751 24.9936 183.6593 117.5172 142.0772 160.5339 168.3358 131.1391 30.7193 30.0477 97.1432 65.0026 192.4547 98.7313 81.5344 28.1741 127.6194 190.8096 124.2790 124.0397
142.0500 93.5044 56.0025 176.2323 122.8090 168.6940 156.9273 57.8394 40.9504 128.7934 97.5100 168.5079 104.8199 32.3266 104.1883 130.2408 122.2192 162.1244 91.7564 121.3177 25.2739 152.0901 57.2772 100.9711 103.4454 163.4023 88.1519 150.6992 172.4986 129.1260 114.2914 65.1507 106.5169 172.3410 14.6372 162.8461 136.7585 92.8873 139.3646 93.7855 62.2262 100.8711 3.5968 157.6590 91.8384 24.6589 0.0000 87.7740 138.2918 75.4270 163.1880 45.1581 116.1282 134.5337 72.3144 74.5077 168.9468 131.5492 45.5524 51.3207 204.2205 52.4824 65.7694 78.8819 23.6509 134.2857 86.4827 141.5459 149.2254 134.2003 39.8042 94.6093 112.0368 119.6240 108.5447 185.5212 135.8733 179.3355 147.7054 144.1034 77.0872 132.6825 96.4731 155.7186 158.1524 131.0152 162.4999 91.6891 134.0520 39.0890
121.6950 115.1920 101.4135 60.6339 63.5618 58.2064 104.5584 114.9963 158.4178 102.3392 102.3979 168.4594 115.9164 77.0322 195.9213 194.7192 96.3321 114.2443 148.0039 10.7580 239.9101 101.9188 79.6451 63.5535 136.4500 120.5956 112.3693 103.1103 74.0021 85.8773 164.4016 73.0893 134.0913 66.7594 158.8627 209.0148 108.7315 196.4111 75.5956 82.6820 55.5728 91.9309 151.8306 74.7214 127.2305 79.0252 87.7740 0.0000 152.8271 85.8602 20.4216 119.2836 150.5205 82.4742 213.0664 74.0914 112.7221 76.9297 92.1742 102.0125 73.5687 114.5690 83.0465 13.0024 42.7745 132.5579 146.0131 179.4058 177.6763 233.2855 166.5840 102.0112 78.1736 204.0583 60.4844 27.0863 126.2813 82.2730 145.5732 119.5117 138.5844 122.2587 77.2994 86.7250 34.1302 205.1429 163.2933 46.3328 175.8973 39.1564
44.5743 184.4319 84.6157 49.8772 53.4245 184.2300 14.1514 94.0800 144.5306 165.5527 102.9645 106.9924 200.9753 153.8224 153.6709 117.0174 186.3780 90.7237 33.4802 62.9904 129.7611 191.8966 151.9655 64.5024 90.2599 43.5819 133.8010 5.0176 108.7745 110.7386 85.0382 63.6502 136.7867 135.3028 121.1783 5.3395 180.7033 99.3900 149.6940 68.9695 164.9568 229.2692 72.0649 8.0141 99.0119 80.0545 138.2918 152.8271 0.0000 138.1174 132.7844 167.6567 73.8161 90.2503 90.7762 34.7124 63.5894 119.6489 80.7943 69.0662 69.5378 252.1785 193.6890 64.6663 74.8772 92.6494 67.5308 148.5912 18.5753 62.3950 158.3380 146.1955 92.8912 67.7844 23.7608 131.4045 88.4575 118.8589 50.4830 157.8659 50.3565 13.7721 123.2663 223.5792 112.6968 101.6926 3.8325 105.1915 5.6263 35.1777
110.6037 191.4386 181.0499 52.8898 35.8218 96.3047 152.0874 132.1120 88.5633 115.2755 164.3470 28.3724 59.9897 103.1165 37.1227 114.7898 88.1842 28.0078 192.0178 158.5427 20.1371 115.2243 110.7076 118.8883 67.9645 84.3656 200.7457 109.7921 135.9718 49.4805 83.8662 24.1514 93.6426 78.6740 104.6373 113.2214 100.3839 59.2172 50.8137 170.4542 55.6583 37.0363 63.8210 153.9112 164.3543 90.0855 75.4270 85.8602 138.1174 0.0000 226.4731 97.2225 68.2759 152.5558 144.7707 117.2694 28.8143 50.2580 108.6540 130.8346 193.6842 88.1328 119.4800 157.1298 95.1694 281.3265 207.6387 52.2750 193.8369 108.4605 110.3920 100.5511 97.4714 71.7255 100.8835 34.0552 148.6436 70.6658 59.1167 163.6571 136.7630 125.8183 125.5295 144.1028 130.9440 83.0613 103.0100 111.5964 56.4933 125.2713
88.9051 154.4489 172.2468 130.0679 40.9224 209.0430 81.2839 40.9120 81.1650 76.4963 95.7830 67.8740 38.4000 111.6131 189.8243 124.7470 207.6816 159.6187 84.7966 199.9352 121.0116 156.5807 125.1112 160.3671 143.4213 159.8588 46.8225 40.6326 123.2980 216.0843 19.1728 190.3882 146.3506 154.8086 144.3135 169.2307 181.3333 33.5165 141.3217 235.5123 62.4652 121.2069 185.4841 198.5009 85.6204 131.2447 163.1880 20.4216 132.7844 226.4731 0.0000 97.1359 117.4078 44.7009 43.7199 145.5285 95.8633 81.5479 64.9411 183.0028 189.4623 101.7705 135.9523 100.0973 120.9715 69.5402 192.0367 35.9501 177.6772 169.6134 41.1642 82.1701 134.6354 31.5903 96.5331 94.7319 114.6221 170.1512 79.8020 78.6498 21.9505 84.4979 87.3322 128.8720 138.7928 118.9762 165.6508 87.4006 88.5942 248.2320
7.5049 52.0478 35.9887 81.8237 108.3677 126.0474 21.1359 61.3570 74.3453 143.6382 162.3300 77.4906 128.1601 72.4328 78.8694 102.6905 86.0030 84.1138 120.9202 202.9661 81.4947 82.3266 3.9933 105.1728 41.5061 33.2534 25.7493 52.6652 142.7965 89.7768 145.6118 89.0603 229.6850 86.9722 115.7393 78.8591 40.6457 63.5632 146.2829 78.7305 112.8341 39.6806 81.8649 20.4385 191.3815 95.5931 45.1581 119.2836 167.6567 97.2225 97.1359 0.0000 177.8860 152.9984 34.8190 121.1779 97.3023 128.6040 152.1513 159.2564 107.6912 46.7365 47.9148 157.9511 117.7431 80.6343 65.0376 158.6531 2.2087 119.6322 55.5219 60.0942 38.5669 95.1187 34.8873 92.0834 116.9688 22.6339 189.4464 119.9905 201.3369 207.0054 108.0681 52.7065 69.4702 133.8094 97.5996 39.2103 141.7064 111.5637
