90
0.0000 169.4991 154.6749 100.0080 63.9525 79.4801 119.0891 93.6760 66.6192 71.8655 50.9731 282.8553 101.4426 174.9278 177.5396 101.6070 43.0986 107.3228 178.5023 63.4636 68.1120 39.4732 33.0628 174.2321 73.7338 82.8776 57.2774 102.3436 140.7028 42.7020 94.0204 162.6209 49.8963 101.6043 47.4648 75.2423 210.7994 129.3224 227.9869 10.3374 107.6717 154.4855 76.0668 175.8294 184.6789 29.6578 209.0665 110.0675 172.3746 41.9564 144.4936 168.1967 87.1738 95.1120 161.7904 58.9929 103.6661 67.9875 72.3369 50.4936 215.2864 133.3910 149.3294 63.7062 129.1085 87.0191 23.0196 139.9163 78.9805 75.5591 190.7017 127.3575 113.4492 83.3549 104.5805 59.0084 160.3463 88.6450 111.3309 108.5379 100.9837 91.4576 20.4535 158.6489 144.1119 5.5777 110.9832 205.2412 95.7639 188.4362
169.4991 0.0000 26.1864 11.3188 68.8859 88.3467 179.3803 105.4212 92.8161 223.0508 69.5041 64.7592 33.5229 30.9158 164.6482 146.7574 123.3968 322.9786 171.5099 175.5480 82.0614 77.7830 147.1650 118.7425 108.0882 148.6284 187.8091 113.1744 32.9991 149.7319 126.9713 182.7776 28.6559 127.5461 124.7582 86.6821 216.0741 218.9628 42.5460 70.3783 210.0245 193.4125 72.2640 89.0066 87.8476 163.9450 99.0471 181.3982 97.0752 83.4452 70.3013 171.3098 161.5404 119.8158 207.7210 138.8690 164.0335 86.3431 93.2489 104.5408 101.9571 35.0913 71.4508 156.7311 142.7743 199.2820 107.1184 67.6749 45.8305 9.7938 10.0986 74.1482 164.0273 105.2066 32.3931 147.5436 3.6793 144.5953 64.5733 156.2614 23.2917 124.7868 92.6622 97.8447 87.3516 145.2918 23.8351 97.0930 109.7025 125.8731
154.6749 26.1864 0.0000 66.0315 118.2741 195.1839 34.5636 142.5242 95.1232 169.3005 207.8796 61.8751 111.7049 110.2055 23.2059 87.9327 115.2739 96.2761 67.7179 134.5750 34.6350 73.3599 25.7727 91.7174 74.6585 99.8548 146.9482 104.2122 115.0878 85.1178 177.2170 85.2405 50.7609 127.6091 167.6528 88.0261 105.1869 154.5466 128.5432 111.9717 124.8391 16.8708 89.3698 117.9744 174.5585 114.6060 106.5702 191.9976 98.0520 161.9432 149.1379 156.9043 3.5381 191.5798 231.6667 16.6492 211.0013 108.7454 85.6582 193.7100 150.6184 12.0535 125.7414 144.2071 41.0501 30.8335 42.2866 18.1533 97.5343 76.0243 130.8727 80.6844 141.1249 16.0926 58.6626 61.5163 91.5936 75.7132 16.3517 31.0430 22.6046 135.4925 156.2036 190.3742 150.9834 114.7846 44.5309 35.7163 106.6607 35.4157
100.0080 11.3188 66.0315 0.0000 127.7115 119.5101 166.9075 114.1137 111.4150 22.0238 105.8511 74.7052 141.1548 231.6657 77.0707 150.9985 146.2266 33.3362 50.4820 105.2746 112.3519 57.2538 121.8277 43.8680 15.7473 122.1509 17.5487 153.9028 121.7713 173.5871 113.0111 95.1676 202.3218 53.7038 80.2246 160.6217 65.5260 83.0051 50.8245 154.3873 64.5096 20.2119 98.7344 93.4460 73.4100 23.8306 3.8528 88.5444 150.3393 7.0223 126.0537 180.0517 239.5811 200.8858 106.7120 188.1566 97.9875 122.6224 24.3040 105.0071 149.0001 133.8569 47.4471 154.9694 97.8231 144.1339 136.3252 38.2606 91.4302 45.8390 113.5020 133.4911 81.9104 35.6209 13.6628 86.3493 122.1172 103.8489 99.0207 42.9584 79.3446 113.2684 59.1562 145.0188 145.2965 138.0220 103.7014 7.7102 117.7213 114.7086
63.9525 68.8859 118.2741 127.7115 0.0000 239.1277 67.0224 154.6888 167.1095 207.2432 198.9053 164.0324 25.2940 85.0924 149.6268 165.9206 65.7578 95.3662 100.0106 62.6221 154.0248 120.2911 242.4562 247.9781 104.9916 30.2891 35.3419 166.3858 73.2767 93.0222 177.2158 146.8370 115.8893 103.6638 180.5447 66.6073 8.3897 79.5365 72.8520 228.5601 78.0818 58.7427 239.6397 82.3475 101.4935 174.7140 82.3257 41.2496 168.2346 132.5809 212.5365 54.5400 10.1282 70.5772 88.9537 85.1703 195.7056 157.8960 115.6390 89.5595 85.1481 179.1043 122.2632 8.4327 168.7291 14.7564 31.7499 153.1801 52.3413 23.8436 223.5140 11.9438 90.7116 78.9736 190.9673 91.6615 85.6048 161.5425 163.9823 134.9085 179.4823 85.4333 33.5947 69.9456 137.4560 202.8353 49.7112 190.0848 45.3995 31.2730
79.4801 88.3467 195.1839 119.5101 239.1277 0.0000 86.3183 24.1944 66.8412 138.9595 88.9492 0.7658 106.3612 42.6651 103.2268 216.1944 11.5519 136.1286 4.7543 73.3768 9.2071 172.1070 93.8173 141.4251 154.7220 33.7027 170.9575 115.6162 4.1127 220.3466 26.0109 160.3921 66.6491 149.4228 29.0615 5.2886 101.4650 218.5689 146.4696 227.6892 72.7862 128.9994 116.8991 113.4958 87.8995 35.4973 216.1708 130.8575 79.5146 193.4614 131.6966 154.5283 103.0946 149.8706 133.2232 71.6437 134.1608 82.5150 84.4074 188.2491 116.8519 88.3761 93.5160 108.2803 109.3518 116.8238 177.7072 195.8060 178.7086 116.9275 157.4092 156.8657 114.7200 198.4889 82.3345 134.6849 247.4401 100.1942 121.1297 102.2832 163.0945 49.5502 58.3079 43.2862 75.7738 123.4064 189.5314 114.0699 143.2843 89.9672
119.0891 179.3803 34.5636 166.9075 67.0224 86.3183 0.0000 150.5179 120.1905 90.8751 148.3487 37.1201 18.8323 41.8741 2.6339 90.5487 135.5746 4.1251 129.9999 88.8497 95.5734 233.7101 29.2416 49.3894 43.5159 98.9477 102.3389 58.0680 113.5086 92.8892 121.0760 249.9892 141.8536 80.3746 6.7283 57.1479 138.9067 177.7712 48.0988 40.8348 221.1914 109.5538 87.6850 77.3430 175.3408 139.1413 130.4008 22.9926 50.0530 143.0547 54.0480 157.1212 133.8638 213.9606 45.3793 146.0626 148.6117 83.0569 154.9986 106.3848 87.3923 22.6728 56.4295 141.4196 114.2082 93.6993 162.1882 62.4654 124.7291 164.4681 26.1577 72.3140 18.3669 136.9520 29.4645 150.9643 42.7608 28.5308 175.6457 158.5483 189.4801 136.1658 28.1895 98.1792 104.0953 135.5284 113.2574 45.6347 103.1022 90.3449
93.6760 105.4212 142.5242 114.1137 154.6888 24.1944 150.5179 0.0000 100.0295 23.5820 40.5971 192.2703 50.2510 109.0868 86.6070 152.1629 115.8812 207.3197 21.1583 147.7588 168.0046 75.3665 25.6570 94.4510 119.1330 90.3803 39.2866 137.0439 161.3581 157.8737 117.5038 115.0147 166.9272 195.9733 129.7956 48.2206 75.6540 52.7820 90.5764 195.8063 129.9271 88.6130 128.9280 185.0440 90.4058 193.5062 133.7561 105.6414 174.5081 97.1798 134.8001 37.1506 46.7712 150.8724 93.4551 106.7085 41.7766 93.9079 108.3436 108.5761 91.5300 151.2613 73.2373 56.8072 60.9760 93.7324 125.2222 254.6397 124.1247 128.9249 75.7079 14.2032 115.5531 50.3573 84.6173 88.4080 127.3130 60.8101 148.2079 67.5051 149.4764 213.6132 75.5146 50.6371 105.6597 44.0751 68.6934 24.5100 85.2423 178.8861
66.6192 92.8161 95.1232 111.4150 167.1095 66.8412 120.1905 100.0295 0.0000 2.1077 91.3373 40.9527 150.8989 65.3651 68.2606 87.1183 183.8955 43.3012 96.3228 7.3300 109.2938 64.3472 113.5953 70.9466 39.6588 200.8964 104.7917 279.8228 159.4641 180.2794 131.6848 85.6403 63.9989 80.9100 96.8192 14.9388 22.3992 74.7658 155.6550 104.9701 175.8809 29.3843 132.9540 8.7408 191.0448 94.2742 89.0179 242.4568 78.9629 102.9660 71.2582 11.3721 101.0150 99.0727 43.9058 67.6188 149.6655 62.3251 110.8549 151.8359 74.3561 98.0959 94.5054 219.9376 51.5471 78.2934 160.3962 219.6235 58.9898 175.0279 23.0242 133.2345 57.0240 7.0037 38.1740 89.7827 106.5773 163.4363 86.5784 161.7242 99.5720 98.3544 96.6643 279.9914 114.1938 244.4440 119.9847 131.8637 189.9696 208.8144
71.8655 223.0508 169.3005 22.0238 207.2432 138.9595 90.8751 23.5820 2.1077 0.0000 78.5870 108.3830 151.2290 23.0326 98.3484 175.9328 104.6021 71.5367 159.8651 209.9643 122.1972 147.7607 54.5730 196.7898 38.2724 166.1957 30.0145 245.5723 99.8611 87.8580 88.6845 62.2655 145.6790 123.8879 77.7803 99.6261 205.0566 121.4632 83.6849 161.5236 122.4987 170.8099 66.5886 54.2527 216.3647 150.6534 89.2968 186.3506 228.9878 130.8214 143.9963 97.1917 157.6122 59.7782 28.0796 176.9209 210.6634 165.8108 30.5414 11.8133 74.7892 5.8999 99.6922 11.5271 152.2810 97.8435 113.9714 53.5878 78.7992 75.7374 37.3716 5.1839 43.0875 79.9477 79.4278 88.0356 111.6387 81.5575 102.3531 120.1740 74.7607 138.1570 66.9816 245.8220 36.1566 76.4618 8.3660 72.1866 172.5663 38.7282
50.9731 69.5041 207.8796 105.8511 198.9053 88.9492 148.3487 40.5971 91.3373 78.5870 0.0000 160.1995 70.9717 39.5180 59.2979 164.5706 9.5303 165.7627 76.6707 177.7307 209.1330 120.3510 63.3299 114.1591 173.6603 202.8581 205.0792 129.0738 138.1537 17.6390 149.4748 111.3664 113.6372 78.9935 71.4331 133.4560 182.7716 103.0890 72.2116 162.1099 72.9870 24.6701 209.4641 157.5383 113.9135 141.3925 125.3958 64.4148 89.2151 119.3753 97.9497 2.2118 68.0710 45.8353 159.2554 146.5636 93.1619 163.3058 136.3787 92.7445 12.5663 174.1538 155.3635 67.6602 133.2117 154.8178 123.2847 134.4436 60.5755 170.4808 100.8806 77.1513 179.2154 171.3055 124.2825 140.1628 20.8559 39.2682 53.4030 141.0719 93.6322 38.7512 95.9910 148.0278 185.1852 93.3051 37.6189 68.1714 51.5360 91.7750
282.8553 64.7592 61.8751 74.7052 164.0324 0.7658 37.1201 192.2703 40.9527 108.3830 160.1995 0.0000 133.5439 134.0891 100.9595 87.9606 126.9166 64.9234 92.7359 207.1183 56.9610 99.5981 162.0209 12.1370 57.7101 31.3229 147.6059 141.9881 38.2763 88.7009 41.7680 105.0054 52.7749 101.4492 6.6274 87.0904 61.2518 153.5490 52.8031 70.7532 157.7250 4.3456 175.4974 123.3576 14.7879 198.8568 107.9354 156.6729 132.6045 46.1926 74.2810 133.2703 110.3389 168.8750 88.0138 27.2471 75.1986 98.8639 151.7420 90.0869 136.7967 135.4777 40.8229 10.7098 103.7057 117.0823 58.7076 84.7119 101.6535 64.7275 112.7610 127.8367 55.2508 129.8786 100.9451 40.8329 133.1895 167.7269 23.2460 275.7123 127.7535 120.1593 57.3617 212.3590 164.2315 88.0869 43.1240 106.3135 125.3406 85.5143
101.4426 33.5229 111.7049 141.1548 25.2940 106.3612 18.8323 50.2510 150.8989 151.2290 70.9717 133.5439 0.0000 158.4430 107.0737 221.3261 204.9185 172.2127 163.6884 228.5700 51.9373 128.2246 26.6495 65.0894 145.4772 87.5126 185.3492 142.5964 154.9887 142.3122 134.5925 95.3904 163.8929 237.7126 126.3462 37.9202 156.3674 151.2651 178.7809 59.8139 169.3231 112.7758 144.2452 89.6348 163.8399 85.6739 68.6307 133.2121 114.1685 130.8844 109.0399 89.9848 116.1620 72.7151 25.0294 172.3902 188.4515 69.7228 115.7805 84.0148 153.7684 66.5554 15.1511 73.1220 104.8305 162.0146 112.8683 163.7885 97.8375 75.6834 21.3130 102.9688 124.8274 125.6791 52.4143 39.1107 1.6696 260.2080 161.3178 72.1846 203.1966 140.5252 41.0850 113.6096 37.5582 55.3867 183.8762 46.9301 101.9043 74.0584
174.9278 30.9158 110.2055 231.6657 85.0924 42.6651 41.8741 109.0868 65.3651 23.0326 39.5180 134.0891 158.4430 0.0000 53.8153 157.1973 169.1130 102.6711 119.2484 108.9820 138.8229 104.4272 46.0772 109.5587 188.4859 126.4871 247.6570 132.9284 105.1618 123.1985 146.9430 156.9398 73.0596 5.6156 158.0785 115.6403 167.3335 8.3514 117.7288 185.0925 43.3213 39.7698 98.2245 95.3442 110.5895 205.0379 64.4911 109.9753 61.2962 20.0544 106.1417 101.7852 139.8200 175.5632 39.5396 22.5015 86.9015 94.8815 106.4893 99.0589 115.5138 104.6519 78.1093 31.5724 88.0985 103.0266 125.0365 111.9881 135.4785 165.5892 131.3510 109.9397 178.3559 15.3392 40.7344 32.7709 0.0879 56.6944 11.0007 45.5823 81.4911 170.3454 172.8168 75.1897 12.7293 101.9854 3.3450 225.3551 68.0006 231.3400
177.5396 164.6482 23.2059 77.0707 149.6268 103.2268 2.6339 86.6070 68.2606 98.3484 59.2979 100.9595 107.0737 53.8153 0.0000 104.2985 78.2411 70.5984 72.1748 92.3486 84.8008 151.7882 146.8534 81.5255 34.6095 165.5718 103.6914 127.2894 45.5486 180.8015 147.8092 57.0793 71.0008 146.4126 51.6162 141.2540 21.2114 157.8019 156.9798 222.3980 166.5286 70.4248 92.1432 150.5522 105.3266 197.7374 289.7874 156.6962 136.1923 83.6263 123.7730 24.3918 99.6475 109.2365 24.9964 73.8122 86.9266 184.6343 117.9637 156.9443 93.4507 84.2367 34.1095 167.4807 84.8628 138.7938 69.6820 109.1762 73.5499 126.9503 121.7248 159.6310 46.2988 131.3758 75.4846 236.8278 144.9142 116.5828 153.6549 77.3272 118.6345 143.7944 65.9896 90.6415 1.1167 146.4882 76.3046 18.0079 46.8473 135.6238
101.6070 146.7574 87.9327 150.9985 165.9206 216.1944 90.5487 152.1629 87.1183 175.9328 164.5706 87.9606 221.3261 157.1973 104.2985 0.0000 90.3560 45.5744 86.6158 188.2330 117.8405 165.6176 111.9350 45.2993 118.1241 150.9311 136.2059 68.4733 88.6415 106.2005 190.7766 47.3306 61.7863 81.3440 95.2531 75.4511 32.9076 246.1445 11.6982 86.3633 120.7721 98.7088 128.7105 61.1667 138.7051 145.0854 151.1702 104.4581 90.6416 120.6020 132.0661 129.9205 104.2532 143.5149 42.8186 95.7267 147.7582 5.7245 160.9176 170.2920 172.0691 204.1174 120.9625 87.8405 174.2321 151.0315 70.1375 169.9405 97.2266 125.6589 75.8705 148.3920 55.8469 9.9312 16.7167 96.9839 201.6145 196.0172 171.0673 57.0886 162.9764 102.7864 35.5095 21.5087 99.5558 90.2211 116.5148 135.9331 92.5089 159.9355
43.0986 123.3968 115.2739 146.2266 65.7578 11.5519 135.5746 115.8812 183.8955 104.6021 9.5303 126.9166 204.9185 169.1130 78.2411 90.3560 0.0000 105.5645 70.3854 14.8701 15.8192 27.6694 159.3583 127.6802 82.0169 50.7724 179.0799 110.3362 67.5721 52.8769 141.3092 186.3646 16.6442 237.8134 110.8834 149.2309 144.5463 34.3327 105.8416 101.2470 181.5981 194.3728 56.9923 207.9043 86.2559 74.1417 52.1317 154.1297 113.7793 83.2467 114.8517 157.2704 67.3212 86.1898 121.1781 129.0307 70.9201 138.3046 41.0147 56.2006 146.5509 116.0645 107.2797 58.4022 20.5143 96.8644 186.2852 64.1004 67.0510 134.9844 58.2616 74.7954 203.3394 73.9838 129.6771 68.7357 0.3967 55.1172 99.2516 50.4939 118.1265 27.5700 97.1285 30.2092 153.6368 112.9245 140.5876 191.1132 157.2021 45.9240
107.3228 322.9786 96.2761 33.3362 95.3662 136.1286 4.1251 207.3197 43.3012 71.5367 165.7627 64.9234 172.2127 102.6711 70.5984 45.5744 105.5645 0.0000 237.5456 84.2454 199.3679 105.8101 203.8041 25.0190 166.6486 131.1741 94.4288 43.6666 69.1595 170.7590 160.9893 124.8180 94.1294 97.9857 114.0821 149.0030 30.3561 155.2407 23.5539 57.4425 214.1157 81.8959 12.1171 89.7887 65.9285 15.3549 147.9993 68.2229 67.3930 125.8482 37.4897 168.6934 157.1505 50.4876 16.8364 126.8010 46.5972 167.5323 74.6137 126.7040 84.7196 60.0441 37.8345 67.8275 74.1482 71.1967 122.7592 65.6027 49.6669 44.4022 118.1061 141.2088 120.2017 176.2796 96.3453 209.2800 54.4588 65.1697 126.5128 158.2782 85.2987 101.1328 122.1812 239.2318 139.7485 82.4714 151.0967 55.7328 165.0751 188.0238
178.5023 171.5099 67.7179 50.4820 100.0106 4.7543 129.9999 21.1583 96.3228 159.8651 76.6707 92.7359 163.6884 119.2484 72.1748 86.6158 70.3854 237.5456 0.0000 63.0753 110.5531 126.9156 42.7054 74.3803 58.5491 176.7819 84.3972 190.9552 47.9086 96.2108 83.8452 76.1781 93.0273 4.6347 115.8165 3.5870 86.6527 215.6258 163.5982 97.5241 104.1710 93.0701 146.3210 178.1326 95.0957 114.8446 90.3073 113.4106 154.3781 48.4519 141.8715 53.3455 49.2796 162.3967 170.7085 171.4314 127.0983 52.2151 66.7271 232.0808 67.7651 123.8389 122.0826 183.8302 169.5824 83.2077 115.8793 100.9853 237.4148 158.3843 82.9784 80.5691 110.6348 223.9160 56.2112 52.7026 97.0030 70.0932 106.4129 93.6410 87.4339 0.5892 117.3840 26.0382 98.1647 35.4018 45.9521 190.1513 15.3780 123.6141
63.4636 175.5480 134.5750 105.2746 62.6221 73.3768 88.8497 147.7588 7.3300 209.9643 177.7307 207.1183 228.5700 108.9820 92.3486 188.2330 14.8701 84.2454 63.0753 0.0000 142.6131 196.3137 102.9302 100.7185 14.4743 93.3610 61.4417 117.3582 150.3882 49.8479 58.8553 85.4529 116.3998 37.1108 176.2757 97.5346 128.5355 46.1345 135.1636 15.1407 135.8009 61.3371 218.1726 181.8624 119.4579 162.9936 100.1406 172.8873 53.2692 81.1293 121.6667 38.5256 139.6483 88.1368 67.1262 146.0359 131.9751 102.0554 108.0908 101.2774 95.0334 115.0776 38.3563 168.8498 32.1548 126.6651 110.0362 85.7741 156.4614 108.2901 60.9922 153.2390 66.1263 147.9448 62.1429 84.1087 55.6769 84.6697 48.8605 99.4169 108.2136 129.7494 68.7432 129.1362 86.2922 144.9095 191.1534 24.4679 179.1122 130.6845
68.1120 82.0614 34.6350 112.3519 154.0248 9.2071 95.5734 168.0046 109.2938 122.1972 209.1330 56.9610 51.9373 138.8229 84.8008 117.8405 15.8192 199.3679 110.5531 142.6131 0.0000 179.7496 234.2513 61.9089 194.4037 117.5059 109.8679 88.0553 72.5227 66.3854 116.6233 39.8373 53.4564 85.5885 137.5021 117.8719 113.1360 3.8626 51.2167 129.7770 65.6593 143.2411 134.1505 95.0945 156.6874 114.0231 144.0750 95.2868 103.7319 205.9120 137.9041 135.7283 179.1376 108.2257 128.3645 120.4996 102.2758 84.9412 62.3580 98.6217 8.9746 113.1612 80.8124 68.1807 143.2473 57.4010 105.3020 65.3469 188.3771 223.0152 83.4890 27.5752 52.8313 49.8205 106.7807 99.4737 72.7998 108.6906 137.2292 30.4905 7.4718 72.9836 143.4091 115.0450 5.6516 23.1524 142.1956 123.4513 109.7824 159.3372
39.4732 77.7830 73.3599 57.2538 120.2911 172.1070 233.7101 75.3665 64.3472 147.7607 120.3510 99.5981 128.2246 104.4272 151.7882 165.6176 27.6694 105.8101 126.9156 196.3137 179.7496 0.0000 56.8214 190.7783 108.8759 146.5422 198.2373 83.6871 143.6030 102.1152 15.8502 43.3978 45.1035 97.6680 149.3457 116.0362 100.9426 138.6531 55.7579 124.7684 145.0929 104.9759 93.2498 25.5984 95.3326 121.1796 118.0363 117.9419 193.9842 241.1593 104.1301 150.8645 24.1274 92.0261 168.6658 126.2852 104.7232 114.4665 131.9924 137.2730 179.4743 134.3393 151.5793 67.4121 173.8863 98.0320 60.8949 177.7959 136.6238 138.0808 108.0108 37.7642 85.2796 93.7990 105.8362 65.8281 34.7762 84.0006 21.4809 114.8182 67.4845 109.1501 172.6571 165.0978 69.5569 181.6461 66.7602 81.8658 107.2700 190.7619
33.0628 147.1650 25.7727 121.8277 242.4562 93.8173 29.2416 25.6570 113.5953 54.5730 63.3299 162.0209 26.6495 46.0772 146.8534 111.9350 159.3583 203.8041 42.7054 102.9302 234.2513 56.8214 0.0000 25.1765 200.8892 61.9036 122.6429 117.5708 79.6894 51.9418 119.8194 29.1805 80.8394 161.5779 121.2629 132.0068 103.4726 211.5745 174.1014 167.0729 192.0498 128.1796 143.9551 201.1664 69.1259 58.9593 63.3182 60.5189 106.1898 111.3662 304.5963 173.0772 146.4622 63.9168 129.0173 130.5690 122.0794 148.5098 204.2929 22.7678 97.7737 11.4702 97.7430 69.7953 9.0756 208.5528 108.4091 21.1708 39.2693 74.6731 137.2658 91.5229 91.4005 116.7264 50.9714 58.6909 84.4355 108.9751 101.3672 65.3771 138.7984 131.3527 202.5613 92.3421 168.5851 76.9717 80.9792 135.2986 128.9007 55.8566
174.2321 118.7425 91.7174 43.8680 247.9781 141.4251 49.3894 94.4510 70.9466 196.7898 114.1591 12.1370 65.0894 109.5587 81.5255 45.2993 127.6802 25.0190 74.3803 100.7185 61.9089 190.7783 25.1765 0.0000 149.2121 48.9659 166.5728 119.1471 147.0149 98.4146 171.4837 171.9374 146.2061 48.0748 86.5333 60.4584 42.7158 73.2490 95.0859 134.6783 77.8905 123.1811 2.4610 37.4226 3.6433 127.6694 74.5257 71.4405 292.7106 203.5501 63.4550 18.1074 112.7632 98.0285 103.6900 120.6976 214.5440 55.2482 53.3170 108.4235 40.7898 230.4376 199.1766 129.1470 140.6901 153.4146 36.1300 156.6531 99.2944 148.5550 85.4985 33.6722 129.9107 76.2623 103.6402 132.9370 43.5934 148.4978 92.4714 156.5457 46.0452 82.2512 94.0632 186.9853 147.8528 69.6497 208.0645 127.7858 123.9637 263.4478
73.7338 108.0882 74.6585 15.7473 104.9916 154.7220 43.5159 119.1330 39.6588 38.2724 173.6603 57.7101 145.4772 188.4859 34.6095 118.1241 82.0169 166.6486 58.5491 14.4743 194.4037 108.8759 200.8892 149.2121 0.0000 229.5238 40.3068 183.6717 25.8358 195.7791 85.1810 113.2292 138.4503 93.8913 269.5457 276.2722 112.1188 30.2374 114.7151 100.4209 151.9168 154.5543 12.0628 28.1832 167.8232 150.1310 17.3972 65.3123 102.7919 150.0633 122.7547 149.2670 131.4676 31.2383 81.3275 73.5482 126.1293 134.3458 143.7772 76.6993 193.8242 194.2710 96.7548 107.7361 133.8731 78.3749 104.5001 136.3505 109.6080 43.6936 138.7023 112.9345 103.1975 114.3776 76.9146 52.2316 111.4518 169.5326 141.8765 100.5187 196.3440 128.1171 203.7362 147.7630 44.8133 88.1549 60.6245 69.3894 98.2174 123.4021
82.8776 148.6284 99.8548 122.1509 30.2891 33.7027 98.9477 90.3803 200.8964 166.1957 202.8581 31.3229 87.5126 126.4871 165.5718 150.9311 50.7724 131.1741 176.7819 93.3610 117.5059 146.5422 61.9036 48.9659 229.5238 0.0000 134.5717 58.5393 104.5476 9.3511 122.9458 59.0395 167.5230 164.1128 73.3436 99.9175 170.1532 108.0889 134.9878 166.7140 97.4433 131.2593 135.6759 53.5112 108.1709 100.1073 5.6265 165.6070 130.0349 69.7698 97.7907 63.1830 107.0320 6.9178 123.6699 204.2001 171.6979 73.0028 126.4787 50.5726 159.3985 162.9520 157.7425 9.9142 115.6452 109.1246 3.8991 41.2556 227.1820 144.0089 98.4332 14.8017 130.8420 36.5224 119.6459 153.5852 159.0630 115.7960 16.7691 130.8920 150.2052 84.1823 30.7310 134.3853 89.8634 44.3618 212.0610 207.7636 114.1677 96.6897
57.2774 187.8091 146.9482 17.5487 35.3419 170.9575 102.3389 39.2866 104.7917 30.0145 205.0792 147.6059 185.3492 247.6570 103.6914 136.2059 179.0799 94.4288 84.3972 61.4417 109.8679 198.2373 122.6429 166.5728 40.3068 134.5717 0.0000 114.5866 142.7962 65.1750 160.4793 83.1639 172.4557 96.4958 92.6736 109.3824 158.0320 62.4363 163.6013 68.9259 66.0555 81.0801 55.4046 131.6064 188.2293 91.8670 117.5810 141.7067 140.9808 185.5636 129.7896 66.1256 127.7246 186.1927 72.7069 39.4145 65.5922 92.2436 86.2569 154.4945 99.8197 86.6566 130.4633 97.5044 73.7523 146.6722 98.5438 203.8323 77.6441 138.5683 215.2970 156.8895 36.1435 167.2833 101.8267 23.2020 132.7849 167.3436 90.5333 82.5485 166.7886 165.8770 46.6285 166.0993 79.8340 213.8039 172.3362 157.9871 101.7940 152.6989
102.3436 113.1744 104.2122 153.9028 166.3858 115.6162 58.0680 137.0439 279.8228 245.5723 129.0738 141.9881 142.5964 132.9284 127.2894 68.4733 110.3362 43.6666 190.9552 117.3582 88.0553 83.6871 117.5708 119.1471 183.6717 58.5393 114.5866 0.0000 114.8945 98.0588 9.5026 106.8498 80.1381 21.1422 203.0179 53.4198 122.8465 73.7849 92.6604 209.3244 206.4822 142.9719 183.0692 139.8850 31.1474 69.5820 89.7042 55.3746 62.6701 100.2941 159.9414 189.3686 97.6140 38.5402 29.3188 63.0865 33.8462 33.2561 130.9123 87.3486 62.3943 216.6001 193.9079 38.8859 56.0549 130.5672 37.9312 147.9938 117.5705 140.0804 167.7155 134.8617 13.7435 117.3213 120.5806 110.6057 82.3640 125.8031 144.5497 154.7047 98.3792 148.5359 13.5847 185.9903 105.1021 75.9362 189.5724 125.0699 184.5676 78.1568
140.7028 32.9991 115.0878 121.7713 73.2767 4.1127 113.5086 161.3581 159.4641 99.8611 138.1537 38.2763 154.9887 105.1618 45.5486 88.6415 67.5721 69.1595 47.9086 150.3882 72.5227 143.6030 79.6894 147.0149 25.8358 104.5476 142.7962 114.8945 0.0000 6.0543 108.9878 174.4222 71.0108 122.0203 10.1591 116.1543 144.0576 60.2078 21.4367 50.4341 40.4315 129.1160 121.2225 61.7918 116.1112 122.3016 125.0163 234.2697 49.7065 13.2368 135.6640 53.7971 107.3421 31.2657 12.3814 61.0382 269.6582 53.8409 43.2402 213.2236 138.5399 72.9973 72.0603 149.0016 38.5733 0.2445 144.5299 93.3147 113.9077 138.7989 87.0361 144.3368 117.7738 119.6707 127.8602 39.2927 126.2224 171.7559 97.7038 134.2643 67.5541 147.0993 25.4341 37.6492 124.6345 126.2454 96.5847 111.8278 97.6735 157.5368
42.7020 149.7319 85.1178 173.5871 93.0222 220.3466 92.8892 157.8737 180.2794 87.8580 17.6390 88.7009 142.3122 123.1985 180.8015 106.2005 52.8769 170.7590 96.2108 49.8479 66.3854 102.1152 51.9418 98.4146 195.7791 9.3511 65.1750 98.0588 6.0543 0.0000 64.8139 129.8724 85.1138 185.4404 49.7370 33.9522 74.0337 125.1372 120.2851 125.9416 87.7593 174.7749 29.4597 203.1726 108.5670 76.8731 156.3673 36.5566 109.3238 94.7794 154.6584 162.5058 190.1522 128.2663 135.1498 143.9352 80.4628 38.9639 134.4224 59.5787 90.6018 24.7665 164.4669 85.5981 76.2751 157.4777 19.9976 127.0854 83.0054 107.0852 43.1375 54.0082 168.7016 152.5744 123.1645 37.0483 31.9326 214.6838 34.3902 149.5462 126.0570 100.4877 115.9431 28.6864 170.7038 96.4965 74.8844 237.7741 42.2486 41.3025
94.0204 126.9713 177.2170 113.0111 177.2158 26.0109 121.0760 117.5038 131.6848 88.6845 149.4748 41.7680 134.5925 146.9430 147.8092 190.7766 141.3092 160.9893 83.8452 58.8553 116.6233 15.8502 119.8194 171.4837 85.1810 122.9458 160.4793 9.5026 108.9878 64.8139 0.0000 167.3879 105.5347 71.2144 150.3340 161.2308 32.9126 135.7210 153.1140 49.9648 197.9883 196.8837 169.6864 85.9512 206.9502 73.9865 78.7792 150.3186 62.4086 182.5616 9.3217 56.7952 62.3982 133.7991 109.7112 85.4069 183.2412 99.5872 112.7114 138.4341 52.8019 75.1012 96.8112 150.4375 130.9499 79.4931 47.4665 125.9023 111.6127 37.2046 83.6895 123.0832 160.8133 138.6247 240.3797 37.2994 123.1298 130.0008 17.6149 133.3064 97.0588 74.0646 135.2197 39.8467 38.2181 193.6890 104.2861 120.0719 33.6198 76.3089
162.6209 182.7776 85.2405 95.1676 146.8370 160.3921 249.9892 115.0147 85.6403 62.2655 111.3664 105.0054 95.3904 156.9398 57.0793 47.3306 186.3646 124.8180 76.1781 85.4529 39.8373 43.3978 29.1805 171.9374 113.2292 59.0395 83.1639 106.8498 174.4222 129.8724 167.3879 0.0000 190.4615 185.9421 145.3098 107.2208 115.7862 59.3181 109.1109 208.3081 128.5566 47.4603 47.2695 70.5300 102.5324 47.7878 6.8656 167.3218 42.2531 109.3171 94.3816 92.8928 43.3732 174.3206 82.0296 32.6777 132.4074 22.0493 70.3030 49.2510 126.5586 136.3691 114.6804 96.7500 73.0782 149.2905 170.6403 53.1556 20.9180 13.8088 43.1174 115.5666 117.6071 8.3186 56.6914 115.5342 78.5225 121.5322 172.3408 138.7632 78.7417 5.4758 115.6996 121.9477 130.2784 45.1624 60.5198 68.8318 82.4999 168.9733
49.8963 28.6559 50.7609 202.3218 115.8893 66.6491 141.8536 166.9272 63.9989 145.6790 113.6372 52.7749 163.8929 73.0596 71.0008 61.7863 16.6442 94.1294 93.0273 116.3998 53.4564 45.1035 80.8394 146.2061 138.4503 167.5230 172.4557 80.1381 71.0108 85.1138 105.5347 190.4615 0.0000 48.4544 102.1425 90.0591 100.8134 77.0170 14.1071 188.5235 59.0483 66.2108 198.8425 36.9140 14.5731 79.2689 21.7184 117.9452 97.3604 205.9176 152.9005 91.4300 156.8675 49.6317 78.7158 142.0556 96.2523 26.6676 133.6806 132.5118 17.5351 94.2158 77.6709 48.8845 64.5161 77.1445 138.6948 113.9399 40.0603 207.0670 144.7433 107.1298 172.7618 62.9902 132.8671 69.2532 75.5386 99.5952 89.7721 174.0699 31.1677 185.2289 69.4269 72.0919 61.1516 117.9315 66.4883 101.1153 28.8852 172.5144
101.6043 127.5461 127.6091 53.7038 103.6638 149.4228 80.3746 195.9733 80.9100 123.8879 78.9935 101.4492 237.7126 5.6156 146.4126 81.3440 237.8134 97.9857 4.6347 37.1108 85.5885 97.6680 161.5779 48.0748 93.8913 164.1128 96.4958 21.1422 122.0203 185.4404 71.2144 185.9421 48.4544 0.0000 131.4872 112.6235 68.6150 88.6932 51.0498 99.7432 174.6532 33.7249 131.2725 80.0102 79.3217 175.0378 117.7002 49.9210 115.7093 66.4977 79.5365 155.7237 168.3600 123.2154 234.2778 86.2341 191.2039 67.8508 158.2220 105.6015 61.8763 122.2222 115.2261 176.7790 28.2793 75.0661 136.1708 134.9589 121.9167 19.6865 184.1199 69.5011 96.1208 56.4221 14.2112 152.5466 74.5496 97.5400 116.4769 78.3397 131.1771 215.0592 43.6929 132.4123 118.9467 146.7514 123.9258 145.7131 82.8045 141.0365
47.4648 124.7582 167.6528 80.2246 180.5447 29.0615 6.7283 129.7956 96.8192 77.7803 71.4331 6.6274 126.3462 158.0785 51.6162 95.2531 110.8834 114.0821 115.8165 176.2757 137.5021 149.3457 121.2629 86.5333 269.5457 73.3436 92.6736 203.0179 10.1591 49.7370 150.3340 145.3098 102.1425 131.4872 0.0000 113.5702 131.1039 137.4497 164.5197 110.0724 131.3695 35.6206 67.2765 175.8170 128.8558 138.4442 143.0942 116.0527 156.4640 151.5951 94.4763 152.5978 106.5421 53.3340 70.3220 60.0921 64.5719 156.3316 50.5917 125.4128 95.2756 80.1854 259.7358 150.8899 57.2466 137.3693 115.6559 149.9533 51.1334 160.0871 57.8257 54.6275 188.6108 148.3594 146.7054 177.1531 166.8829 54.3902 165.9962 52.1273 131.7619 136.3528 96.7424 32.0707 92.5791 116.4425 117.0218 71.4862 61.0069 152.8960
75.2423 86.6821 88.0261 160.6217 66.6073 5.2886 57.1479 48.2206 14.9388 99.6261 133.4560 87.0904 37.9202 115.6403 141.2540 75.4511 149.2309 149.0030 3.5870 97.5346 117.8719 116.0362 132.0068 60.4584 276.2722 99.9175 109.3824 53.4198 116.1543 33.9522 161.2308 107.2208 90.0591 112.6235 113.5702 0.0000 65.1229 57.5359 14.0380 159.5171 80.0559 179.3178 88.7769 189.3595 18.4185 181.4812 145.7460 194.5192 254.3155 105.2491 41.3762 54.9469 25.8967 284.3581 83.4643 52.3809 47.6470 117.5346 33.4618 156.3485 47.0476 88.5846 133.9159 25.4206 81.2132 180.6115 16.6789 110.3309 112.0949 41.6893 137.6195 17.2383 64.5275 44.8910 58.5635 213.0475 102.1004 0.2621 115.4558 122.2085 121.4183 129.3737 35.1234 200.0396 250.2864 42.4637 209.5120 203.2596 168.6558 149.0493
210.7994 216.0741 105.1869 65.5260 8.3897 101.4650 138.9067 75.6540 22.3992 205.0566 182.7716 61.2518 156.3674 167.3335 21.2114 32.9076 144.5463 30.3561 86.6527 128.5355 113.1360 100.9426 103.4726 42.7158 112.1188 170.1532 158.0320 122.8465 144.0576 74.0337 32.9126 115.7862 100.8134 68.6150 131.1039 65.1229 0.0000 76.2553 66.7753 58.4466 66.4143 120.7207 196.7834 147.8018 70.0767 214.1006 132.3621 158.2585 43.1456 141.9468 170.2967 107.8683 63.1610 67.5572 50.2169 150.3123 99.1107 82.0022 69.1620 131.6892 109.0946 57.1064 70.7473 97.0464 93.8508 120.6074 148.3672 97.3088 133.2113 98.9478 125.6662 157.6693 132.4371 237.8659 99.0782 128.4481 139.0902 60.7481 131.5693 159.2384 223.5554 56.4198 39.7805 225.0778 59.3098 130.8829 141.8556 113.1876 102.3754 115.4661
129.3224 218.9628 154.5466 83.0051 79.5365 218.5689 177.7712 52.7820 74.7658 121.4632 103.0890 153.5490 151.2651 8.3514 157.8019 246.1445 34.3327 155.2407 215.6258 46.1345 3.8626 138.6531 211.5745 73.2490 30.2374 108.0889 62.4363 73.7849 60.2078 125.1372 135.7210 59.3181 77.0170 88.6932 137.4497 57.5359 76.2553 0.0000 184.8502 132.5086 65.9768 43.9808 117.5436 106.0045 135.1332 13.3485 51.5182 176.4622 190.7486 217.3702 87.4457 97.6364 133.0631 117.8061 84.4387 58.4614 92.5490 159.5942 3.2795 109.1371 25.8572 59.7267 94.3075 84.9200 87.6214 223.2689 75.3529 11.3298 138.2242 79.3815 179.6819 5.4603 180.1211 57.5665 118.8258 114.7557 29.8429 94.5483 98.5408 131.8703 9.1436 99.0011 97.0698 179.5955 110.3069 121.8233 30.0457 107.5734 182.6225 51.5508
227.9869 42.5460 128.5432 50.8245 72.8520 146.4696 48.0988 90.5764 155.6550 83.6849 72.2116 52.8031 178.7809 117.7288 156.9798 11.6982 105.8416 23.5539 163.5982 135.1636 51.2167 55.7579 174.1014 95.0859 114.7151 134.9878 163.6013 92.6604 21.4367 120.2851 153.1140 109.1109 14.1071 51.0498 164.5197 14.0380 66.7753 184.8502 0.0000 148.2387 125.5033 155.5060 122.5395 114.0904 82.4709 82.6350 1.5183 61.1733 159.8153 76.5162 55.5285 89.1836 131.3297 146.4219 137.2034 21.3887 110.0864 145.2800 49.0392 200.6748 147.2515 34.0088 132.1655 100.4640 67.4926 114.4969 27.1218 211.7400 89.1938 28.2375 83.5644 173.0463 122.6736 145.8925 43.6922 200.0452 168.2018 88.6129 39.2693 45.3716 226.0415 109.9244 153.1167 93.4343 10.2347 87.4215 134.2322 187.9729 166.0013 160.5575
10.3374 70.3783 111.9717 154.3873 228.5601 227.6892 40.8348 195.8063 104.9701 161.5236 162.1099 70.7532 59.8139 185.0925 222.3980 86.3633 101.2470 57.4425 97.5241 15.1407 129.7770 124.7684 167.0729 134.6783 100.4209 166.7140 68.9259 209.3244 50.4341 125.9416 49.9648 208.3081 188.5235 99.7432 110.0724 159.5171 58.4466 132.5086 148.2387 0.0000 117.8925 102.0190 45.9809 172.8690 87.0981 115.0509 147.5492 127.8609 215.8178 194.6455 36.4900 105.0299 59.3842 40.4025 42.1349 12.4303 22.7359 51.9522 110.6566 82.6655 14.5189 149.6828 119.1205 95.8335 67.7097 124.8907 32.3480 135.7318 147.2376 149.8203 24.7550 112.4720 73.3020 23.6462 7.2137 118.9465 98.4433 173.0135 38.6871 102.9868 15.0563 149.2540 110.0139 68.7278 49.8363 170.3533 180.0044 205.2294 149.0499 67.3888
107.6717 210.0245 124.8391 64.5096 78.0818 72.7862 221.1914 129.9271 175.8809 122.4987 72.9870 157.7250 169.3231 43.3213 166.5286 120.7721 181.5981 214.1157 104.1710 135.8009 65.6593 145.0929 192.0498 77.8905 151.9168 97.4433 66.0555 206.4822 40.4315 87.7593 197.9883 128.5566 59.0483 174.6532 131.3695 80.0559 66.4143 65.9768 125.5033 117.8925 0.0000 144.9466 137.6635 46.4968 138.8712 77.6620 149.0208 92.7295 62.4854 144.6191 152.4994 97.4016 27.2630 36.2151 175.5827 90.9893 129.1219 83.3731 135.7871 124.4099 168.5471 110.6987 87.2560 20.1973 85.9160 84.1126 71.6186 71.9668 71.5756 167.9941 144.2443 115.5718 3.9749 85.6703 74.9581 126.2618 50.4166 99.6846 91.7968 134.0642 88.5779 177.1869 24.0414 10.0331 58.7187 93.7662 138.2992 193.8331 262.5847 61.9964
154.4855 193.4125 16.8708 20.2119 58.7427 128.9994 109.5538 88.6130 29.3843 170.8099 24.6701 4.3456 112.7758 39.7698 70.4248 98.7088 194.3728 81.8959 93.0701 61.3371 143.2411 104.9759 128.1796 123.1811 154.5543 131.2593 81.0801 142.9719 129.1160 174.7749 196.8837 47.4603 66.2108 33.7249 35.6206 179.3178 120.7207 43.9808 155.5060 102.0190 144.9466 0.0000 61.7999 190.9250 162.6842 185.5924 204.7808 70.2870 218.7344 158.2608 166.9911 189.8700 133.0787 114.9800 138.9281 94.2332 135.1064 95.4028 50.4264 199.5183 25.9514 181.5589 91.1831 129.8794 151.8749 37.6509 116.8912 63.4835 86.0694 159.1646 78.8402 153.9338 89.8931 79.8890 199.5007 98.8385 173.3440 196.9525 122.1202 53.9117 81.7966 119.7611 164.5008 49.6807 70.0500 69.5969 154.1045 45.9496 128.9923 46.2394
76.0668 72.2640 89.3698 98.7344 239.6397 116.8991 87.6850 128.9280 132.9540 66.5886 209.4641 175.4974 144.2452 98.2245 92.1432 128.7105 56.9923 12.1171 146.3210 218.1726 134.1505 93.2498 143.9551 2.4610 12.0628 135.6759 55.4046 183.0692 121.2225 29.4597 169.6864 47.2695 198.8425 131.2725 67.2765 88.7769 196.7834 117.5436 122.5395 45.9809 137.6635 61.7999 0.0000 66.9966 161.5170 105.4219 73.2640 105.9286 152.0961 77.6582 169.6536 119.9828 45.8112 90.2786 124.0065 101.0625 184.3834 116.1703 140.3534 47.7427 134.9610 72.0071 151.7920 100.5774 150.3469 212.7794 196.4614 39.6642 44.1660 269.7544 141.4478 93.2454 117.0319 105.1158 148.6342 77.5422 191.7754 125.6084 175.3269 80.0341 107.9602 114.2736 208.8312 181.3283 101.7625 152.2226 171.9591 75.0447 98.4792 13.8909
175.8294 89.0066 117.9744 93.4460 82.3475 113.4958 77.3430 185.0440 8.7408 54.2527 157.5383 123.3576 89.6348 95.3442 150.5522 61.1667 207.9043 89.7887 178.1326 181.8624 95.0945 25.5984 201.1664 37.4226 28.1832 53.5112 131.6064 139.8850 61.7918 203.1726 85.9512 70.5300 36.9140 80.0102 175.8170 189.3595 147.8018 106.0045 114.0904 172.8690 46.4968 190.9250 66.9966 0.0000 92.0816 197.5749 153.0731 43.2296 161.3241 38.0701 25.9863 60.0734 56.9483 162.7666 23.4965 37.4304 52.3215 66.7265 139.5090 190.1903 145.3507 108.3128 142.0700 166.1749 63.2993 222.1833 74.0547 99.4557 169.8802 53.9626 101.6686 79.0844 132.4976 117.6084 34.6165 120.8064 57.0293 34.5235 161.7715 122.6453 75.1264 168.2582 4.5750 68.9662 286.4707 95.4952 90.5435 107.5625 180.7876 192.4683
184.6789 87.8476 174.5585 73.4100 101.4935 87.8995 175.3408 90.4058 191.0448 216.3647 113.9135 14.7879 163.8399 110.5895 105.3266 138.7051 86.2559 65.9285 95.0957 119.4579 156.6874 95.3326 69.1259 3.6433 167.8232 108.1709 188.2293 31.1474 116.1112 108.5670 206.9502 102.5324 14.5731 79.3217 128.8558 18.4185 70.0767 135.1332 82.4709 87.0981 138.8712 162.6842 161.5170 92.0816 0.0000 112.5418 63.7544 83.9118 120.3837 196.5825 28.8868 92.4054 98.4690 131.6869 164.4311 201.9331 66.5571 71.1842 84.5115 55.5914 68.7936 100.3191 149.8405 58.0984 59.6778 125.2292 144.2540 6.9718 69.0495 175.7028 116.4126 87.2517 73.1199 44.7919 84.8668 110.5136 88.8458 151.4976 60.9307 115.4977 112.9061 136.6392 75.2466 74.2578 211.3609 105.7492 24.5335 9.8300 42.4935 65.7994
29.6578 163.9450 114.6060 23.8306 174.7140 35.4973 139.1413 193.5062 94.2742 150.6534 141.3925 198.8568 85.6739 205.0379 197.7374 145.0854 74.1417 15.3549 114.8446 162.9936 114.0231 121.1796 58.9593 127.6694 150.1310 100.1073 91.8670 69.5820 122.3016 76.8731 73.9865 47.7878 79.2689 175.0378 138.4442 181.4812 214.1006 13.3485 82.6350 115.0509 77.6620 185.5924 105.4219 197.5749 112.5418 0.0000 193.4597 98.8866 64.6836 133.5537 68.8483 52.7377 122.8397 111.8915 152.0813 78.5669 100.5460 174.8371 80.1033 172.5280 34.5677 35.6195 208.8889 27.8620 110.2498 118.0746 107.1726 199.0000 49.3021 124.3611 204.8786 180.3226 152.0421 108.6734 127.0519 151.9084 53.2469 171.3583 119.9402 94.8973 71.2100 153.8747 187.5611 96.1057 185.7373 126.8947 51.5452 187.4347 74.8262 109.1713
209.0665 99.0471 106.5702 3.8528 82.3257 216.1708 130.4008 133.7561 89.0179 89.2968 125.3958 107.9354 68.6307 64.4911 289.7874 151.1702 52.1317 147.9993 90.3073 100.1406 144.0750 118.0363 63.3182 74.5257 17.3972 5.6265 117.5810 89.7042 125.0163 156.3673 78.7792 6.8656 21.7184 117.7002 143.0942 145.7460 132.3621 51.5182 1.5183 147.5492 149.0208 204.7808 73.2640 153.0731 63.7544 193.4597 0.0000 125.7643 82.8752 104.9053 76.8553 108.9757 196.6805 70.2913 72.4830 62.5816 153.1790 87.4321 116.2806 109.4803 197.3150 171.5879 159.0227 118.8602 93.3315 144.5811 49.7284 106.9926 133.4372 111.0738 129.8447 101.4413 137.7080 178.3587 25.2137 220.5065 82.1909 142.8740 83.3582 89.1356 155.2022 77.5185 105.2802 128.6798 132.4653 83.1279 203.4404 72.5489 45.5861 26.8668
110.0675 181.3982 191.9976 88.5444 41.2496 130.8575 22.9926 105.6414 242.4568 186.3506 64.4148 156.6729 133.2121 109.9753 156.6962 104.4581 154.1297 68.2229 113.4106 172.8873 95.2868 117.9419 60.5189 71.4405 65.3123 165.6070 141.7067 55.3746 234.2697 36.5566 150.3186 167.3218 117.9452 49.9210 116.0527 194.5192 158.2585 176.4622 61.1733 127.8609 92.7295 70.2870 105.9286 43.2296 83.9118 98.8866 125.7643 0.0000 99.3078 153.0148 71.6763 154.7339 71.7329 52.7379 150.3122 75.1938 100.6320 202.8730 109.2230 151.2633 73.9594 23.5833 66.4854 46.6855 67.4961 83.8388 107.9237 171.4052 40.4568 70.0752 144.2595 103.3152 88.7659 126.9291 22.1472 91.7155 5.8044 90.8624 231.6679 51.7943 9.7561 145.1495 145.4254 83.8194 221.7947 120.6458 95.4897 168.2047 63.0327 177.9014
172.3746 97.0752 98.0520 150.3393 168.2346 79.5146 50.0530 174.5081 78.9629 228.9878 89.2151 132.6045 114.1685 61.2962 136.1923 90.6416 113.7793 67.3930 154.3781 53.2692 103.7319 193.9842 106.1898 292.7106 102.7919 130.0349 140.9808 62.6701 49.7065 109.3238 62.4086 42.2531 97.3604 115.7093 156.4640 254.3155 43.1456 190.7486 159.8153 215.8178 62.4854 218.7344 152.0961 161.3241 120.3837 64.6836 82.8752 99.3078 0.0000 63.3614 70.8583 106.5114 6.1021 126.7436 171.0176 30.4632 53.7858 98.6529 32.4172 124.8931 22.5403 127.3675 101.1944 138.1599 78.7531 31.8245 7.7535 94.2133 247.8579 97.2089 228.4491 67.6422 186.3830 106.8260 131.6144 194.5929 156.1943 100.6542 108.1996 51.5688 42.7164 25.6776 118.6825 160.8612 24.5476 71.6208 120.4495 65.7360 96.9454 41.0833
41.9564 83.4452 161.9432 7.0223 132.5809 193.4614 143.0547 97.1798 102.9660 130.8214 119.3753 46.1926 130.8844 20.0544 83.6263 120.6020 83.2467 125.8482 48.4519 81.1293 205.9120 241.1593 111.3662 203.5501 150.0633 69.7698 185.5636 100.2941 13.2368 94.7794 182.5616 109.3171 205.9176 66.4977 151.5951 105.2491 141.9468 217.3702 76.5162 194.6455 144.6191 158.2608 77.6582 38.0701 196.5825 133.5537 104.9053 153.0148 63.3614 0.0000 59.2549 197.6842 147.8016 78.3925 92.3909 116.2773 31.7123 72.6916 214.7627 190.4188 53.2000 133.8372 99.6193 58.3701 123.8149 63.6212 24.0433 35.6915 75.4111 63.2586 109.0481 81.1856 14.3960 112.5335 154.5076 7.7664 66.9489 111.3064 35.2488 176.9903 186.4455 111.7413 50.1696 67.1689 137.9589 2.0309 127.2394 133.9387 105.8920 228.5926
144.4936 70.3013 149.1379 126.0537 212.5365 131.6966 54.0480 134.8001 71.2582 143.9963 97.9497 74.2810 109.0399 106.1417 123.7730 132.0661 114.8517 37.4897 141.8715 121.6667 137.9041 104.1301 304.5963 63.4550 122.7547 97.7907 129.7896 159.9414 135.6640 154.6584 9.3217 94.3816 152.9005 79.5365 94.4763 41.3762 170.2967 87.4457 55.5285 36.4900 152.4994 166.9911 169.6536 25.9863 28.8868 68.8483 76.8553 71.6763 70.8583 59.2549 0.0000 168.3312 131.6490 93.4293 113.6000 99.8748 175.0442 91.9893 65.2755 109.9434 19.9973 68.9599 89.0059 177.0642 79.6877 112.5144 78.0102 18.7929 32.0908 128.9684 212.5817 59.9017 135.8677 9.6885 114.7098 20.3387 93.1835 172.4376 41.3345 105.8791 33.9061 65.5841 188.2602 53.0280 29.6427 95.7178 63.8376 129.5238 83.2471 117.5930
168.1967 171.3098 156.9043 180.0517 54.5400 154.5283 157.1212 37.1506 11.3721 97.1917 2.2118 133.2703 89.9848 101.7852 24.3918 129.9205 157.2704 168.6934 53.3455 38.5256 135.7283 150.8645 173.0772 18.1074 149.2670 63.1830 66.1256 189.3686 53.7971 162.5058 56.7952 92.8928 91.4300 155.7237 152.5978 54.9469 107.8683 97.6364 89.1836 105.0299 97.4016 189.8700 119.9828 60.0734 92.4054 52.7377 108.9757 154.7339 106.5114 197.6842 168.3312 0.0000 85.2117 130.8447 75.6944 141.0718 108.1581 184.7377 70.1596 68.6876 56.7048 66.0022 144.4690 102.4281 82.0902 81.9074 70.8756 161.2811 92.1454 8.3767 99.0385 102.6664 135.9176 167.0379 150.6371 139.5900 85.1163 199.2957 52.4081 58.5710 80.4186 150.3020 94.7172 58.7064 50.0593 180.7769 170.3746 139.0126 121.2390 97.8254
