90
0.0000 98.9969 107.8465 73.2198 83.7001 48.5502 228.0109 138.8196 172.5363 39.7497 211.6001 192.8492 61.7457 190.7821 56.6848 118.2327 22.5533 140.5309 114.2656 77.1450 179.6122 207.1810 155.0264 192.9409 6.1570 80.0391 161.6931 164.1825 70.8167 140.9712 110.5757 240.2901 22.3359 201.9106 7.6924 33.3145 6.4634 199.8209 89.3136 112.5792 53.2569 91.3147 123.6240 97.4693 127.4937 110.7647 93.4250 210.0550 116.8224 89.8360 164.6043 28.3286 177.4191 186.7525 42.4652 85.0261 180.5646 78.6815 86.1016 65.1831 86.5336 61.3978 135.0559 163.8187 190.3872 30.8446 47.0123 119.1670 159.8587 34.4937 108.6490 138.0449 17.3073 175.6383 80.3828 6.7857 86.5907 8.8243 64.7864 155.3849 189.2486 115.4749 44.2932 201.5395 118.6017 69.9206 106.9981 34.3856 81.3050 38.1149
98.9969 0.0000 94.1828 118.0920 197.3094 93.4656 217.0111 4.9335 91.4183 16.8293 20.2276 17.3838 160.3113 252.0849 119.4761 130.2550 104.6642 120.1381 142.4861 78.4613 215.0324 22.6797 99.0408 95.6339 49.9103 116.3259 79.6956 164.5304 87.2462 43.0080 122.7588 123.9278 99.4384 125.5914 213.1552 103.9352 145.0987 52.0171 127.2935 126.6429 158.0428 127.7494 117.8199 77.4748 115.9344 26.8478 156.9509 3.9204 183.2717 87.4564 194.0058 138.1949 168.2311 226.8190 51.1350 203.8370 244.1348 124.4493 14.7203 140.2015 44.2627 117.9301 74.3196 20.0267 123.3542 0.1641 132.9837 182.8978 106.1928 117.7249 38.2036 153.4838 104.5189 232.6330 113.1333 179.2027 115.7156 212.6515 167.7478 56.9750 86.3024 117.3229 36.4943 74.9812 104.1976 204.4062 81.2476 25.5892 143.7371 47.8790
107.8465 94.1828 0.0000 121.0649 23.0864 146.3455 118.1146 126.1857 56.3021 126.4484 101.4780 40.9703 83.2507 51.5117 113.1542 74.4188 23.6619 147.3417 101.5239 141.6136 20.9276 175.1943 10.8967 199.5629 37.1806 152.0492 80.9348 106.0415 129.5306 7.0693 53.1243 129.9499 138.5788 114.1426 40.6165 138.2253 1.0738 78.1532 128.4524 136.1637 29.4870 144.4006 185.1838 35.7521 195.9102 176.1876 49.5089 78.8829 196.2953 155.7510 158.2828 93.2884 160.4004 58.7642 166.9514 143.1737 129.3030 3.9557 153.1976 60.5557 129.5933 83.8533 19.5100 78.2716 156.4758 96.4508 124.5461 85.7780 35.8643 119.6034 99.3302 71.4284 5.2747 62.2581 180.9373 144.8366 184.2605 16.6051 21.6334 42.2410 137.8740 51.6394 71.8034 159.5056 44.3866 110.5619 31.1775 148.3617 42.8507 114.9085
73.2198 118.0920 121.0649 0.0000 74.9277 111.0582 31.6944 182.9550 178.8840 98.5029 123.5484 170.9334 139.1845 69.9141 199.2713 193.9834 99.5372 237.8016 57.1222 112.2803 22.0858 165.1253 76.2613 165.7003 45.6175 33.8700 44.2464 80.1844 124.7655 126.5558 224.8849 80.4829 160.2901 118.3736 60.5555 86.7082 50.7538 215.0531 176.9962 164.0265 57.4048 128.7945 141.7814 125.0578 113.7051 100.8649 49.8923 133.3380 106.2746 183.4014 159.5989 120.5002 45.6268 212.5674 61.4994 36.2390 112.6070 258.7411 104.5728 169.6005 151.3523 169.4977 86.8122 105.2564 23.3335 39.3561 103.6030 98.4002 129.2264 18.9579 6.4379 39.4150 110.0754 66.0214 180.0978 91.5709 175.2315 51.7225 112.8918 141.5938 85.5770 52.0749 205.6419 31.6500 86.5950 75.8451 44.9998 115.3087 10.8161 21.0512
83.7001 197.3094 23.0864 74.9277 0.0000 112.0541 108.8364 140.5534 110.3830 31.0975 70.9276 213.9516 116.5175 129.7085 114.9910 91.2952 62.1918 32.7593 18.7310 104.9944 126.5952 132.9543 3.7252 106.2951 48.9797 26.8555 132.3026 74.4814 151.4378 19.2822 75.3370 141.5184 67.9424 187.9115 169.2447 56.3068 68.5537 153.7431 134.9908 33.5547 62.8998 228.0375 163.4864 45.6185 145.6939 64.6201 0.6534 186.2048 201.0907 195.1698 110.9414 198.4286 96.5521 58.4478 51.9876 83.9013 75.5908 95.5255 79.9939 118.0344 91.8321 203.0194 113.3215 110.4585 36.7118 52.2266 74.8605 79.3271 95.0541 60.5215 121.7581 100.6637 109.8644 146.3734 162.4552 86.2827 169.6969 148.0603 95.1055 144.3265 52.8534 129.3996 254.5650 198.9685 103.1956 166.3288 98.1228 94.4927 87.6629 128.0884
48.5502 93.4656 146.3455 111.0582 112.0541 0.0000 44.9512 167.8585 93.8479 123.7103 160.2594 111.3424 49.6422 101.7726 51.2713 84.7094 77.0345 88.1084 17.9370 146.2328 122.9650 113.8600 158.6983 109.6381 129.1223 35.5492 40.7303 97.2802 152.1413 61.9514 50.4517 57.0000 85.1318 217.0061 14.5694 32.8304 38.3032 127.8332 89.8001 145.8742 112.0840 83.5959 20.5919 151.4211 133.1884 211.3486 127.4900 63.3142 47.7219 195.2048 56.0034 108.4154 57.2949 39.5220 28.7031 155.4839 103.2467 62.5675 93.5051 77.3096 92.3127 25.4307 127.1382 128.0616 131.9192 125.6876 201.0747 158.3818 82.7155 125.2070 161.6897 60.5402 131.3889 51.1494 68.3370 17.6284 130.9837 74.8394 37.9510 108.1559 118.1302 274.0394 98.5770 143.2727 206.1214 141.6673 115.8582 121.7433 101.8862 122.9750
228.0109 217.0111 118.1146 31.6944 108.8364 44.9512 0.0000 254.0040 215.0703 109.6014 62.7745 146.5215 8.4384 64.0391 114.5822 114.4138 170.3122 137.2260 118.4977 88.4265 139.5002 103.9273 175.6076 52.2859 114.9754 86.8438 142.9188 129.0145 41.9016 129.9818 87.5747 60.6104 233.9412 162.1752 89.1746 51.2527 111.8747 135.6329 34.8786 112.6891 220.2272 65.7610 143.5073 188.9217 107.6917 3.8482 148.7975 60.2055 236.7576 56.1510 220.1701 115.5424 155.6097 108.4295 62.5579 222.7248 100.5218 87.3351 49.5330 166.3114 82.0369 60.6707 143.0247 112.4353 121.9995 124.4860 33.9164 147.1207 44.5984 42.4925 108.9790 51.3430 101.7641 44.2520 75.4845 180.1010 110.6558 75.6096 110.9466 150.3963 66.6354 169.3072 150.3904 95.5902 23.1186 41.3613 127.3932 73.5938 6.1500 86.9335
138.8196 4.9335 126.1857 182.9550 140.5534 167.8585 254.0040 0.0000 10.0965 71.9910 205.7850 54.3380 114.0685 202.7748 14.9487 45.5914 87.6830 76.5417 20.0099 132.2058 82.2552 15.8756 192.6645 64.9462 38.3573 41.5501 141.6459 148.2863 131.5079 115.9393 170.3134 159.6352 48.4991 86.6240 167.9919 143.2405 37.8854 189.2929 83.0367 68.9038 88.3422 128.3922 147.1774 169.4272 40.7983 149.9658 180.9180 8.7438 125.8423 229.4701 154.2778 206.9870 145.6560 121.0235 45.7302 205.8260 118.0336 58.6963 112.6313 75.5155 29.0989 54.4920 183.8658 108.2738 170.4635 66.6262 95.6312 52.4370 148.7474 121.0747 192.6515 24.0581 141.3654 90.0125 97.4102 22.6193 147.9979 55.9211 91.0895 97.3813 160.4967 155.3315 185.1031 75.0234 92.5713 161.9318 174.1640 88.6875 214.3654 107.5300
172.5363 91.4183 56.3021 178.8840 110.3830 93.8479 215.0703 10.0965 0.0000 197.5796 251.1620 74.7707 13.6613 60.1609 87.2460 53.9655 31.9960 144.3631 140.6852 132.4697 17.7265 179.0544 83.1446 28.0634 114.6175 91.1681 173.2473 44.7645 92.4978 187.8583 128.2432 141.6047 57.7972 233.7884 77.3076 129.5079 74.2571 95.5395 117.1637 100.9292 19.6127 214.8299 59.8536 42.0656 100.8859 146.6113 226.7821 133.1613 166.2255 30.0635 58.7833 186.1040 25.1340 75.0568 222.2647 161.6909 126.6529 119.0825 140.7401 195.1392 107.9455 124.7383 40.4616 163.0019 82.3144 73.5587 180.0243 194.6354 84.2380 178.2795 40.6997 59.6630 76.7428 61.8750 41.4123 73.9778 41.6819 178.3521 119.2197 0.6853 121.0517 75.9431 97.6445 102.3365 92.6040 98.1917 241.1004 143.1660 85.2644 137.8238
39.7497 16.8293 126.4484 98.5029 31.0975 123.7103 109.6014 71.9910 197.5796 0.0000 156.5711 3.8540 120.7271 60.9504 145.8701 5.7247 147.1595 91.3764 111.7782 146.3051 77.2960 39.0696 168.4180 33.8044 51.1707 97.5635 105.5177 159.3512 105.5187 137.4561 146.7397 150.2346 159.0441 70.1034 221.9143 265.9458 11.6821 40.7158 100.6025 135.6609 128.6023 117.0390 83.6312 66.7014 52.6135 100.5693 81.3604 58.2236 117.1084 111.5662 116.4910 177.0302 54.6508 57.1841 40.9655 86.8815 71.4128 187.4645 119.5713 136.5807 104.6392 142.2001 146.8873 152.2463 46.4960 174.1440 20.7658 119.0362 174.6960 103.4066 8.6201 35.4770 79.0736 126.2713 136.3401 200.6060 99.0253 113.9035 122.4896 134.2945 169.5100 36.9019 120.6703 99.6613 127.5127 185.2235 84.1154 96.8977 85.7891 109.7122
211.6001 20.2276 101.4780 123.5484 70.9276 160.2594 62.7745 205.7850 251.1620 156.5711 0.0000 104.3193 79.4306 89.3649 83.3735 211.4495 201.8368 93.2783 75.8437 51.8664 87.2649 160.1598 12.8812 190.1948 92.4749 86.6326 55.8324 135.0953 213.7197 44.5087 33.1954 208.2727 108.8681 120.0411 82.9054 81.6748 69.2693 42.6543 134.4018 152.2389 137.8253 79.0562 160.7617 121.3263 75.4018 98.5748 107.8278 112.7777 36.2680 106.9029 194.3024 181.9401 184.6896 83.3975 189.0320 134.5033 124.1691 133.8372 48.0214 180.2469 99.1563 72.6305 78.3614 88.2822 8.5920 223.1871 103.1662 141.4747 40.1220 191.7423 154.7299 54.0104 121.6879 9.1805 80.5391 169.1356 173.2222 94.9462 76.7902 65.8980 105.1627 145.9668 94.7992 81.9837 81.6257 51.0433 70.4786 185.1154 156.6987 170.2484
192.8492 17.3838 40.9703 170.9334 213.9516 111.3424 146.5215 54.3380 74.7707 3.8540 104.3193 0.0000 152.1387 44.7243 86.2903 47.3908 188.1334 56.0847 121.2906 50.3787 59.9062 47.0908 144.3037 76.2774 129.3894 60.2338 79.5078 94.4676 74.6666 97.8320 97.7747 25.1008 127.1562 79.1180 33.1655 55.5069 117.5295 125.8028 163.2633 57.5204 101.5295 163.4583 61.0008 123.9552 62.4550 153.5611 51.6082 113.4138 56.3373 83.3889 6.4088 91.6613 263.4142 76.5158 130.7044 259.4702 85.9437 121.3124 99.2187 83.4550 181.6765 85.6866 40.9128 66.3569 109.4943 111.3950 39.1704 154.2411 107.5055 78.2990 20.1960 52.7738 94.4507 124.1510 64.3084 100.8788 124.2838 205.7316 19.8255 136.8675 55.4905 118.7541 133.6475 120.1822 153.1962 12.2055 186.6367 160.8683 142.5100 140.7413
61.7457 160.3113 83.2507 139.1845 116.5175 49.6422 8.4384 114.0685 13.6613 120.7271 79.4306 152.1387 0.0000 64.4965 139.0315 235.1058 70.6293 39.7248 141.5004 134.5333 96.2902 91.5989 70.4959 115.9864 175.0576 55.6233 186.8902 178.0143 67.0522 184.4527 48.8997 205.7771 103.9544 148.8087 85.5708 108.9462 89.9023 61.3825 84.3934 152.2886 48.4070 127.1584 99.7309 74.1284 158.6402 198.6291 91.0417 93.2019 201.0488 161.5850 156.4749 115.7174 120.8067 110.3728 174.5601 98.7200 139.4098 100.7312 18.2645 144.2516 88.8770 190.4448 135.3476 28.5660 134.5643 107.8929 82.7175 58.4023 177.7981 69.9562 90.6401 107.7657 147.8666 171.0456 153.7670 76.4578 167.6764 68.5690 92.5488 82.5747 131.9002 139.6954 103.4682 225.1395 130.8940 136.0863 136.8822 172.5430 37.7813 148.7223
190.7821 252.0849 51.5117 69.9141 129.7085 101.7726 64.0391 202.7748 60.1609 60.9504 89.3649 44.7243 64.4965 0.0000 98.3599 51.3308 126.9616 136.8827 199.1957 181.2786 68.8651 83.7668 127.4331 135.4721 39.7619 81.2531 239.1551 65.9107 159.8675 14.3037 18.0785 49.7236 70.9150 147.8277 49.7717 257.4412 239.2658 58.6369 178.9462 108.6843 54.6097 14.0685 54.4541 66.5537 117.0456 150.4657 133.4057 175.0254 64.9304 112.0222 188.6750 69.5816 124.6043 111.6638 113.5706 120.8536 18.2853 88.3041 3.4940 130.6883 138.2433 50.0599 144.3849 26.4503 138.6035 47.0368 27.8266 103.6242 177.6730 182.6902 48.8878 51.7460 19.4969 80.6499 27.2349 27.9069 160.3372 18.5950 98.8856 50.9735 53.7865 91.5756 121.2251 56.8523 98.1786 25.3676 101.8831 83.8035 11.8501 61.2763
56.6848 119.4761 113.1542 199.2713 114.9910 51.2713 114.5822 14.9487 87.2460 145.8701 83.3735 86.2903 139.0315 98.3599 0.0000 98.9521 121.7134 142.0499 179.7635 116.9954 63.1182 230.8712 227.2334 209.3050 160.9025 102.3446 86.2167 33.5882 136.1333 189.1142 61.2904 202.6905 112.3824 126.1316 39.2515 113.9379 194.9788 185.1990 138.5944 138.5651 159.9160 35.7053 141.5068 131.3757 198.1536 44.2701 100.4592 32.3150 12.8345 114.0606 19.3552 41.2595 113.3501 164.9552 151.3053 101.1955 105.0672 131.6491 79.1905 64.0855 90.0522 126.1913 121.6644 8.2323 189.7166 71.7110 144.3862 82.4953 41.6326 92.5916 110.8053 81.3049 25.8778 214.1134 81.4749 108.9064 13.1279 133.4470 105.5942 109.4344 137.4942 280.6071 76.5657 144.1379 164.3227 48.4724 4.6333 123.4198 104.6097 108.3593
118.2327 130.2550 74.4188 193.9834 91.2952 84.7094 114.4138 45.5914 53.9655 5.7247 211.4495 47.3908 235.1058 51.3308 98.9521 0.0000 80.4334 43.6469 178.1635 143.3601 113.1805 15.5500 47.6608 147.0371 79.4061 17.9939 34.2511 186.8271 103.4906 170.7824 187.6268 130.0096 165.1660 148.6273 75.6469 250.9198 75.0934 85.4196 72.8056 65.5061 128.2676 45.7181 46.0191 105.2062 117.1821 147.2190 46.0004 40.6385 39.7472 127.8680 33.9502 118.3926 14.5477 145.7202 117.8310 161.8351 140.4707 31.9820 155.2200 105.0333 119.4883 19.1480 127.2327 202.6234 156.5328 185.2839 134.6106 150.2747 191.8573 26.4122 109.4880 86.3736 141.2359 171.4523 215.2697 41.4993 71.2050 154.5195 67.5794 122.2352 146.9819 164.5307 196.4421 181.8683 74.5146 240.0842 160.2897 68.9254 29.0756 154.6508
22.5533 104.6642 23.6619 99.5372 62.1918 77.0345 170.3122 87.6830 31.9960 147.1595 201.8368 188.1334 70.6293 126.9616 121.7134 80.4334 0.0000 38.2949 183.0324 32.7166 94.4685 153.9359 42.7309 229.7597 48.0851 160.7299 160.4542 190.5057 88.7738 89.5435 149.3063 106.7177 40.6160 17.3633 42.2256 57.9747 13.4568 83.7861 155.6153 180.7752 155.6504 40.0374 84.5231 240.2755 177.7678 66.8555 80.0130 157.0078 57.4494 157.8648 61.8051 114.2681 114.5074 124.3675 69.1805 33.4093 96.0045 20.9701 66.3170 114.1645 63.9653 96.2111 36.9385 70.8809 7.0751 160.3078 104.8022 148.2457 155.1012 164.0862 107.3829 33.1754 97.7512 21.2346 137.8836 89.7490 185.0827 38.0816 73.5163 43.1469 101.4939 266.1266 13.5106 43.1810 111.8734 150.6933 106.6461 78.7774 80.7633 5.8775
140.5309 120.1381 147.3417 237.8016 32.7593 88.1084 137.2260 76.5417 144.3631 91.3764 93.2783 56.0847 39.7248 136.8827 142.0499 43.6469 38.2949 0.0000 99.8475 115.3235 81.1272 83.9657 134.1682 110.9934 114.7430 128.0857 147.1130 51.4840 169.4881 125.9676 99.1713 242.8721 132.0675 280.8862 42.7240 142.9087 74.5879 144.8631 96.3112 57.8643 161.8404 122.7849 104.2808 54.4547 44.8495 37.0710 28.1004 61.5424 48.2950 7.7673 142.5492 105.4713 53.2107 112.4283 35.8428 181.7025 52.9781 172.3413 18.5759 147.9167 99.8993 98.7390 64.9837 89.2768 74.3920 98.1034 191.4694 126.2621 189.5426 112.4614 97.8129 106.0569 138.4577 186.1738 49.1022 21.1177 145.0204 140.6541 93.4840 170.6273 172.4144 170.7875 199.9338 72.7458 98.3965 114.9771 100.6291 64.9610 84.1913 46.2333
114.2656 142.4861 101.5239 57.1222 18.7310 17.9370 118.4977 20.0099 140.6852 111.7782 75.8437 121.2906 141.5004 199.1957 179.7635 178.1635 183.0324 99.8475 0.0000 69.7865 262.7057 192.1529 96.7510 70.6407 109.3291 16.1021 175.3928 147.7456 165.6914 110.5173 177.4972 83.9385 8.6466 54.7456 109.1541 75.7910 136.1826 20.1017 12.3317 129.8728 207.5938 246.2988 103.9894 36.1975 69.3096 120.1377 179.4844 150.0544 92.8498 149.0869 167.8634 55.7604 157.5712 81.5660 25.2613 86.4020 141.4251 12.6416 146.3186 47.3588 105.5220 155.8607 94.3351 49.8378 147.0995 215.6427 194.7304 67.7016 119.7964 169.4312 63.4676 42.0645 166.9175 108.7675 128.7808 165.4908 115.8277 84.6210 144.6360 64.1982 137.8134 182.5269 190.0466 48.3484 150.4214 187.7594 89.7848 33.0899 44.5993 143.5301
77.1450 78.4613 141.6136 112.2803 104.9944 146.2328 88.4265 132.2058 132.4697 146.3051 51.8664 50.3787 134.5333 181.2786 116.9954 143.3601 32.7166 115.3235 69.7865 0.0000 194.6283 66.4688 132.8694 113.1976 169.3408 209.6495 40.0123 197.0794 116.2510 231.2275 111.0761 83.1752 118.1936 165.2163 84.0021 29.0807 228.6150 51.9430 122.6665 237.4916 261.0450 28.6378 125.9282 49.2093 119.1195 125.2644 127.3429 144.2231 170.2901 127.9405 122.6919 40.5792 33.0001 93.6816 51.1930 117.0280 202.8172 177.8200 189.9693 100.6460 29.7527 142.5197 159.4339 64.3202 195.9189 149.2794 139.0120 28.4621 60.6570 66.8534 89.3601 161.3959 133.9046 113.1367 100.6623 107.2720 190.5017 172.2108 186.8217 9.9760 139.7691 190.8931 67.1928 69.9332 141.1026 35.9550 45.8981 25.6652 100.3323 90.2145
179.6122 215.0324 20.9276 22.0858 126.5952 122.9650 139.5002 82.2552 17.7265 77.2960 87.2649 59.9062 96.2902 68.8651 63.1182 113.1805 94.4685 81.1272 262.7057 194.6283 0.0000 65.0264 34.4952 184.5972 34.3805 72.7212 131.3939 229.5789 110.2918 91.0436 205.4409 104.8068 136.3601 116.6191 109.1258 96.5020 139.5576 133.6872 133.1759 186.5541 51.1555 106.3245 52.5195 117.4185 142.4464 110.0466 19.8283 126.3586 109.8049 140.6612 42.9606 149.0066 94.2362 95.8994 169.6432 169.4400 211.0038 149.3519 49.5386 86.9966 102.8541 157.7517 110.2824 139.7897 153.8370 159.5782 92.9862 47.3563 15.8216 129.6739 8.5159 93.6412 117.9778 39.3020 147.0082 194.7938 147.9536 103.1917 89.7432 88.2192 73.4451 97.4580 55.5305 164.2710 272.6305 45.8863 118.2415 98.5806 46.1521 1.9649
207.1810 22.6797 175.1943 165.1253 132.9543 113.8600 103.9273 15.8756 179.0544 39.0696 160.1598 47.0908 91.5989 83.7668 230.8712 15.5500 153.9359 83.9657 192.1529 66.4688 65.0264 0.0000 105.3692 116.4389 208.8805 108.0376 104.3843 67.2290 44.8477 77.7168 182.8406 196.3608 138.1454 125.9706 79.1072 154.2113 89.7128 144.3992 34.4887 265.2301 42.7879 166.5248 82.3999 52.2970 120.2271 108.4290 97.0840 95.1249 8.7440 134.6760 52.9517 240.7972 122.4400 22.0509 198.3487 157.8241 9.1685 81.3108 68.4551 106.7999 153.4285 126.0548 50.6687 264.5679 82.8745 75.1939 125.3775 195.7715 128.1227 91.0826 184.6246 28.9909 27.8224 91.7080 118.9793 100.8999 165.3420 118.2385 70.0373 93.8556 76.7773 122.1450 82.5887 104.0541 142.6182 164.5347 146.7104 2.9030 141.0341 172.9829
155.0264 99.0408 10.8967 76.2613 3.7252 158.6983 175.6076 192.6645 83.1446 168.4180 12.8812 144.3037 70.4959 127.4331 227.2334 47.6608 42.7309 134.1682 96.7510 132.8694 34.4952 105.3692 0.0000 141.3703 22.7806 61.3166 122.9502 96.3922 245.6390 65.6398 62.1546 123.0048 182.5495 83.6114 103.7275 57.0451 113.2331 43.6021 107.0545 74.3406 179.4303 111.1557 59.1831 200.5397 149.0806 43.1382 195.5677 53.1187 75.3570 130.0272 115.5399 62.5375 125.0314 118.8092 182.4140 90.5527 51.1029 137.3776 30.5476 130.3144 59.4669 103.7589 50.8026 250.6445 95.7318 197.3505 86.4904 93.0531 164.2698 105.1007 130.7988 121.2979 4.9534 146.1515 128.8651 185.4623 102.3616 44.5006 118.8233 129.3313 123.7288 150.9773 146.1493 60.4700 153.9703 170.7214 134.4056 28.4433 152.5784 143.7047
192.9409 95.6339 199.5629 165.7003 106.2951 109.6381 52.2859 64.9462 28.0634 33.8044 190.1948 76.2774 115.9864 135.4721 209.3050 147.0371 229.7597 110.9934 70.6407 113.1976 184.5972 116.4389 141.3703 0.0000 117.7113 92.0134 112.5510 101.0992 97.9260 130.7139 102.4026 49.8525 97.8281 166.9853 156.9420 184.9350 104.7727 155.8434 133.5853 236.5697 147.9760 70.4223 110.8668 175.1081 148.7263 108.8227 106.5260 88.4750 117.4378 96.5427 118.0724 56.7802 143.3327 90.2552 101.2238 84.4226 53.7082 5.4016 109.8752 116.2898 11.3527 29.7452 180.7362 93.0089 113.6832 125.3223 112.6869 191.5235 166.8785 113.4886 61.3790 157.5029 74.9673 52.3275 35.2791 213.0310 59.4668 60.5569 31.6751 156.8262 95.1902 91.0589 40.0510 217.7835 211.3803 58.8436 163.0165 1.5378 103.9360 151.8027
6.1570 49.9103 37.1806 45.6175 48.9797 129.1223 114.9754 38.3573 114.6175 51.1707 92.4749 129.3894 175.0576 39.7619 160.9025 79.4061 48.0851 114.7430 109.3291 169.3408 34.3805 208.8805 22.7806 117.7113 0.0000 93.9503 200.5246 182.4798 34.6613 39.5885 125.8362 54.2928 75.0118 185.1871 14.7309 38.7540 89.1349 49.8383 220.4282 115.0492 137.3515 46.9178 80.1109 8.9659 86.4309 29.3216 255.1218 96.8664 118.3458 6.3857 194.6709 168.8902 56.3297 114.8877 106.3880 110.7506 39.6387 85.3077 308.2301 106.5953 66.4021 152.8758 136.6394 68.0232 89.5850 147.2033 84.7441 73.9502 124.0241 29.0911 142.1959 167.6305 107.9429 77.1655 120.6152 124.8396 20.3971 107.9387 85.0729 243.9375 122.9152 20.8323 114.2767 112.2565 22.3969 190.8694 147.5163 62.6222 53.1244 64.9072
80.0391 116.3259 152.0492 33.8700 26.8555 35.5492 86.8438 41.5501 91.1681 97.5635 86.6326 60.2338 55.6233 81.2531 102.3446 17.9939 160.7299 128.0857 16.1021 209.6495 72.7212 108.0376 61.3166 92.0134 93.9503 0.0000 167.8704 150.0995 24.2184 80.8190 79.3462 104.3844 36.9925 60.7243 105.2572 71.7937 29.8942 153.6715 71.3827 119.0782 242.6315 95.8518 55.8934 302.0363 49.3667 24.3469 128.1360 180.7362 94.8480 110.1339 101.9868 127.8780 49.4593 121.0156 134.3182 2.0858 122.9601 45.9421 83.7256 122.4484 173.4055 96.2823 215.2291 188.4764 40.6388 103.6160 132.0763 132.0285 149.0743 113.0392 137.2484 183.6371 71.6580 159.7099 120.7170 179.3594 78.5368 60.1908 56.7974 143.6119 90.0645 76.9381 64.8156 1.1207 52.6989 178.4426 102.2957 99.3237 145.1208 176.5588
161.6931 79.6956 80.9348 44.2464 132.3026 40.7303 142.9188 141.6459 173.2473 105.5177 55.8324 79.5078 186.8902 239.1551 86.2167 34.2511 160.4542 147.1130 175.3928 40.0123 131.3939 104.3843 122.9502 112.5510 200.5246 167.8704 0.0000 123.2186 74.3372 17.1384 76.4497 5.8024 201.1682 84.8138 70.0012 21.7889 26.7515 132.9298 52.5231 178.9490 143.2660 52.9803 197.4967 100.4210 67.6201 206.6898 68.7806 62.8032 77.8225 195.1500 99.4838 98.3359 65.9888 127.3616 128.3152 123.2565 79.2993 71.8906 144.3013 18.0156 192.3053 74.8833 103.1424 91.4911 169.5336 102.0603 196.3621 99.1859 92.9743 104.5247 18.0491 137.4195 73.2224 50.8321 110.1297 150.6968 130.6559 173.2539 41.1265 92.8437 134.6067 144.5103 137.9719 136.8675 123.7235 147.3074 51.3501 106.6569 23.0865 4.1497
164.1825 164.5304 106.0415 80.1844 74.4814 97.2802 129.0145 148.2863 44.7645 159.3512 135.0953 94.4676 178.0143 65.9107 33.5882 186.8271 190.5057 51.4840 147.7456 197.0794 229.5789 67.2290 96.3922 101.0992 182.4798 150.0995 123.2186 0.0000 152.5711 26.4916 50.5359 233.3004 190.7980 210.1400 152.8085 37.0318 82.1233 101.4454 115.3496 188.0131 79.4432 34.0806 27.4486 70.2263 92.5600 86.1325 60.1957 47.4563 69.4821 6.5998 78.8604 84.4098 97.3789 187.4299 153.4270 137.6488 41.8061 66.1421 49.3637 152.8004 134.4003 146.9005 138.9655 80.3922 59.4063 65.4587 225.0393 100.6256 99.3532 121.1074 97.7826 16.8189 126.3339 104.2611 129.7895 98.8177 142.3303 100.8413 182.1320 54.6389 52.0779 54.3880 100.2055 89.7145 65.5078 127.0297 89.7102 128.7351 10.4840 83.4818
70.8167 87.2462 129.5306 124.7655 151.4378 152.1413 41.9016 131.5079 92.4978 105.5187 213.7197 74.6666 67.0522 159.8675 136.1333 103.4906 88.7738 169.4881 165.6914 116.2510 110.2918 44.8477 245.6390 97.9260 34.6613 24.2184 74.3372 152.5711 0.0000 91.8356 148.9357 140.2342 95.6094 93.1683 114.2546 189.8436 47.3691 108.9048 107.4664 91.5910 104.4494 58.2864 22.4323 168.4803 43.7757 115.0663 12.0719 113.4186 56.2120 97.4442 75.7987 206.1543 6.0100 83.9064 91.4895 43.7850 177.0535 145.0071 101.2296 81.2142 38.0828 99.6495 147.5984 109.7563 39.4435 204.6585 0.4773 104.0292 17.4631 137.7882 58.3381 148.9211 98.7246 11.3166 27.6685 173.3641 121.5271 159.8192 147.0215 132.0660 202.7487 154.1740 54.2237 43.7631 233.9323 125.0998 84.8685 37.8636 61.8371 72.5901
140.9712 43.0080 7.0693 126.5558 19.2822 61.9514 129.9818 115.9393 187.8583 137.4561 44.5087 97.8320 184.4527 14.3037 189.1142 170.7824 89.5435 125.9676 110.5173 231.2275 91.0436 77.7168 65.6398 130.7139 39.5885 80.8190 17.1384 26.4916 91.8356 0.0000 56.0621 51.9442 170.1110 26.4853 11.9117 140.1733 152.0364 183.7795 164.5178 59.5290 157.7034 94.5333 158.1759 154.1349 160.3525 86.0659 10.0160 35.4024 34.2778 116.2949 127.7769 88.4366 71.6349 194.7814 44.2701 57.9388 37.3717 100.3842 139.9533 170.6987 232.2792 134.0628 167.9915 48.3427 118.9223 95.6431 64.9553 49.2463 46.0758 131.5947 139.7691 178.5884 52.9234 45.3979 63.3766 220.8284 162.0881 146.1752 33.1993 62.9039 76.4635 122.5325 70.6705 9.0762 106.3429 118.9448 128.8561 125.9105 72.4651 70.2091
110.5757 122.7588 53.1243 224.8849 75.3370 50.4517 87.5747 170.3134 128.2432 146.7397 33.1954 97.7747 48.8997 18.0785 61.2904 187.6268 149.3063 99.1713 177.4972 111.0761 205.4409 182.8406 62.1546 102.4026 125.8362 79.3462 76.4497 50.5359 148.9357 56.0621 0.0000 127.6082 43.2609 75.1761 66.8228 53.3112 210.0679 189.8048 99.9542 39.8235 202.8319 155.5535 173.8297 71.3356 211.6178 133.0548 158.1157 63.5686 15.4760 125.9238 176.3749 139.1149 245.6143 68.6551 202.7622 176.7882 97.1114 48.5853 49.7213 237.9711 54.4562 49.0664 18.8628 99.7050 155.9148 35.5523 107.7829 163.2075 77.6538 78.1068 141.6171 80.0033 219.4175 100.9007 105.5805 39.8489 51.2694 98.3447 70.1148 134.1974 100.9022 131.0278 103.3593 133.0740 194.9022 39.0800 56.0258 39.3498 90.6588 182.2291
240.2901 123.9278 129.9499 80.4829 141.5184 57.0000 60.6104 159.6352 141.6047 150.2346 208.2727 25.1008 205.7771 49.7236 202.6905 130.0096 106.7177 242.8721 83.9385 83.1752 104.8068 196.3608 123.0048 49.8525 54.2928 104.3844 5.8024 233.3004 140.2342 51.9442 127.6082 0.0000 175.7081 92.5005 67.4056 78.5740 132.4511 113.4784 51.0795 108.0752 118.5039 25.0585 68.2149 136.1689 197.7337 157.0496 106.1090 106.3212 69.0016 19.3310 9.6966 104.7205 209.5274 20.4289 51.8279 162.4507 77.2186 133.8372 155.7226 42.3274 4.5125 25.3926 108.8826 19.3354 124.1752 60.5578 168.6364 76.1771 182.1809 109.8457 100.0088 129.7752 120.2887 25.9537 116.8409 69.0106 187.9362 147.6563 52.9393 52.7129 184.0228 130.8986 84.4832 74.6757 45.2063 128.1835 111.0518 75.6220 131.0366 49.6364
22.3359 99.4384 138.5788 160.2901 67.9424 85.1318 233.9412 48.4991 57.7972 159.0441 108.8681 127.1562 103.9544 70.9150 112.3824 165.1660 40.6160 132.0675 8.6466 118.1936 136.3601 138.1454 182.5495 97.8281 75.0118 36.9925 201.1682 190.7980 95.6094 170.1110 43.2609 175.7081 0.0000 75.4852 90.1167 76.6354 19.6188 107.7961 88.7466 130.4446 120.5927 74.9311 105.1302 25.5464 138.7172 163.0087 77.2795 133.9040 64.6392 16.0225 162.0812 104.6143 98.5018 118.6015 133.6453 91.0960 67.7835 58.5111 103.3642 224.9586 57.4445 167.9671 74.4329 102.6959 148.9344 145.5116 113.4386 72.1580 105.1352 65.4173 131.1607 88.2383 93.3615 27.8134 122.1948 68.3631 116.4141 38.6891 195.4522 107.2430 119.7956 106.1849 87.8044 201.4804 109.1516 156.2972 89.0732 127.4302 44.5758 153.7914
201.9106 125.5914 114.1426 118.3736 187.9115 217.0061 162.1752 86.6240 233.7884 70.1034 120.0411 79.1180 148.8087 147.8277 126.1316 148.6273 17.3633 280.8862 54.7456 165.2163 116.6191 125.9706 83.6114 166.9853 185.1871 60.7243 84.8138 210.1400 93.1683 26.4853 75.1761 92.5005 75.4852 0.0000 90.7945 167.6788 76.5061 167.2942 84.7817 70.2968 141.5232 88.6171 107.7487 118.1064 108.8887 134.4973 138.7676 127.4611 90.9544 85.6677 85.2737 81.1335 49.9709 153.1643 16.1379 80.5437 63.5884 82.8042 188.8178 21.2050 51.1626 64.0786 1.3286 74.9832 144.3124 119.5160 106.9289 115.9972 147.8426 19.2140 115.3203 159.0562 134.1753 85.5887 128.9890 108.7190 204.5283 90.5488 28.3455 124.3155 48.1824 22.6905 12.4177 52.3563 95.6165 91.8742 107.1096 119.8848 151.9426 41.6635
7.6924 213.1552 40.6165 60.5555 169.2447 14.5694 89.1746 167.9919 77.3076 221.9143 82.9054 33.1655 85.5708 49.7717 39.2515 75.6469 42.2256 42.7240 109.1541 84.0021 109.1258 79.1072 103.7275 156.9420 14.7309 105.2572 70.0012 152.8085 114.2546 11.9117 66.8228 67.4056 90.1167 90.7945 0.0000 103.0445 54.2672 117.9880 124.4263 185.2220 125.2909 162.0112 20.8837 92.6830 90.2454 36.3273 58.7679 56.8971 142.0778 105.1898 129.0054 149.1965 3.5821 173.0931 63.5323 107.4929 102.8564 107.4971 191.8322 79.0251 181.5878 248.9116 64.0550 99.2804 113.0678 138.2399 35.1278 110.8511 51.6492 173.5033 54.4223 89.0281 21.6446 128.7057 88.0924 145.7174 50.9748 90.7380 103.6247 244.5607 129.1778 210.9910 47.9029 114.2345 44.8526 89.0564 136.7307 74.0325 60.7432 107.2325
33.3145 103.9352 138.2253 86.7082 56.3068 32.8304 51.2527 143.2405 129.5079 265.9458 81.6748 55.5069 108.9462 257.4412 113.9379 250.9198 57.9747 142.9087 75.7910 29.0807 96.5020 154.2113 57.0451 184.9350 38.7540 71.7937 21.7889 37.0318 189.8436 140.1733 53.3112 78.5740 76.6354 167.6788 103.0445 0.0000 113.8806 107.3727 78.6334 81.1115 107.1567 186.9256 156.0301 67.0690 213.4851 165.9876 122.0315 93.8251 118.8519 71.7359 126.9141 122.6380 48.3797 237.4303 165.1832 126.8631 209.3648 127.7616 47.2366 62.0687 6.7732 209.4353 151.8605 61.0994 159.7475 83.8278 165.6089 188.3197 42.9841 63.2498 212.5573 70.7426 102.2583 147.8508 183.8413 103.1276 68.9699 87.6775 110.7665 175.2346 112.6591 72.0376 43.3528 35.4968 31.3444 58.0741 196.3748 161.7307 21.6484 89.1685
6.4634 145.0987 1.0738 50.7538 68.5537 38.3032 111.8747 37.8854 74.2571 11.6821 69.2693 117.5295 89.9023 239.2658 194.9788 75.0934 13.4568 74.5879 136.1826 228.6150 139.5576 89.7128 113.2331 104.7727 89.1349 29.8942 26.7515 82.1233 47.3691 152.0364 210.0679 132.4511 19.6188 76.5061 54.2672 113.8806 0.0000 71.4715 128.0815 67.6709 101.9708 110.1943 106.2809 74.0662 160.7617 120.0631 111.2618 49.1408 82.5322 109.1854 84.8196 8.7217 96.5256 53.2702 63.3761 92.4557 112.5895 44.4155 63.7794 30.8231 174.8908 88.5662 130.7186 188.9373 166.8421 226.0088 64.3594 103.5991 105.2884 74.7650 155.1525 100.8940 201.3490 80.9483 194.7521 138.4902 101.0385 46.3433 112.2293 138.7813 190.8933 99.8162 71.4726 133.3559 164.9400 99.9825 116.0185 60.4867 101.4804 4.2801
199.8209 52.0171 78.1532 215.0531 153.7431 127.8332 135.6329 189.2929 95.5395 40.7158 42.6543 125.8028 61.3825 58.6369 185.1990 85.4196 83.7861 144.8631 20.1017 51.9430 133.6872 144.3992 43.6021 155.8434 49.8383 153.6715 132.9298 101.4454 108.9048 183.7795 189.8048 113.4784 107.7961 167.2942 117.9880 107.3727 71.4715 0.0000 112.6932 50.7367 135.5011 116.3665 147.5625 95.9164 161.7466 147.6537 193.0822 41.7542 125.7932 91.3157 54.4861 99.3211 67.4268 128.1012 225.8674 46.6046 72.8699 17.8427 76.5324 55.9970 117.4385 44.8066 132.1913 79.2878 108.1829 29.5679 106.1543 200.3807 123.3975 82.7077 17.4808 98.3771 112.5218 38.1954 79.0906 100.0395 124.8446 116.1348 181.0726 132.1590 100.7377 74.7093 164.2334 161.0657 9.4041 148.5108 35.8625 131.9492 158.7169 109.8083
89.3136 127.2935 128.4524 176.9962 134.9908 89.8001 34.8786 83.0367 117.1637 100.6025 134.4018 163.2633 84.3934 178.9462 138.5944 72.8056 155.6153 96.3112 12.3317 122.6665 133.1759 34.4887 107.0545 133.5853 220.4282 71.3827 52.5231 115.3496 107.4664 164.5178 99.9542 51.0795 88.7466 84.7817 124.4263 78.6334 128.0815 112.6932 0.0000 63.7968 157.4551 175.6533 78.8120 159.5457 66.1521 138.9628 83.6108 180.8283 200.6888 142.3073 27.5208 171.2897 70.9712 96.2221 137.2616 84.6857 98.6812 129.3377 51.9136 98.8726 47.2731 186.2787 160.8038 98.7774 98.4654 73.4971 112.6753 99.3847 15.0256 97.2317 107.8952 56.6568 166.3221 5.4205 111.6111 119.6908 169.0174 100.6324 135.1429 63.9905 205.1242 27.8859 41.3088 131.8297 131.0031 98.2094 129.1689 96.8355 159.9569 65.6047
112.5792 126.6429 136.1637 164.0265 33.5547 145.8742 112.6891 68.9038 100.9292 135.6609 152.2389 57.5204 152.2886 108.6843 138.5651 65.5061 180.7752 57.8643 129.8728 237.4916 186.5541 265.2301 74.3406 236.5697 115.0492 119.0782 178.9490 188.0131 91.5910 59.5290 39.8235 108.0752 130.4446 70.2968 185.2220 81.1115 67.6709 50.7367 63.7968 0.0000 128.8363 131.7527 107.1214 161.1967 69.4785 164.9228 218.8606 170.0296 144.8364 67.6877 80.0270 153.0565 148.0128 34.9835 155.1312 12.9743 117.8501 67.2995 126.9196 126.2396 65.2132 139.2265 127.5145 102.0245 101.8002 118.9362 127.3908 67.6394 51.2272 125.7440 39.8238 61.5034 134.3380 147.6566 117.6221 236.1449 129.4994 172.0582 121.9937 72.3523 243.1081 103.9701 49.3661 118.8173 161.1422 19.6203 110.3696 134.0711 107.5823 63.4369
53.2569 158.0428 29.4870 57.4048 62.8998 112.0840 220.2272 88.3422 19.6127 128.6023 137.8253 101.5295 48.4070 54.6097 159.9160 128.2676 155.6504 161.8404 207.5938 261.0450 51.1555 42.7879 179.4303 147.9760 137.3515 242.6315 143.2660 79.4432 104.4494 157.7034 202.8319 118.5039 120.5927 141.5232 125.2909 107.1567 101.9708 135.5011 157.4551 128.8363 0.0000 18.6783 102.7784 152.6539 88.3459 119.7294 159.7081 248.2083 66.8757 108.1792 87.0468 93.4131 143.1482 93.7602 115.7372 19.7925 124.9060 44.4228 185.2894 71.2040 125.9808 88.7395 71.1312 16.1381 30.6028 42.7027 128.2389 106.0225 205.4479 53.5959 134.1370 114.5213 136.6957 117.1938 116.5668 127.9449 69.4986 212.6642 116.5110 112.1883 120.8877 98.3620 51.4479 61.5820 34.8441 113.8795 97.0068 1.1405 101.7381 199.0966
91.3147 127.7494 144.4006 128.7945 228.0375 83.5959 65.7610 128.3922 214.8299 117.0390 79.0562 163.4583 127.1584 14.0685 35.7053 45.7181 40.0374 122.7849 246.2988 28.6378 106.3245 166.5248 111.1557 70.4223 46.9178 95.8518 52.9803 34.0806 58.2864 94.5333 155.5535 25.0585 74.9311 88.6171 162.0112 186.9256 110.1943 116.3665 175.6533 131.7527 18.6783 0.0000 68.6247 89.6755 28.3461 139.7209 77.3811 199.0776 60.4943 177.5103 12.2472 233.2642 171.3699 98.4983 116.7143 113.6846 108.8753 47.4546 93.8205 119.7522 122.8149 107.9754 160.8085 147.4001 65.7256 66.4813 221.8942 32.2052 99.8627 165.8197 170.2479 149.7439 140.8340 49.3505 66.0698 44.2103 71.9288 58.8788 100.8603 161.8879 104.3728 65.8581 77.7522 66.3025 187.7009 95.0355 199.5178 146.5772 91.7486 122.3818
123.6240 117.8199 185.1838 141.7814 163.4864 20.5919 143.5073 147.1774 59.8536 83.6312 160.7617 61.0008 99.7309 54.4541 141.5068 46.0191 84.5231 104.2808 103.9894 125.9282 52.5195 82.3999 59.1831 110.8668 80.1109 55.8934 197.4967 27.4486 22.4323 158.1759 173.8297 68.2149 105.1302 107.7487 20.8837 156.0301 106.2809 147.5625 78.8120 107.1214 102.7784 68.6247 0.0000 50.8780 75.5048 134.9763 74.6610 66.0869 148.3820 155.3241 184.4034 155.7114 210.5352 108.1987 66.9808 167.7244 185.8168 27.6881 115.3869 53.4863 179.3361 138.2773 73.1298 191.3156 54.2513 116.3924 98.7241 145.4963 162.0737 165.2631 28.6933 212.6799 71.2244 66.9557 68.8417 158.0270 72.6798 78.2813 27.0483 65.8598 9.4624 241.7156 49.0013 36.4410 24.3350 118.9401 160.3431 155.2132 109.8191 38.7229
97.4693 77.4748 35.7521 125.0578 45.6185 151.4211 188.9217 169.4272 42.0656 66.7014 121.3263 123.9552 74.1284 66.5537 131.3757 105.2062 240.2755 54.4547 36.1975 49.2093 117.4185 52.2970 200.5397 175.1081 8.9659 302.0363 100.4210 70.2263 168.4803 154.1349 71.3356 136.1689 25.5464 118.1064 92.6830 67.0690 74.0662 95.9164 159.5457 161.1967 152.6539 89.6755 50.8780 0.0000 35.0808 23.2607 95.2895 89.8542 62.6922 140.0422 118.5335 146.0119 102.9238 89.5427 199.0305 99.3748 115.1266 163.8062 111.9208 108.8356 12.4417 152.4477 155.8143 166.2597 111.2464 54.1113 88.3513 126.0167 43.6565 121.3638 9.0178 160.1265 151.3485 47.4723 156.4536 69.9317 55.4433 98.7141 92.5337 112.7362 102.4571 162.6040 85.3863 110.1735 10.4237 137.7918 137.5383 153.4998 134.5913 127.2257
127.4937 115.9344 195.9102 113.7051 145.6939 133.1884 107.6917 40.7983 100.8859 52.6135 75.4018 62.4550 158.6402 117.0456 198.1536 117.1821 177.7678 44.8495 69.3096 119.1195 142.4464 120.2271 149.0806 148.7263 86.4309 49.3667 67.6201 92.5600 43.7757 160.3525 211.6178 197.7337 138.7172 108.8887 90.2454 213.4851 160.7617 161.7466 66.1521 69.4785 88.3459 28.3461 75.5048 35.0808 0.0000 72.3435 102.1896 42.4967 32.2676 85.8958 69.7452 85.4442 171.0675 130.8429 125.4780 218.6188 97.1183 240.6144 30.2190 135.5895 1.5436 156.1354 95.6647 59.7155 116.2551 79.8222 149.9098 60.9285 16.6014 113.2694 117.5438 37.4089 88.7778 187.8202 147.4123 72.8337 53.9570 167.3240 20.6744 161.2067 143.8335 89.5480 37.5998 75.1240 72.7300 200.9839 75.3281 82.3843 166.4646 150.0572
110.7647 26.8478 176.1876 100.8649 64.6201 211.3486 3.8482 149.9658 146.6113 100.5693 98.5748 153.5611 198.6291 150.4657 44.2701 147.2190 66.8555 37.0710 120.1377 125.2644 110.0466 108.4290 43.1382 108.8227 29.3216 24.3469 206.6898 86.1325 115.0663 86.0659 133.0548 157.0496 163.0087 134.4973 36.3273 165.9876 120.0631 147.6537 138.9628 164.9228 119.7294 139.7209 134.9763 23.2607 72.3435 0.0000 77.2042 130.3130 84.4172 154.0962 107.4367 50.7243 41.4331 88.2445 13.0239 58.1930 88.7300 108.9885 153.9948 101.3657 153.0146 89.7768 175.9709 169.4046 65.1163 162.4979 220.5399 125.1553 84.9776 71.9543 126.3282 62.1864 143.1356 41.4822 111.5858 31.5111 108.4387 58.3055 44.5830 120.7262 79.5948 203.4585 142.5194 123.4526 142.8836 59.9291 142.4212 74.7830 103.9274 86.9145
93.4250 156.9509 49.5089 49.8923 0.6534 127.4900 148.7975 180.9180 226.7821 81.3604 107.8278 51.6082 91.0417 133.4057 100.4592 46.0004 80.0130 28.1004 179.4844 127.3429 19.8283 97.0840 195.5677 106.5260 255.1218 128.1360 68.7806 60.1957 12.0719 10.0160 158.1157 106.1090 77.2795 138.7676 58.7679 122.0315 111.2618 193.0822 83.6108 218.8606 159.7081 77.3811 74.6610 95.2895 102.1896 77.2042 0.0000 174.4463 232.5787 26.5599 162.4051 103.0316 108.7125 42.0324 177.7118 132.6587 134.0141 43.1647 128.2766 74.5123 91.0223 52.2372 179.3291 101.1752 79.0745 64.4128 112.3854 15.6489 152.1656 109.8811 99.9801 158.0407 143.5975 90.5132 48.6288 66.3519 64.9037 174.3638 86.1455 76.3604 59.7255 59.5120 114.2981 207.2739 127.7084 17.5810 102.5138 182.2109 14.9040 180.0304
210.0550 3.9204 78.8829 133.3380 186.2048 63.3142 60.2055 8.7438 133.1613 58.2236 112.7777 113.4138 93.2019 175.0254 32.3150 40.6385 157.0078 61.5424 150.0544 144.2231 126.3586 95.1249 53.1187 88.4750 96.8664 180.7362 62.8032 47.4563 113.4186 35.4024 63.5686 106.3212 133.9040 127.4611 56.8971 93.8251 49.1408 41.7542 180.8283 170.0296 248.2083 199.0776 66.0869 89.8542 42.4967 130.3130 174.4463 0.0000 105.3104 157.6015 151.9092 154.2324 129.4223 70.8267 154.9519 98.8349 159.4981 76.3414 232.6598 138.4899 26.8548 62.2443 84.8253 159.4384 171.5346 79.6361 199.9707 223.1358 179.6958 195.1621 48.3816 200.4280 72.0780 173.3116 104.5619 78.9061 141.6449 72.1737 166.3182 97.4850 166.1353 69.7855 96.9891 74.5262 60.0496 81.8553 85.2636 212.2399 122.5983 82.5881
116.8224 183.2717 196.2953 106.2746 201.0907 47.7219 236.7576 125.8423 166.2255 117.1084 36.2680 56.3373 201.0488 64.9304 12.8345 39.7472 57.4494 48.2950 92.8498 170.2901 109.8049 8.7440 75.3570 117.4378 118.3458 94.8480 77.8225 69.4821 56.2120 34.2778 15.4760 69.0016 64.6392 90.9544 142.0778 118.8519 82.5322 125.7932 200.6888 144.8364 66.8757 60.4943 148.3820 62.6922 32.2676 84.4172 232.5787 105.3104 0.0000 202.0118 74.6413 28.4179 72.0847 100.4994 72.0701 70.4000 77.1422 99.1049 163.4777 199.2368 205.0856 211.3291 28.8078 9.7735 76.8820 133.3131 24.8858 70.1795 106.4118 70.8207 57.3483 130.3393 94.6180 65.1307 193.1992 31.3882 63.6401 66.6704 217.6443 146.5636 53.5456 105.0209 12.2820 135.6399 174.8439 82.9780 91.7720 145.7194 55.5852 109.9417
89.8360 87.4564 155.7510 183.4014 195.1698 195.2048 56.1510 229.4701 30.0635 111.5662 106.9029 83.3889 161.5850 112.0222 114.0606 127.8680 157.8648 7.7673 149.0869 127.9405 140.6612 134.6760 130.0272 96.5427 6.3857 110.1339 195.1500 6.5998 97.4442 116.2949 125.9238 19.3310 16.0225 85.6677 105.1898 71.7359 109.1854 91.3157 142.3073 67.6877 108.1792 177.5103 155.3241 140.0422 85.8958 154.0962 26.5599 157.6015 202.0118 0.0000 66.9098 48.2894 113.1747 98.4976 94.8151 134.2629 160.9119 3.7824 138.7854 183.3613 110.1115 137.3800 232.6401 4.8406 19.1561 78.8046 137.8132 123.7071 172.2098 88.5013 129.4924 66.7007 101.9009 102.3510 39.3219 166.1604 49.4648 146.0364 112.4845 173.1303 56.8089 81.0330 154.5518 147.0479 83.6532 64.3952 118.8864 160.1320 217.8708 152.3196
164.6043 194.0058 158.2828 159.5989 110.9414 56.0034 220.1701 154.2778 58.7833 116.4910 194.3024 6.4088 156.4749 188.6750 19.3552 33.9502 61.8051 142.5492 167.8634 122.6919 42.9606 52.9517 115.5399 118.0724 194.6709 101.9868 99.4838 78.8604 75.7987 127.7769 176.3749 9.6966 162.0812 85.2737 129.0054 126.9141 84.8196 54.4861 27.5208 80.0270 87.0468 12.2472 184.4034 118.5335 69.7452 107.4367 162.4051 151.9092 74.6413 66.9098 0.0000 79.2541 146.6639 164.7343 80.8648 213.3326 16.4704 82.8183 139.3286 96.2856 24.2639 68.8904 172.8954 121.8691 38.0221 58.6012 162.9289 203.9476 107.7034 221.1661 54.1856 170.3660 225.1016 50.9598 107.8445 51.3126 77.7886 96.3765 3.3075 159.2639 63.3726 135.7780 69.2837 66.4938 8.0463 121.7972 188.8323 36.9386 118.3735 243.9424
28.3286 138.1949 93.2884 120.5002 198.4286 108.4154 115.5424 206.9870 186.1040 177.0302 181.9401 91.6613 115.7174 69.5816 41.2595 118.3926 114.2681 105.4713 55.7604 40.5792 149.0066 240.7972 62.5375 56.7802 168.8902 127.8780 98.3359 84.4098 206.1543 88.4366 139.1149 104.7205 104.6143 81.1335 149.1965 122.6380 8.7217 99.3211 171.2897 153.0565 93.4131 233.2642 155.7114 146.0119 85.4442 50.7243 103.0316 154.2324 28.4179 48.2894 79.2541 0.0000 3.6821 83.0895 101.2573 115.7117 151.4017 127.5371 157.1503 132.9448 68.4537 67.2699 110.3269 196.2638 26.4437 68.3138 147.6184 152.8938 159.0234 95.4995 76.4498 151.3939 77.6827 58.0428 98.2548 109.5848 135.9388 188.2437 156.9352 166.5860 61.2862 51.9930 45.2199 128.3484 88.4559 220.8630 151.9289 163.2279 130.0822 49.5104
