90
0.0000 184.3533 116.4336 112.7936 56.5611 171.6092 104.4123 52.6816 9.2516 66.0632 103.4981 129.2217 98.3496 41.4222 147.5393 167.9116 60.5965 26.1264 111.5175 168.7733 67.7857 230.4943 158.9896 124.1004 74.5054 11.6941 86.2515 43.1400 30.8847 191.0711 207.6609 178.0152 180.1376 129.9531 71.7747 174.7801 66.4104 187.7083 119.8426 158.1787 97.5495 59.4168 200.2248 139.8740 103.2321 105.2536 34.0745 130.4914 74.1379 129.9765 33.8376 70.1113 121.7590 79.2783 77.1946 66.4462 57.5490 31.6125 116.3100 139.2638 101.8399 120.4942 102.7464 116.3258 68.0455 140.6633 177.5798 75.0554 208.0767 59.3106 196.5367 89.8351 47.7804 10.8001 40.9575 79.2622 106.7718 144.8997 38.5298 104.8391 119.9605 83.5072 33.1486 190.1376 134.0689 150.6235 99.2510 75.9842 127.3268 41.9900
184.3533 0.0000 11.4976 139.8021 66.0533 163.1797 138.8835 25.6552 89.4789 38.8363 89.9269 71.3965 129.5349 231.1820 136.9079 60.6631 122.6213 137.9229 131.4063 155.3324 31.6480 41.8183 187.5646 75.5656 153.1608 100.7004 151.6329 147.4247 73.6198 5.7126 178.1286 69.9204 62.8007 124.8501 173.6365 114.3671 103.6595 51.9426 145.2892 118.7840 101.0068 108.7362 175.6715 90.2810 172.5018 52.2081 110.5096 90.9110 100.4200 24.4619 60.1950 114.0248 148.8455 79.4351 105.7873 87.9743 103.8397 120.7476 247.8083 141.0748 212.7539 155.5862 73.4926 97.8235 48.4878 13.8630 93.8051 80.0329 106.1873 49.0632 105.4626 81.1381 39.1130 109.4326 226.5855 106.2029 160.0105 112.3776 203.0109 59.5568 131.2706 9.7037 1.5643 73.4796 109.3540 78.2238 96.3900 209.8775 19.5995 87.7182
116.4336 11.4976 0.0000 158.1326 59.4642 102.2942 146.4496 84.6618 124.1162 186.7671 157.0131 57.2678 17.3286 115.7155 133.3041 191.9771 122.3777 107.0029 86.1463 62.5868 107.6886 51.5457 48.9690 203.8153 143.0639 64.4570 166.1847 153.0617 27.5558 102.6344 145.9009 97.0253 62.7748 74.6367 131.7307 134.0846 100.6922 32.3582 192.3627 15.6186 120.8268 121.9749 78.9802 3.5144 9.3322 140.1313 98.8046 130.7387 109.6978 66.4874 56.0612 109.3429 164.4307 21.2449 56.2646 61.7255 94.8135 264.3460 163.3677 21.7358 119.9032 35.1065 116.4441 98.4937 152.5721 30.4671 146.0155 183.3713 12.2109 182.1270 61.0788 78.7712 139.2469 50.8850 213.2293 58.0240 29.2175 141.3327 124.2029 228.4602 174.5043 67.1636 85.4533 46.0248 74.0853 36.2254 126.0305 182.7744 129.9604 186.6491
112.7936 139.8021 158.1326 0.0000 127.4308 88.7837 26.2696 83.1713 67.6281 29.8924 116.7633 54.4088 89.9213 143.1438 71.6968 58.3080 100.1641 79.3723 78.8368 94.9270 199.5000 85.9917 125.7551 55.9962 29.1089 100.1794 11.6766 179.0957 164.6848 180.7988 121.7720 142.8562 23.3574 92.1840 157.4593 30.2082 87.5992 45.1527 138.2731 130.8637 78.3471 222.4958 39.9007 172.0332 146.2995 93.8584 46.1126 108.2574 24.2071 42.2075 74.5397 130.1948 113.5340 186.9444 39.8554 104.2249 117.1061 88.6685 166.3190 78.0998 112.6152 92.6822 99.4492 17.2603 68.4713 77.6051 69.6692 141.7726 61.0451 27.2262 167.0270 105.8052 104.6505 111.4805 106.2298 41.9047 110.5489 111.4596 66.8065 118.6516 71.3746 75.9763 170.2310 46.2869 56.7955 113.3934 5.9309 67.7739 129.4915 61.8502
56.5611 66.0533 59.4642 127.4308 0.0000 90.2257 97.6585 132.2516 182.8742 129.4708 9.5951 111.1938 129.7583 140.8571 146.4830 171.1910 127.3720 34.6401 199.5794 93.1735 141.6873 96.7054 98.1844 222.9613 144.4771 195.9247 168.6446 201.9424 82.6082 108.7062 99.3938 143.9111 127.8892 114.4446 84.4560 60.1030 120.9805 138.4552 101.0954 157.6868 128.6418 0.3711 226.4084 96.6665 203.5821 16.3130 165.1645 36.7691 131.8604 134.8911 151.8193 112.3177 137.7486 105.2424 114.8274 63.5057 140.0569 108.1852 120.2294 81.8663 147.4831 59.6369 120.2348 85.0834 190.1055 138.9993 62.6416 40.1315 225.0384 101.4351 73.5074 119.3135 119.1317 18.0741 1.5761 54.0376 243.4103 192.4228 17.7525 194.9305 217.2454 99.4394 101.8039 83.5807 245.5622 11.3807 123.3793 20.3602 117.6305 84.0102
171.6092 163.1797 102.2942 88.7837 90.2257 0.0000 32.7842 161.4785 27.1178 28.2355 207.8710 88.4938 89.7326 68.2629 97.9611 106.8190 87.6136 151.7462 211.6583 95.2828 127.7420 75.6998 87.6172 19.4183 138.3436 50.2617 125.9657 71.3820 7.5762 125.9811 165.4618 45.0091 64.3619 132.8617 217.6906 112.2392 196.2227 74.9584 66.5635 96.8490 89.2274 128.3985 95.9811 144.2501 89.1225 189.7501 19.1604 123.8749 91.2532 119.0990 117.7732 163.8245 199.3699 124.6897 107.3461 142.9454 153.9131 91.6815 129.1514 81.6906 104.3315 153.5161 133.4187 149.0645 17.1322 149.5191 44.1126 52.3436 148.6482 102.4830 197.2023 78.0184 81.0240 46.5136 134.6214 106.9603 117.1259 189.0230 9.1433 173.5320 103.4739 160.7901 68.1872 75.0594 154.6370 262.4715 9.7362 156.2580 169.1943 83.6763
104.4123 138.8835 146.4496 26.2696 97.6585 32.7842 0.0000 50.6417 186.7221 110.8880 212.1800 162.8182 72.7475 52.6390 96.6614 184.8337 69.5370 45.3685 88.2205 73.7546 6.8887 170.1931 44.1130 84.9797 13.8107 151.4643 67.3499 184.3192 51.0760 83.7471 212.8828 69.8249 115.6722 54.4987 41.8824 133.9119 67.7560 87.2421 29.3189 134.0888 73.3507 157.4915 246.0965 176.2737 42.8348 212.2162 105.2771 67.3525 72.7563 144.5369 69.4423 115.2873 92.5409 145.5112 117.9180 150.4399 61.8772 174.7451 156.1880 131.5400 18.5735 5.1090 1.7318 67.6080 110.5997 142.2867 193.5515 124.9492 203.8815 171.7762 167.1072 42.5756 100.9894 86.2706 186.2103 66.0610 91.1312 98.4303 92.3002 55.6952 39.9819 206.6100 7.4763 115.1114 154.2191 130.7757 113.7905 23.4173 32.6574 82.5176
52.6816 25.6552 84.6618 83.1713 132.2516 161.4785 50.6417 0.0000 49.5270 162.2441 144.2153 194.3208 99.3000 90.6493 85.9223 167.2845 78.1104 84.6718 51.6351 123.5970 163.4823 151.4005 48.9613 162.8890 6.0150 7.7613 31.4006 49.1904 46.3813 110.4303 165.2301 74.6490 127.4085 48.0187 51.6615 170.2265 64.3480 129.5443 21.1188 153.5965 122.2501 108.4270 119.1834 152.0545 179.7945 94.7601 36.0622 59.3457 48.8266 161.0218 44.0838 61.4027 65.0290 191.2302 124.6943 60.9538 73.8108 57.7562 140.2213 87.9308 117.6457 120.1367 74.0299 63.2924 85.6884 62.6188 93.6167 92.8689 113.1046 137.0363 79.1979 145.5228 112.3344 70.6254 25.9921 80.1585 58.7037 168.3847 44.8206 103.8213 117.9556 154.6694 145.7076 100.1804 70.2174 50.2681 45.6270 101.2091 163.6260 74.4744
9.2516 89.4789 124.1162 67.6281 182.8742 27.1178 186.7221 49.5270 0.0000 142.0555 24.2988 103.3607 75.3632 59.3750 127.1722 121.4022 43.8266 177.5862 135.1502 66.7665 250.6267 57.4513 7.1937 12.7473 156.6310 89.3033 28.4196 175.5849 89.2576 113.0927 144.1450 139.5560 141.7678 68.1619 6.2633 188.4389 91.3774 135.8263 71.6525 38.3538 28.2548 97.2605 127.7623 55.0043 91.3947 212.2066 135.2952 109.3127 49.4028 26.8402 51.8629 205.6823 115.8830 53.8825 117.1797 106.9900 108.1463 106.4128 63.9387 113.5631 109.0493 116.5583 149.3303 85.4621 140.8288 115.5124 54.0177 105.5389 67.2724 56.7232 43.5540 100.3676 65.1969 223.4479 212.0321 115.1558 129.4325 71.8845 287.5180 158.4854 185.4979 107.2792 84.0920 162.3613 126.8777 244.8646 183.3167 146.1592 69.9094 159.1321
66.0632 38.8363 186.7671 29.8924 129.4708 28.2355 110.8880 162.2441 142.0555 0.0000 255.8811 56.8068 52.9828 135.3523 117.0616 72.6098 101.4943 77.2179 157.3776 27.7965 25.4854 60.2933 129.9399 75.1506 188.4891 209.2813 161.1180 129.5796 101.2358 172.6093 171.5042 58.3074 122.0425 63.6224 30.3734 118.3430 154.7020 93.3531 102.3456 56.4888 101.1613 98.0435 130.1288 64.6669 72.6973 140.2401 168.7496 43.7484 56.9519 128.5019 86.1690 35.7582 96.0779 42.8435 11.8563 96.3366 102.4853 5.9944 209.8890 89.2199 133.1364 151.4274 67.4805 50.1666 69.5266 60.7419 115.5765 60.6374 10.5922 89.7196 88.1021 156.6995 176.7948 158.8564 172.6389 151.8316 203.5813 182.2452 42.8330 129.8970 76.7947 104.7762 91.7255 31.1563 137.6742 138.3063 17.1588 148.3466 145.1117 168.8825
103.4981 89.9269 157.0131 116.7633 9.5951 207.8710 212.1800 144.2153 24.2988 255.8811 0.0000 123.5998 29.5308 57.8897 62.6011 218.7187 56.8330 191.6369 73.9757 146.3863 99.4572 171.3509 172.3672 67.4187 171.6826 114.5098 77.6075 138.8969 160.8373 140.6935 91.3783 95.8627 88.2964 122.7420 77.5698 44.3715 38.9384 94.2447 80.6667 106.8725 79.9758 41.9886 95.1789 66.8265 36.3670 226.9660 174.2717 98.5807 138.9462 127.4553 66.9200 36.1811 117.4668 13.3284 3.0442 274.1637 111.7745 179.7458 118.1662 129.3941 105.6741 117.4836 192.4691 13.8247 25.8206 136.2964 58.0654 178.9196 166.2102 121.3529 71.7454 46.7354 114.2500 183.9642 108.6220 215.8542 33.2798 159.9234 159.7801 119.1310 40.6274 209.4336 106.5017 82.2013 50.5166 153.5207 0.2161 113.2618 73.0649 130.7824
129.2217 71.3965 57.2678 54.4088 111.1938 88.4938 162.8182 194.3208 103.3607 56.8068 123.5998 0.0000 14.1913 114.5419 190.8778 25.8711 97.3863 159.8073 133.9323 129.2885 50.1647 147.2395 134.2577 138.3447 174.0045 86.8240 11.7824 148.4353 120.9067 133.3432 132.7846 19.9985 31.5732 86.7732 136.7996 2.0386 97.5552 11.3056 56.2725 75.1684 142.6589 159.0071 143.1854 86.3089 181.6926 46.9070 172.4974 73.8271 159.9794 70.6486 114.4109 153.5668 157.3692 155.0268 146.9632 58.5096 62.0603 27.4442 41.1861 11.2090 120.3565 143.6817 33.5590 2.7659 156.7190 172.6994 98.6959 67.8992 143.0687 135.2830 191.1711 28.4061 63.2415 56.6301 68.8517 86.2905 56.5790 70.9836 20.7592 113.4043 89.6037 39.9143 72.9106 145.4860 38.5149 52.8350 129.2571 56.4055 88.4934 47.0879
98.3496 129.5349 17.3286 89.9213 129.7583 89.7326 72.7475 99.3000 75.3632 52.9828 29.5308 14.1913 0.0000 35.2132 158.6522 186.9214 125.7590 200.1246 63.9317 142.6720 151.5087 169.3405 96.2901 134.4249 86.7357 154.3319 10.3466 179.4158 197.1828 50.0227 51.3778 42.1328 144.1290 85.6097 9.7600 4.3784 79.3136 57.7891 122.9444 99.6122 51.8724 30.0661 103.7839 178.8435 61.7293 132.5310 90.1532 77.9855 65.4054 83.3499 100.6767 39.0065 64.5207 28.3406 95.2914 74.3227 48.9410 178.8652 175.0198 14.2398 79.2439 139.0029 93.3965 57.0010 134.8845 110.7192 117.1145 52.7872 76.7248 53.1828 58.2416 109.3265 108.2936 182.7925 189.5057 192.9481 84.9267 3.6340 51.3175 102.3600 165.5670 92.7520 79.7990 249.0668 172.8179 138.9434 168.2333 50.7182 3.6976 157.9920
41.4222 231.1820 115.7155 143.1438 140.8571 68.2629 52.6390 90.6493 59.3750 135.3523 57.8897 114.5419 35.2132 0.0000 103.2965 110.0206 47.6349 114.8699 139.5516 4.4981 25.3506 1.7061 109.3084 166.6690 19.2486 209.0343 66.6155 107.1196 131.1165 196.3498 145.6351 68.6689 175.7165 129.3171 259.6426 106.9980 142.6069 64.8005 86.5379 107.4234 143.6439 144.1816 93.6043 107.4721 140.1444 30.5577 41.6878 198.1440 148.8857 107.9786 24.0704 65.3879 183.3472 118.2738 163.7243 65.7402 105.1706 48.0819 63.4196 76.6088 27.4532 119.6224 111.8210 141.6695 108.0345 5.0003 156.9965 75.9281 76.1001 79.8090 274.7746 89.3264 134.0624 89.2422 94.8071 149.6577 44.6456 114.7578 122.6126 71.8769 161.6842 8.7917 192.5421 49.1194 167.0440 17.4050 81.9399 57.0377 40.2636 111.6691
147.5393 136.9079 133.3041 71.6968 146.4830 97.9611 96.6614 85.9223 127.1722 117.0616 62.6011 190.8778 158.6522 103.2965 0.0000 15.7398 175.6469 7.9778 56.6093 76.2402 93.2508 77.3409 166.9080 91.9130 147.6616 62.7309 61.4276 152.1287 125.5450 28.2775 16.9660 32.8062 67.1058 129.8388 190.5873 100.4873 103.0663 100.1344 201.1202 30.9973 5.7454 69.4032 89.0419 128.4281 100.2585 160.2069 117.7021 20.9792 38.7940 137.5480 93.7531 58.9986 175.7688 41.8005 160.7452 124.0138 120.1311 66.4241 120.0273 111.8229 58.8389 91.5215 146.7237 64.4540 184.9245 12.4410 154.8821 154.5773 76.6371 91.5114 133.8027 79.2970 26.2437 128.2282 152.2781 230.8203 75.3910 6.8225 67.8761 4.2091 49.4538 208.4921 110.1993 81.3163 44.4506 98.3355 209.8234 85.4800 54.7585 99.7301
167.9116 60.6631 191.9771 58.3080 171.1910 106.8190 184.8337 167.2845 121.4022 72.6098 218.7187 25.8711 186.9214 110.0206 15.7398 0.0000 68.8630 133.0609 108.1737 48.0200 104.9639 61.3809 136.1376 121.4659 154.9298 106.8598 47.1857 166.2595 82.1449 208.9926 130.8860 216.4442 125.9765 136.0601 248.3691 11.4039 208.6164 64.1552 40.6044 58.1712 60.9792 66.0234 122.6220 238.4922 156.0094 8.5670 157.8960 87.8439 184.9242 131.4647 56.2989 30.2210 77.9217 74.4256 165.0748 111.8648 166.3459 171.4733 176.2181 281.5748 40.6911 163.8144 65.8732 39.4951 138.2141 43.2480 138.5616 118.3094 88.9198 89.6290 85.2747 100.2889 133.2120 69.5711 158.4618 188.9748 103.1245 10.9023 21.4289 46.9013 205.2357 145.1170 103.7276 104.6556 99.9467 35.4020 121.8246 94.6114 149.9541 9.7235
60.5965 122.6213 122.3777 100.1641 127.3720 87.6136 69.5370 78.1104 43.8266 101.4943 56.8330 97.3863 125.7590 47.6349 175.6469 68.8630 0.0000 83.4846 95.9522 120.9925 141.8842 81.6597 81.9049 174.2230 107.6352 118.2775 5.0130 54.4724 142.2858 5.4400 27.7077 96.1446 93.9762 54.9515 81.7702 84.1716 41.0968 56.2258 137.0037 103.4497 109.4660 105.5121 27.5392 42.4646 159.8336 142.0540 33.1586 113.2635 242.5892 113.6126 148.5968 61.3963 95.5716 187.4647 101.6718 135.8876 120.1955 110.4043 91.6302 36.7937 134.3268 58.3709 12.7766 66.3055 7.4949 104.4846 153.9641 135.5554 126.7372 34.6348 196.4908 136.2081 42.8888 70.1411 81.5272 15.1397 118.8311 59.8550 156.1290 91.8936 81.5228 146.9368 104.1529 151.6868 54.2270 100.4581 86.0323 201.0948 26.7182 169.2809
26.1264 137.9229 107.0029 79.3723 34.6401 151.7462 45.3685 84.6718 177.5862 77.2179 191.6369 159.8073 200.1246 114.8699 7.9778 133.0609 83.4846 0.0000 84.1687 15.0594 82.6072 125.4162 85.6624 99.1815 101.0682 120.0962 181.8035 33.0425 174.4159 140.0028 154.0946 19.5222 81.2127 131.5939 136.1006 211.2143 110.8985 243.3144 18.2690 74.8826 76.3771 118.0073 33.3195 90.5073 29.2468 95.6199 166.1845 167.0953 158.7981 55.8531 70.0133 142.3602 130.1121 165.7661 41.7037 17.8973 108.5990 19.7368 64.7253 46.0282 79.1479 137.8352 67.0046 48.6424 112.4192 40.7940 94.1676 54.0393 160.2653 77.7211 159.3240 48.9786 90.4945 20.6569 13.8700 157.1169 168.2601 131.6279 80.4955 79.6216 96.4392 37.3114 17.9804 135.6693 72.6000 191.7852 26.4450 93.7101 115.2151 118.6547
111.5175 131.4063 86.1463 78.8368 199.5794 211.6583 88.2205 51.6351 135.1502 157.3776 73.9757 133.9323 63.9317 139.5516 56.6093 108.1737 95.9522 84.1687 0.0000 87.4266 220.8021 137.1476 181.3988 100.9442 159.0889 132.9358 125.8180 43.9246 4.7540 130.6668 57.8134 130.0813 99.6142 122.7179 77.7843 69.8705 107.7531 152.0953 138.8078 212.0441 24.8667 98.0205 35.1041 65.0949 78.1785 155.8665 91.4370 84.0597 101.1524 81.5917 103.7857 203.7465 104.6803 158.3798 63.9394 63.6894 119.8723 153.2312 137.0352 89.7350 125.6959 139.2403 81.4970 155.0868 105.1969 41.9419 110.7913 59.9468 56.6096 122.0569 88.0693 34.8476 80.4377 35.7769 146.2808 22.7578 102.3801 158.3195 168.4295 54.5459 107.7919 154.3975 119.1407 129.5077 88.9273 155.4945 84.0027 127.3752 62.4454 62.3575
168.7733 155.3324 62.5868 94.9270 93.1735 95.2828 73.7546 123.5970 66.7665 27.7965 146.3863 129.2885 142.6720 4.4981 76.2402 48.0200 120.9925 15.0594 87.4266 0.0000 143.6075 41.9819 25.6814 144.1958 181.7701 1.5450 115.4820 132.7402 107.6749 106.8036 131.9257 142.1642 149.4709 160.1664 188.3787 147.4579 194.8951 222.9969 48.6245 135.6557 87.9744 43.3015 104.7730 188.5316 75.3476 92.2989 207.7185 150.9964 156.5970 55.5807 57.0066 55.4448 180.3245 71.4954 100.0989 130.6305 83.6829 153.1635 196.7998 211.0738 142.9863 110.2078 18.7190 201.9480 19.4210 17.1880 152.5665 62.6973 38.6934 232.6459 124.4633 83.9349 157.0518 91.4651 10.1397 166.0379 155.2576 133.9911 114.1163 124.7796 22.6597 105.1020 137.4350 131.0846 166.8599 64.2215 145.9777 134.9232 95.3895 86.2612
67.7857 31.6480 107.6886 199.5000 141.6873 127.7420 6.8887 163.4823 250.6267 25.4854 99.4572 50.1647 151.5087 25.3506 93.2508 104.9639 141.8842 82.6072 220.8021 143.6075 0.0000 125.2043 137.4878 204.1757 9.7752 128.4612 85.0900 124.1166 118.8110 71.8947 49.8830 11.7380 117.8174 168.6686 23.5638 81.2174 166.0986 138.9429 148.2847 25.5336 72.1480 313.4277 167.9012 164.5948 133.6461 69.0033 32.9114 69.7169 177.8356 46.5894 183.1602 84.3230 89.2907 40.7953 87.7217 56.1588 127.2003 65.0015 33.8943 60.4752 48.0145 76.1460 41.2498 1.7619 134.5963 153.1701 104.2905 71.2602 134.1898 56.2543 166.9501 41.1164 121.5314 105.7536 94.7614 26.9899 95.3968 73.9187 125.4072 159.9620 118.6617 93.3866 107.0548 194.9577 19.7499 68.0250 96.6248 64.4037 130.3987 55.7886
230.4943 41.8183 51.5457 85.9917 96.7054 75.6998 170.1931 151.4005 57.4513 60.2933 171.3509 147.2395 169.3405 1.7061 77.3409 61.3809 81.6597 125.4162 137.1476 41.9819 125.2043 0.0000 157.5359 216.3556 54.0225 187.6098 48.7565 154.5483 54.6765 59.5506 26.0401 77.2535 102.2253 125.8164 131.1462 92.9209 176.0666 241.4106 201.2700 113.5549 78.1531 159.3975 118.0536 153.6581 210.6355 106.9658 62.8478 184.1515 161.0492 75.7629 112.9235 201.2321 111.1147 228.9637 117.1292 96.1232 78.0357 159.0191 105.8913 69.2744 34.0772 24.6368 150.6233 34.5472 226.7264 71.3971 50.1136 62.2153 121.5149 28.2747 128.5604 24.2166 39.3211 93.4743 30.4986 94.4039 128.4807 62.7125 25.6490 100.9903 166.0082 35.3706 147.1842 60.8027 30.9730 103.1553 137.5962 67.5826 117.8983 66.0518
158.9896 187.5646 48.9690 125.7551 98.1844 87.6172 44.1130 48.9613 7.1937 129.9399 172.3672 134.2577 96.2901 109.3084 166.9080 136.1376 81.9049 85.6624 181.3988 25.6814 137.4878 157.5359 0.0000 154.0527 75.6837 203.2705 44.8601 70.9353 163.4501 91.9259 72.6082 39.4004 108.8989 4.3452 202.2453 132.4547 50.6059 60.6015 28.2863 89.9655 209.7636 92.2540 196.0557 73.5499 71.9391 196.3216 95.3314 36.4912 114.6121 148.9097 37.6890 1.0595 38.7933 89.5295 54.8533 49.2179 90.8446 165.7976 144.8678 98.8557 16.4429 120.6372 49.1139 136.4092 159.5082 132.1366 14.3724 107.1900 77.4763 71.6699 179.9387 108.1677 232.6499 150.3356 67.7471 89.3097 102.2684 117.1068 238.3736 67.6449 125.5228 90.5197 32.0896 98.7773 96.2691 228.9577 32.8545 74.9941 84.1031 140.4950
124.1004 75.5656 203.8153 55.9962 222.9613 19.4183 84.9797 162.8890 12.7473 75.1506 67.4187 138.3447 134.4249 166.6690 91.9130 121.4659 174.2230 99.1815 100.9442 144.1958 204.1757 216.3556 154.0527 0.0000 42.0707 43.4641 102.6556 83.7663 105.2245 19.4368 156.6742 90.6838 40.8784 122.0127 81.1060 84.6813 174.3276 146.3262 46.9595 152.1012 177.7903 175.9700 145.9742 37.2250 92.2756 185.0581 156.8108 19.1243 159.2434 21.3679 23.7376 92.9189 125.4137 74.0265 110.9578 87.4442 115.5019 46.2221 113.2114 102.6758 135.7239 47.7410 115.5996 49.2568 163.6059 88.4072 125.7673 176.0557 83.9659 75.1640 183.4951 167.9513 154.1929 87.4707 197.1966 197.4330 70.0593 86.9794 41.3565 115.7330 60.3798 24.7553 68.1129 229.6959 57.4525 107.3002 58.3777 50.4588 173.6611 177.6409
74.5054 153.1608 143.0639 29.1089 144.4771 138.3436 13.8107 6.0150 156.6310 188.4891 171.6826 174.0045 86.7357 19.2486 147.6616 154.9298 107.6352 101.0682 159.0889 181.7701 9.7752 54.0225 75.6837 42.0707 0.0000 64.9556 109.3056 182.6800 24.3922 148.6320 85.0912 83.6519 108.8126 229.2433 73.9049 60.2044 50.9945 61.4990 120.0227 120.7766 117.7394 172.8791 69.3284 140.8796 63.8716 55.9234 36.8280 114.2734 139.1211 81.5633 57.4289 30.0921 214.6196 112.8127 53.8237 124.0276 156.8612 23.6803 127.3503 103.9439 108.8894 48.0052 125.1301 104.2618 39.2198 38.4499 128.5100 251.2126 160.9042 86.3869 51.9889 116.8991 137.1942 114.5282 124.1359 178.7390 107.1428 54.9808 31.5525 65.0559 73.9096 70.9834 110.9228 69.6401 204.4781 52.4448 84.9305 57.6276 166.1537 221.0842
11.6941 100.7004 64.4570 100.1794 195.9247 50.2617 151.4643 7.7613 89.3033 209.2813 114.5098 86.8240 154.3319 209.0343 62.7309 106.8598 118.2775 120.0962 132.9358 1.5450 128.4612 187.6098 203.2705 43.4641 64.9556 0.0000 56.6497 86.2650 104.8183 12.9158 117.1775 112.8054 96.5378 83.6380 27.5228 78.0015 163.9848 114.7718 55.9035 128.5446 132.3491 218.8899 143.5234 84.0956 24.3223 168.0779 44.3574 4.6561 206.1373 213.4178 144.8138 111.0782 119.0297 40.3397 28.7062 149.2316 187.9591 221.9363 66.2595 131.1231 69.1127 75.8104 64.2022 148.7643 53.8829 178.4888 34.7288 132.4111 124.6866 72.1413 29.7323 84.2359 97.9697 195.9049 74.6072 240.0604 88.2692 196.6160 25.5836 95.9512 168.2457 55.5581 59.3177 84.4159 74.6558 168.6641 82.8012 77.1109 36.1456 124.6796
86.2515 151.6329 166.1847 11.6766 168.6446 125.9657 67.3499 31.4006 28.4196 161.1180 77.6075 11.7824 10.3466 66.6155 61.4276 47.1857 5.0130 181.8035 125.8180 115.4820 85.0900 48.7565 44.8601 102.6556 109.3056 56.6497 0.0000 70.5640 51.5556 106.8210 88.8192 82.0284 174.1672 108.9031 64.0999 152.7566 90.7356 135.0901 38.3589 108.4122 87.0404 80.8835 109.5922 92.4505 102.4889 103.2962 80.1897 21.2733 210.9509 66.4828 108.4716 94.2005 100.9884 86.7902 114.4615 143.7168 151.5117 120.0464 99.0775 105.4750 43.0066 143.0118 152.7692 28.2407 51.5666 178.0777 28.2517 63.8734 32.4440 63.6718 79.5681 152.1093 70.1739 214.6847 123.6057 61.8457 50.3568 171.9280 151.9490 65.9684 152.5257 160.7255 119.3686 135.9815 51.3535 146.6232 164.1061 62.8228 152.0784 68.0332
43.1400 147.4247 153.0617 179.0957 201.9424 71.3820 184.3192 49.1904 175.5849 129.5796 138.8969 148.4353 179.4158 107.1196 152.1287 166.2595 54.4724 33.0425 43.9246 132.7402 124.1166 154.5483 70.9353 83.7663 182.6800 86.2650 70.5640 0.0000 197.9463 70.1220 30.8320 82.7040 121.0716 104.6808 21.2439 63.4890 184.0332 162.8698 103.1246 151.8353 93.2186 111.7878 134.3909 15.2641 121.3849 163.6034 216.4020 163.7733 49.4298 212.5555 57.4701 77.2145 102.1510 149.9341 70.7166 108.1785 27.5166 131.2192 71.8037 76.2838 105.9832 128.3098 174.2821 51.4220 51.8417 60.5648 109.3194 79.1926 137.1632 5.4823 149.6230 116.3086 91.4875 192.4990 78.2835 121.9550 129.6301 183.8740 106.1838 62.2267 72.9460 91.0731 15.1552 138.9515 68.4877 110.3858 42.5024 100.7949 129.8637 58.9092
30.8847 73.6198 27.5558 164.6848 82.6082 7.5762 51.0760 46.3813 89.2576 101.2358 160.8373 120.9067 197.1828 131.1165 125.5450 82.1449 142.2858 174.4159 4.7540 107.6749 118.8110 54.6765 163.4501 105.2245 24.3922 104.8183 51.5556 197.9463 0.0000 38.8314 30.1807 122.6858 122.1857 124.4810 39.1228 141.1199 101.1970 195.0473 128.7534 88.6755 129.3012 160.6906 117.4368 182.8022 124.2915 117.9939 26.4453 168.4113 70.8199 124.4813 76.4054 88.2067 61.0228 151.2351 90.3841 83.3106 231.0797 26.2641 113.5311 101.1261 142.5997 105.2302 55.2881 84.5514 88.5180 41.3664 87.5863 76.2253 157.9815 119.0909 89.9365 118.5057 248.1218 173.2370 76.7695 71.4020 11.8122 75.8800 102.8194 155.4361 117.4895 117.3707 118.6558 160.1676 84.9039 148.8512 163.5946 68.5335 52.9186 88.4911
191.0711 5.7126 102.6344 180.7988 108.7062 125.9811 83.7471 110.4303 113.0927 172.6093 140.6935 133.3432 50.0227 196.3498 28.2775 208.9926 5.4400 140.0028 130.6668 106.8036 71.8947 59.5506 91.9259 19.4368 148.6320 12.9158 106.8210 70.1220 38.8314 0.0000 73.9179 53.1437 8.0562 21.3753 35.0968 29.8829 154.1198 16.3229 109.7779 148.6330 32.2288 157.1659 141.8525 93.2767 20.3019 30.5651 103.4955 36.9261 48.3225 70.5783 42.4772 1.8921 155.8265 84.4220 165.4979 255.3621 18.9959 112.3608 176.7609 32.9979 117.2130 123.4511 29.7777 178.4979 110.9114 102.5799 111.5002 125.9993 131.5321 162.0622 153.7559 96.5674 109.0747 167.6993 92.0998 167.4266 27.7961 175.7015 165.1602 123.5016 150.7171 22.5951 58.4557 25.7091 69.7742 117.7440 101.1367 81.6836 89.0590 60.0987
207.6609 178.1286 145.9009 121.7720 99.3938 165.4618 212.8828 165.2301 144.1450 171.5042 91.3783 132.7846 51.3778 145.6351 16.9660 130.8860 27.7077 154.0946 57.8134 131.9257 49.8830 26.0401 72.6082 156.6742 85.0912 117.1775 88.8192 30.8320 30.1807 73.9179 0.0000 61.8274 108.8085 39.5530 35.4890 73.0290 137.4027 49.2396 186.7966 106.3526 46.1598 64.8874 69.4098 119.3189 267.3126 17.7780 54.2594 183.7352 53.5766 70.4410 143.0822 32.2091 19.2275 101.4553 99.0863 50.6387 76.0230 11.9078 89.1178 151.6946 147.1110 131.9770 57.6413 120.9539 224.7860 41.1609 112.9386 111.2212 54.2799 153.1783 82.5096 46.2533 78.3098 190.3360 130.7274 16.4826 85.3892 62.8432 148.5636 147.2364 62.2143 167.0655 107.1762 95.5860 41.0875 95.3646 146.4274 12.6762 106.1230 87.5686
178.0152 69.9204 97.0253 142.8562 143.9111 45.0091 69.8249 74.6490 139.5560 58.3074 95.8627 19.9985 42.1328 68.6689 32.8062 216.4442 96.1446 19.5222 130.0813 142.1642 11.7380 77.2535 39.4004 90.6838 83.6519 112.8054 82.0284 82.7040 122.6858 53.1437 61.8274 0.0000 61.7194 167.7892 132.4498 192.8016 97.8040 96.3899 112.4802 56.7800 32.9897 101.3061 141.0185 208.9963 71.3827 80.2682 81.0984 164.9443 31.6196 103.1239 113.2088 157.6035 160.1678 51.5497 132.2109 115.6388 50.5151 115.9309 77.1356 3.2768 151.9307 99.8883 130.6112 17.8101 14.8907 49.8944 136.3871 104.9900 86.6658 134.7856 113.0785 107.1937 95.4594 135.7796 152.4467 103.1058 196.1423 131.9671 191.1434 44.0136 10.4778 80.6710 92.5091 90.3468 187.5747 179.1564 90.6236 81.0609 110.3522 17.4028
180.1376 62.8007 62.7748 23.3574 127.8892 64.3619 115.6722 127.4085 141.7678 122.0425 88.2964 31.5732 144.1290 175.7165 67.1058 125.9765 93.9762 81.2127 99.6142 149.4709 117.8174 102.2253 108.8989 40.8784 108.8126 96.5378 174.1672 121.0716 122.1857 8.0562 108.8085 61.7194 0.0000 102.9231 49.2901 53.1594 84.6333 88.9120 157.1559 45.6084 63.4831 174.5108 10.1227 127.4830 55.2348 138.8528 44.5610 93.6123 118.9933 81.4740 26.2005 87.9680 78.4529 125.6210 9.0430 105.9414 33.2946 144.7944 139.8953 58.4626 33.9721 100.2406 47.9873 31.0242 129.0074 101.5432 40.9645 98.3831 119.6518 166.7191 124.1690 110.2198 121.3379 185.4867 100.2498 120.2651 40.0340 80.7716 93.6770 108.6581 246.3701 63.4816 161.2059 127.8356 137.8815 70.2004 43.7155 73.9939 163.4991 177.3286
129.9531 124.8501 74.6367 92.1840 114.4446 132.8617 54.4987 48.0187 68.1619 63.6224 122.7420 86.7732 85.6097 129.3171 129.8388 136.0601 54.9515 131.5939 122.7179 160.1664 168.6686 125.8164 4.3452 122.0127 229.2433 83.6380 108.9031 104.6808 124.4810 21.3753 39.5530 167.7892 102.9231 0.0000 131.6727 107.9367 197.6149 59.0707 60.3616 82.7332 132.9130 92.5367 25.5040 122.1347 126.6909 132.3752 122.3856 45.6363 95.6794 126.3230 16.6666 56.9125 14.0496 103.4535 202.6068 192.8716 103.7832 94.6959 92.7284 70.8885 54.8854 33.6039 103.3911 163.9259 45.8116 146.0425 76.7947 38.4157 80.8629 257.8215 111.7674 50.6572 99.9917 75.3850 30.6530 17.8067 75.6750 71.1990 91.2451 96.2980 147.3908 177.4560 123.7428 53.8936 202.3985 103.5429 152.1946 45.2398 39.5767 127.6315
71.7747 173.6365 131.7307 157.4593 84.4560 217.6906 41.8824 51.6615 6.2633 30.3734 77.5698 136.7996 9.7600 259.6426 190.5873 248.3691 81.7702 136.1006 77.7843 188.3787 23.5638 131.1462 202.2453 81.1060 73.9049 27.5228 64.0999 21.2439 39.1228 35.0968 35.4890 132.4498 49.2901 131.6727 0.0000 72.4863 70.3345 176.2915 140.9179 157.3383 102.3272 98.7787 97.7274 145.7315 59.5265 104.1288 110.1061 46.8167 50.5594 79.6616 132.7293 35.3395 142.9717 110.8743 12.5576 167.4928 43.3032 22.6968 139.5933 76.7658 76.8441 233.9156 109.9216 89.1507 89.8841 71.8562 91.2082 28.6414 153.6711 119.3679 56.7807 56.1693 143.5714 54.7721 69.6872 95.6096 180.1859 111.6979 243.7445 182.6974 51.1625 113.0256 166.0317 134.3714 159.5877 178.0721 195.6061 128.3233 117.9871 153.2597
174.7801 114.3671 134.0846 30.2082 60.1030 112.2392 133.9119 170.2265 188.4389 118.3430 44.3715 2.0386 4.3784 106.9980 100.4873 11.4039 84.1716 211.2143 69.8705 147.4579 81.2174 92.9209 132.4547 84.6813 60.2044 78.0015 152.7566 63.4890 141.1199 29.8829 73.0290 192.8016 53.1594 107.9367 72.4863 0.0000 133.2361 168.1012 141.0148 145.6480 94.5564 148.4010 72.4222 187.2214 83.2532 109.9350 100.0483 164.5592 90.2812 37.6263 86.0223 48.6684 111.4597 175.2072 75.9734 50.2505 100.3513 81.0082 110.7997 131.3447 65.5689 149.0456 142.2959 149.8109 139.6667 84.2476 120.2714 104.7026 60.8816 119.0988 87.6490 149.2924 78.5080 72.4025 4.7719 74.4664 132.5638 28.0420 163.6149 156.0700 121.5739 44.3295 85.1849 66.0445 94.5906 145.2232 53.2131 223.3366 101.2411 70.7835
66.4104 103.6595 100.6922 87.5992 120.9805 196.2227 67.7560 64.3480 91.3774 154.7020 38.9384 97.5552 79.3136 142.6069 103.0663 208.6164 41.0968 110.8985 107.7531 194.8951 166.0986 176.0666 50.6059 174.3276 50.9945 163.9848 90.7356 184.0332 101.1970 154.1198 137.4027 97.8040 84.6333 197.6149 70.3345 133.2361 0.0000 144.9561 135.2616 79.1125 146.4143 111.9161 67.3533 157.0394 36.9971 131.9839 180.3207 158.3802 78.6260 121.0030 63.1271 181.0682 79.9285 151.1193 123.5117 198.8171 136.2940 57.7951 286.8513 46.3154 200.2853 107.3217 119.9159 19.3753 150.3226 146.9473 70.3758 79.9857 14.6153 60.2008 75.0117 214.4884 83.3422 129.8628 132.7314 140.4933 49.5793 98.7186 135.1788 49.6772 137.6285 112.9710 11.1234 123.6390 176.2137 108.2584 65.7588 151.9020 72.6718 213.1517
187.7083 51.9426 32.3582 45.1527 138.4552 74.9584 87.2421 129.5443 135.8263 93.3531 94.2447 11.3056 57.7891 64.8005 100.1344 64.1552 56.2258 243.3144 152.0953 222.9969 138.9429 241.4106 60.6015 146.3262 61.4990 114.7718 135.0901 162.8698 195.0473 16.3229 49.2396 96.3899 88.9120 59.0707 176.2915 168.1012 144.9561 0.0000 142.0648 97.3862 94.8382 44.3188 31.8007 122.7639 80.1269 130.3898 92.1762 99.9667 89.4170 71.7595 82.0719 127.7197 89.5103 41.9443 128.8451 174.5901 142.6186 90.9436 82.7066 33.4410 130.7013 43.8274 38.1886 34.9443 120.2541 103.1160 146.7658 28.5371 98.9255 181.5779 43.4018 106.6531 34.7731 124.4256 44.8766 60.8119 77.8223 62.2393 69.7093 111.3516 67.5427 138.0482 74.1285 202.4061 153.3884 112.0323 162.2830 124.2079 108.7715 84.4383
119.8426 145.2892 192.3627 138.2731 101.0954 66.5635 29.3189 21.1188 71.6525 102.3456 80.6667 56.2725 122.9444 86.5379 201.1202 40.6044 137.0037 18.2690 138.8078 48.6245 148.2847 201.2700 28.2863 46.9595 120.0227 55.9035 38.3589 103.1246 128.7534 109.7779 186.7966 112.4802 157.1559 60.3616 140.9179 141.0148 135.2616 142.0648 0.0000 179.0654 52.0831 81.6019 99.0753 3.8012 85.3885 103.2745 100.0824 118.2285 75.3588 66.1515 62.1995 24.7509 137.2487 156.4319 148.7960 161.6471 15.3231 134.0008 109.7496 78.2405 154.7262 230.7547 111.1097 30.3105 99.3953 110.3457 101.2742 141.0537 25.3654 215.5966 130.8776 138.2486 104.0999 100.6783 211.9789 36.6356 123.8866 191.5083 140.5182 103.8968 140.1606 107.5188 82.4714 121.0175 146.9069 133.1933 33.9289 56.2830 117.6783 73.0332
158.1787 118.7840 15.6186 130.8637 157.6868 96.8490 134.0888 153.5965 38.3538 56.4888 106.8725 75.1684 99.6122 107.4234 30.9973 58.1712 103.4497 74.8826 212.0441 135.6557 25.5336 113.5549 89.9655 152.1012 120.7766 128.5446 108.4122 151.8353 88.6755 148.6330 106.3526 56.7800 45.6084 82.7332 157.3383 145.6480 79.1125 97.3862 179.0654 0.0000 117.4630 14.5017 105.8155 140.2058 76.6852 104.0450 172.5718 88.6358 92.0656 154.0886 38.1405 143.7430 34.2708 36.7618 31.9865 131.2772 79.7210 111.7273 213.9991 139.6686 139.5996 181.7017 70.8778 21.8887 174.1097 37.7775 117.6275 87.8254 44.1480 133.5095 91.7194 89.2887 73.4729 115.0883 101.8402 144.8893 74.1104 132.5904 9.1404 23.2797 80.9871 126.0066 102.2803 220.2680 75.8239 104.0939 113.4911 117.6183 117.4811 94.6076
97.5495 101.0068 120.8268 78.3471 128.6418 89.2274 73.3507 122.2501 28.2548 101.1613 79.9758 142.6589 51.8724 143.6439 5.7454 60.9792 109.4660 76.3771 24.8667 87.9744 72.1480 78.1531 209.7636 177.7903 117.7394 132.3491 87.0404 93.2186 129.3012 32.2288 46.1598 32.9897 63.4831 132.9130 102.3272 94.5564 146.4143 94.8382 52.0831 117.4630 0.0000 169.4573 111.4644 97.6273 98.7986 123.5133 8.9604 137.8933 75.5889 99.3444 58.2444 146.5942 91.2336 171.3225 20.2967 82.6231 108.4786 110.0404 167.6359 76.6373 179.9913 104.3366 21.6652 100.1324 145.9325 55.7420 193.8304 120.1978 104.1422 102.1844 50.5223 197.4984 111.9859 233.1570 106.4411 145.4032 182.2777 49.7165 114.4880 81.6612 208.4179 137.0076 27.1668 100.7968 8.8575 89.8872 91.6665 108.7350 72.6366 135.9191
59.4168 108.7362 121.9749 222.4958 0.3711 128.3985 157.4915 108.4270 97.2605 98.0435 41.9886 159.0071 30.0661 144.1816 69.4032 66.0234 105.5121 118.0073 98.0205 43.3015 313.4277 159.3975 92.2540 175.9700 172.8791 218.8899 80.8835 111.7878 160.6906 157.1659 64.8874 101.3061 174.5108 92.5367 98.7787 148.4010 111.9161 44.3188 81.6019 14.5017 169.4573 0.0000 87.0364 66.4462 13.7045 100.2510 72.1046 41.9361 83.4183 151.5473 70.3624 84.5758 43.1332 113.6094 67.7960 65.8950 127.4340 154.2309 75.3864 46.7662 116.6966 100.2858 169.4382 135.8538 30.7262 213.8264 48.6583 78.9554 143.8141 49.7254 108.4948 73.3202 241.4806 56.7571 63.3219 145.1816 164.5638 143.4856 142.1928 172.8590 153.9789 36.5776 209.4143 109.7034 156.8941 73.5884 56.3515 165.3074 199.5060 102.7185
200.2248 175.6715 78.9802 39.9007 226.4084 95.9811 246.0965 119.1834 127.7623 130.1288 95.1789 143.1854 103.7839 93.6043 89.0419 122.6220 27.5392 33.3195 35.1041 104.7730 167.9012 118.0536 196.0557 145.9742 69.3284 143.5234 109.5922 134.3909 117.4368 141.8525 69.4098 141.0185 10.1227 25.5040 97.7274 72.4222 67.3533 31.8007 99.0753 105.8155 111.4644 87.0364 0.0000 134.3025 8.8196 132.8561 66.1831 159.5614 113.0619 80.4108 169.1411 126.4544 58.3523 47.2562 159.8472 243.9065 54.0654 162.2037 74.2918 177.2662 108.0956 106.1543 70.0529 16.7052 86.1166 62.6937 65.5385 51.4287 111.4378 100.9306 81.7667 168.7509 102.2407 53.1178 220.0450 88.9824 207.4335 163.4879 79.8039 177.1465 162.4304 28.1601 132.0855 80.8120 170.3603 95.6309 128.6295 37.5591 106.3609 233.3972
139.8740 90.2810 3.5144 172.0332 96.6665 144.2501 176.2737 152.0545 55.0043 64.6669 66.8265 86.3089 178.8435 107.4721 128.4281 238.4922 42.4646 90.5073 65.0949 188.5316 164.5948 153.6581 73.5499 37.2250 140.8796 84.0956 92.4505 15.2641 182.8022 93.2767 119.3189 208.9963 127.4830 122.1347 145.7315 187.2214 157.0394 122.7639 3.8012 140.2058 97.6273 66.4462 134.3025 0.0000 64.1059 153.9669 39.7754 83.4178 167.8763 183.4099 119.8463 113.5191 34.2951 168.9406 64.7906 201.7991 26.0473 255.0649 71.6134 111.8459 100.8931 158.8592 58.9926 90.1747 99.1345 159.1073 69.2418 158.1216 48.9238 54.2497 160.0582 150.2255 144.1525 118.7146 109.2893 37.2230 13.8188 158.7296 106.6733 90.2357 7.6434 194.6024 116.8902 262.2122 147.0125 50.8833 196.8566 51.2550 63.8856 73.8952
103.2321 172.5018 9.3322 146.2995 203.5821 89.1225 42.8348 179.7945 91.3947 72.6973 36.3670 181.6926 61.7293 140.1444 100.2585 156.0094 159.8336 29.2468 78.1785 75.3476 133.6461 210.6355 71.9391 92.2756 63.8716 24.3223 102.4889 121.3849 124.2915 20.3019 267.3126 71.3827 55.2348 126.6909 59.5265 83.2532 36.9971 80.1269 85.3885 76.6852 98.7986 13.7045 8.8196 64.1059 0.0000 26.9266 115.7177 174.0276 162.9699 21.4135 207.3384 171.4118 79.0796 69.2666 156.3296 73.6977 100.0978 181.6235 74.8763 137.3471 139.1047 100.2096 101.3284 46.5431 225.9502 118.0075 104.2233 141.2640 96.6406 72.2188 34.8852 47.9518 73.5483 12.0242 35.1818 48.5726 170.8490 106.0948 64.4110 40.6096 140.7025 90.0838 193.5659 61.2322 137.0028 87.0901 213.9764 83.3398 131.5033 151.0814
105.2536 52.2081 140.1313 93.8584 16.3130 189.7501 212.2162 94.7601 212.2066 140.2401 226.9660 46.9070 132.5310 30.5577 160.2069 8.5670 142.0540 95.6199 155.8665 92.2989 69.0033 106.9658 196.3216 185.0581 55.9234 168.0779 103.2962 163.6034 117.9939 30.5651 17.7780 80.2682 138.8528 132.3752 104.1288 109.9350 131.9839 130.3898 103.2745 104.0450 123.5133 100.2510 132.8561 153.9669 26.9266 0.0000 70.6872 197.2729 49.6457 130.3888 89.6373 105.1967 115.8577 136.4698 88.4204 135.5320 76.4219 146.1341 108.0861 95.3314 99.6767 30.2698 74.0337 148.2896 119.8461 3.5470 78.2156 37.5470 92.3821 161.5454 85.5564 136.5406 71.0350 94.3525 178.1485 134.7143 58.9916 78.6740 125.0951 71.3129 67.7909 139.5993 176.3998 27.6643 97.1577 93.5585 138.8573 75.5224 138.9843 53.0616
34.0745 110.5096 98.8046 46.1126 165.1645 19.1604 105.2771 36.0622 135.2952 168.7496 174.2717 172.4974 90.1532 41.6878 117.7021 157.8960 33.1586 166.1845 91.4370 207.7185 32.9114 62.8478 95.3314 156.8108 36.8280 44.3574 80.1897 216.4020 26.4453 103.4955 54.2594 81.0984 44.5610 122.3856 110.1061 100.0483 180.3207 92.1762 100.0824 172.5718 8.9604 72.1046 66.1831 39.7754 115.7177 70.6872 0.0000 183.2580 78.6333 185.0364 71.4226 170.1643 64.1761 100.2564 133.7311 70.1547 194.8262 83.0018 130.5062 96.2980 68.7132 82.6667 102.8491 90.7485 198.1724 62.1206 118.6420 82.9234 75.1741 158.2856 192.2414 133.1247 156.0960 200.8461 124.7892 75.6814 29.7930 111.2044 138.0453 103.9869 228.8895 181.8564 95.3814 187.6366 95.7283 3.2671 65.7418 75.4965 110.5344 131.2091
130.4914 90.9110 130.7387 108.2574 36.7691 123.8749 67.3525 59.3457 109.3127 43.7484 98.5807 73.8271 77.9855 198.1440 20.9792 87.8439 113.2635 167.0953 84.0597 150.9964 69.7169 184.1515 36.4912 19.1243 114.2734 4.6561 21.2733 163.7733 168.4113 36.9261 183.7352 164.9443 93.6123 45.6363 46.8167 164.5592 158.3802 99.9667 118.2285 88.6358 137.8933 41.9361 159.5614 83.4178 174.0276 197.2729 183.2580 0.0000 199.2307 113.8522 105.5006 88.2695 144.4087 59.8330 93.0276 106.8979 114.3980 81.6090 94.3569 62.2425 89.9408 34.5830 194.8494 168.1133 201.9934 70.1149 81.7433 15.9832 53.3895 91.2349 170.6869 84.7948 122.7561 117.5609 104.5687 69.9179 108.8091 131.6006 131.9691 82.4558 137.7289 133.4053 139.9165 117.0323 83.1537 123.5579 103.1241 111.3654 120.8063 139.8993
74.1379 100.4200 109.6978 24.2071 131.8604 91.2532 72.7563 48.8266 49.4028 56.9519 138.9462 159.9794 65.4054 148.8857 38.7940 184.9242 242.5892 158.7981 101.1524 156.5970 177.8356 161.0492 114.6121 159.2434 139.1211 206.1373 210.9509 49.4298 70.8199 48.3225 53.5766 31.6196 118.9933 95.6794 50.5594 90.2812 78.6260 89.4170 75.3588 92.0656 75.5889 83.4183 113.0619 167.8763 162.9699 49.6457 78.6333 199.2307 0.0000 108.7733 29.9678 20.0171 139.0365 159.4517 173.3512 81.9658 119.1102 97.4544 49.0570 113.6278 86.8765 78.4323 87.0151 134.1081 149.1689 147.5378 146.6934 151.0539 131.7041 155.3302 156.2059 55.5706 136.5805 3.8298 124.9610 101.1976 90.6002 99.1157 79.5697 283.6290 51.9723 42.6356 46.6261 115.9344 46.0590 80.7445 162.4589 196.2276 113.1990 160.6806
129.9765 24.4619 66.4874 42.2075 134.8911 119.0990 144.5369 161.0218 26.8402 128.5019 127.4553 70.6486 83.3499 107.9786 137.5480 131.4647 113.6126 55.8531 81.5917 55.5807 46.5894 75.7629 148.9097 21.3679 81.5633 213.4178 66.4828 212.5555 124.4813 70.5783 70.4410 103.1239 81.4740 126.3230 79.6616 37.6263 121.0030 71.7595 66.1515 154.0886 99.3444 151.5473 80.4108 183.4099 21.4135 130.3888 185.0364 113.8522 108.7733 0.0000 227.9452 50.6550 33.9952 43.1486 74.4847 91.0277 94.4593 24.4861 57.1531 117.6743 21.3800 154.1452 136.0034 22.9499 80.1626 20.8673 127.9166 84.2199 208.7565 60.7709 79.3121 80.1841 27.6430 125.4298 207.7508 133.9502 143.9007 76.7273 35.0714 201.5067 49.9723 185.1476 93.8099 119.1761 103.5612 58.4372 100.8330 72.7162 245.1840 75.5089
33.8376 60.1950 56.0612 74.5397 151.8193 117.7732 69.4423 44.0838 51.8629 86.1690 66.9200 114.4109 100.6767 24.0704 93.7531 56.2989 148.5968 70.0133 103.7857 57.0066 183.1602 112.9235 37.6890 23.7376 57.4289 144.8138 108.4716 57.4701 76.4054 42.4772 143.0822 113.2088 26.2005 16.6666 132.7293 86.0223 63.1271 82.0719 62.1995 38.1405 58.2444 70.3624 169.1411 119.8463 207.3384 89.6373 71.4226 105.5006 29.9678 227.9452 0.0000 76.4234 87.3537 47.6935 132.5284 105.4447 143.5690 204.1275 139.2447 141.0967 252.7363 85.8504 173.6372 128.9121 95.2296 75.3361 35.2362 90.8296 15.8770 114.4424 121.8828 77.9381 102.1284 180.3200 61.4752 25.4226 57.0081 58.0914 40.9891 90.3996 31.6042 80.2857 123.8282 115.5826 141.0283 148.0990 128.1264 89.9069 184.3181 57.5527
70.1113 114.0248 109.3429 130.1948 112.3177 163.8245 115.2873 61.4027 205.6823 35.7582 36.1811 153.5668 39.0065 65.3879 58.9986 30.2210 61.3963 142.3602 203.7465 55.4448 84.3230 201.2321 1.0595 92.9189 30.0921 111.0782 94.2005 77.2145 88.2067 1.8921 32.2091 157.6035 87.9680 56.9125 35.3395 48.6684 181.0682 127.7197 24.7509 143.7430 146.5942 84.5758 126.4544 113.5191 171.4118 105.1967 170.1643 88.2695 20.0171 50.6550 76.4234 0.0000 95.9591 59.7886 92.0050 93.9434 172.8739 16.8723 89.8120 71.4129 105.3171 31.3519 113.8220 195.7879 97.2357 163.7601 122.4173 223.5248 109.7419 85.5949 141.1950 130.9750 97.0363 128.4587 22.6437 26.1196 121.0222 19.9602 6.4680 125.0026 95.1018 101.5867 136.0891 98.2916 89.4047 115.8753 99.6047 80.2428 165.2320 84.5349
