90
0.0000 153.4852 173.1989 112.3974 68.2722 180.6569 73.8860 129.0783 100.1240 96.3347 98.5535 43.2661 97.2958 27.8731 166.1622 68.5214 60.6491 178.5369 20.1783 119.2196 87.1018 72.7625 101.9192 1.6396 162.7710 52.6111 153.0025 105.5132 153.6528 97.4192 203.3661 148.7335 52.3382 55.1682 71.1816 105.5101 35.3420 87.2459 43.4272 127.0293 185.7716 162.7667 109.9269 37.9543 128.0660 197.3999 182.2224 141.7569 225.1450 78.1433 90.9267 115.9558 130.5815 150.3305 68.8649 82.0741 79.7215 142.0508 166.7764 59.3367 143.8549 151.6414 110.5103 158.8131 209.5054 34.7728 115.2104 65.7639 130.0002 64.1348 146.4524 180.5536 169.3085 129.2405 109.6348 213.4450 6.6191 148.2973 213.3715 95.6226 82.7697 64.3684 133.7987 158.0740 200.5394 20.5049 164.1164 187.6843 92.7779 80.1464
153.4852 0.0000 163.3223 31.1530 130.5474 82.5372 123.9232 41.3099 18.0639 2.7120 160.2951 110.0587 122.9313 12.9043 167.5296 31.6635 184.7194 162.9098 104.3021 148.7475 56.0921 167.3068 27.0766 176.0929 92.5758 110.2753 150.6190 99.7294 144.0290 125.4398 116.8454 139.3239 89.7504 214.3072 97.3845 115.6816 92.0642 65.7854 90.4799 116.7763 78.1579 105.2387 87.7340 146.9055 129.6674 177.7356 82.5915 102.2356 103.1786 94.7043 86.2688 67.5162 128.2370 217.3371 268.6291 156.6519 151.1953 122.3268 39.8378 98.6762 111.7502 132.8459 183.7843 160.3186 16.3512 191.9196 57.5918 103.7550 36.1440 35.6832 35.0528 11.7666 147.8455 124.6007 76.2880 97.7911 127.7076 132.2471 16.4313 74.5579 70.2707 111.3292 129.7120 191.4929 41.5021 46.7279 22.6341 107.1456 96.5860 151.3889
173.1989 163.3223 0.0000 42.4478 58.4075 54.4844 123.1242 103.0597 156.5775 140.4322 106.0290 41.3312 25.5865 213.4584 109.3525 71.1781 229.8669 69.2699 117.8627 38.5508 178.9965 49.7457 93.3915 46.7672 67.8524 117.8175 118.8771 140.2848 105.3714 53.2028 85.3408 103.5377 133.5614 45.4386 118.1799 192.1561 8.3442 22.7312 72.7418 236.1913 232.0436 199.4679 52.1338 129.0825 75.1214 101.0508 139.9773 48.7105 7.7110 206.1049 136.0528 26.6110 134.2795 93.7646 43.3783 144.3541 145.9354 179.6322 104.0707 85.8484 228.1316 43.2746 175.8159 98.0912 136.2977 161.1744 63.5843 148.9804 87.3369 168.5132 122.7450 150.7323 57.7110 91.7102 121.2874 158.0233 83.3449 126.1635 107.8522 17.6600 47.3298 111.3516 86.2905 188.5297 161.8386 118.6794 138.4357 159.2070 108.5155 150.4906
112.3974 31.1530 42.4478 0.0000 55.6426 74.4243 61.8867 96.9320 63.0520 55.2061 182.8834 27.0469 150.9761 73.0789 136.0816 77.8772 147.0290 155.6543 40.6826 110.6646 48.8856 112.4358 116.3124 152.4134 123.5164 163.2225 108.8239 217.6912 120.5109 242.6779 115.9748 31.9934 84.3731 86.6848 52.2523 32.7219 138.9508 152.2376 277.6726 134.6102 210.3937 20.2496 87.5998 126.1262 19.2579 90.9900 36.0648 79.7348 34.0072 120.5795 198.4544 50.5957 118.6683 142.5415 134.5265 52.2765 184.0975 79.5986 42.0165 158.8737 58.2819 72.7929 140.0330 168.8350 159.6673 113.3050 189.8821 29.3443 112.3898 155.0585 85.9022 169.3174 139.5559 37.1971 219.1832 132.6922 116.9300 131.1386 59.1698 55.4221 50.3016 240.1724 99.2810 171.2715 66.7704 83.9455 76.2061 70.1115 194.5254 110.6023
68.2722 130.5474 58.4075 55.6426 0.0000 39.1525 55.3779 174.2123 73.0704 170.4951 131.1133 41.6307 175.7372 34.6643 121.6474 29.9571 88.3014 116.0794 34.7014 30.4900 29.9794 81.0935 50.6556 131.9709 130.3073 78.4524 114.2886 159.1728 137.4781 84.9072 168.2254 195.5820 82.3446 164.5448 128.7429 153.4854 98.5604 75.2193 63.4435 205.5453 95.4489 98.4913 127.4221 100.6159 97.5692 129.6276 126.8573 65.2792 118.0192 157.2471 196.6830 33.6940 120.4439 140.3365 157.8781 107.1072 71.5117 185.9404 73.6705 19.1291 186.5926 206.4424 20.8000 79.9994 80.1280 146.6469 66.3423 0.9636 76.6516 203.4370 152.0847 38.8724 113.0409 87.8252 7.0146 51.2192 172.3646 151.9775 132.1279 112.9908 81.9691 57.6004 92.7559 21.6821 103.6057 112.9911 233.7749 35.0381 100.2515 74.8804
180.6569 82.5372 54.4844 74.4243 39.1525 0.0000 97.2399 33.6498 22.9428 105.2024 51.2371 71.8096 154.2948 57.7379 142.8275 79.1728 174.7895 159.6366 52.9715 31.4670 120.8029 135.6273 101.9845 84.5691 38.1691 56.9740 97.8481 130.7931 111.7052 34.2314 68.4106 113.9209 55.3472 119.1979 157.2412 167.6658 119.8276 124.8269 62.2318 151.4128 168.1913 67.2935 104.4841 126.4975 32.9798 63.6837 65.0579 123.6934 169.2678 55.5837 61.8458 150.3023 111.7612 80.7785 175.0300 205.6080 136.8056 160.8487 178.2101 52.2155 159.5834 35.9577 115.0897 6.2745 71.9854 117.9055 127.0236 84.0928 107.8886 158.7981 191.3192 150.7829 134.0049 12.8202 146.8207 135.9904 114.4096 148.0821 144.2544 41.2677 34.3545 165.6324 68.0201 48.2926 75.5012 132.4368 56.3741 64.9346 40.6311 108.0809
73.8860 123.9232 123.1242 61.8867 55.3779 97.2399 0.0000 63.7610 44.2500 38.9431 29.8666 177.8026 72.4167 257.2190 79.3889 63.8623 50.3586 157.4981 167.5133 39.5239 24.7717 76.6948 112.6876 202.1606 252.0024 170.5357 134.0477 88.2490 128.2125 74.6175 104.1107 190.8532 99.4073 174.7110 124.8807 66.4527 123.5599 60.4867 108.4551 109.2442 111.5781 133.6308 139.7699 43.8053 125.7832 146.5545 107.2418 52.6943 61.9671 106.5682 51.8742 88.1946 276.6910 26.0426 141.7306 155.7050 86.6629 1.8819 40.2606 44.1651 131.8750 143.5989 96.0698 7.8239 163.1256 94.1013 95.7341 120.2557 44.3044 87.8863 235.4707 104.8486 146.0364 203.1302 13.5491 210.2014 124.3740 12.7514 141.9345 59.0253 55.6264 33.2095 115.9390 72.0133 105.9599 121.1046 99.2329 157.3251 166.8108 107.4991
129.0783 41.3099 103.0597 96.9320 174.2123 33.6498 63.7610 0.0000 27.4971 147.7509 114.2543 160.9323 306.8042 169.2805 120.0293 162.7619 62.9481 52.1663 117.6659 27.9120 47.3279 57.6197 190.8166 88.8363 126.2300 53.7892 65.1633 122.9536 131.1016 85.9374 154.6949 45.5588 28.3876 121.1424 117.5721 145.7066 142.9997 99.1981 113.1463 123.5848 65.7483 21.2042 61.2852 117.5977 42.4882 158.3889 65.8001 51.4504 43.7177 131.5232 137.1588 156.0085 167.2011 133.8715 97.6291 74.8491 152.2779 62.2753 6.2948 31.3059 56.0584 29.6275 147.3295 154.2975 100.0739 112.3534 110.5595 108.2405 19.3238 103.3752 88.3794 105.4451 51.4706 148.6703 161.0349 98.4732 93.1399 72.1819 47.3885 73.5983 133.1821 56.7197 111.7514 160.8502 214.8512 7.1911 204.9806 138.6963 90.0960 150.0846
100.1240 18.0639 156.5775 63.0520 73.0704 22.9428 44.2500 27.4971 0.0000 185.6096 44.4056 166.6057 108.4834 67.0189 129.9857 28.5412 28.2237 140.3085 168.2965 92.7426 9.1666 98.6058 82.9055 64.7374 116.3938 101.1075 206.4380 125.1039 48.1771 139.5523 130.3469 125.0602 93.9147 84.2117 90.1296 106.3625 146.3915 17.2213 48.8613 116.3448 111.0734 115.7095 27.5410 68.8089 87.4932 55.9432 114.9206 75.7232 187.2437 193.9284 40.9466 240.7640 63.8085 68.1677 173.4656 162.3376 76.7612 141.4037 31.8877 164.8450 127.0104 126.1942 117.8741 75.2765 106.1042 40.0983 151.3538 7.3219 5.5516 155.2774 73.3292 147.7983 21.1961 34.5236 68.9500 153.1477 12.3905 116.8729 70.6861 75.2166 106.8560 107.8342 193.7195 96.4400 94.0728 96.7083 188.1119 80.9471 41.1066 44.9306
96.3347 2.7120 140.4322 55.2061 170.4951 105.2024 38.9431 147.7509 185.6096 0.0000 138.0720 17.0881 106.5901 123.5977 73.2778 161.6524 137.4969 108.0216 65.1616 128.9064 68.2156 87.4457 91.0220 160.7101 70.5423 113.5314 74.4198 89.4500 183.2729 63.8418 177.5630 123.0820 138.2920 97.7049 2.5626 189.4522 60.0833 30.7240 92.1301 139.6118 90.7670 16.6171 149.1142 126.6079 69.8834 7.8284 259.7866 172.8009 169.9114 73.5829 130.5615 41.1546 93.9061 103.5880 130.8822 57.7149 171.8414 61.6210 147.4218 131.1081 164.0266 115.9635 128.7891 151.3179 127.3054 124.6923 156.1775 208.1572 213.1033 65.5568 135.2004 186.5628 48.2029 24.1147 153.1928 116.9483 59.8382 31.5447 123.4120 111.8916 209.4858 151.9222 101.7402 42.6101 129.3400 60.1568 128.2056 125.9120 54.0817 127.3308
98.5535 160.2951 106.0290 182.8834 131.1133 51.2371 29.8666 114.2543 44.4056 138.0720 0.0000 196.2807 118.7080 75.3432 153.5716 99.5458 34.3855 66.8582 111.3789 187.2481 144.9873 110.7121 50.7999 149.9431 21.9044 134.0725 49.2880 11.7654 30.3526 89.5388 106.3822 175.0001 118.4178 96.2442 131.3393 37.2912 74.9140 70.5897 83.0313 87.5073 95.8400 199.5519 140.0099 139.3150 108.2016 12.7561 38.9947 166.0670 107.5028 161.0186 111.7334 79.7279 99.0231 82.5447 137.4680 67.6856 144.0616 83.2173 75.4477 27.6791 191.1768 101.2398 119.4594 130.3182 166.9471 42.6497 109.6783 185.6428 71.0633 63.3329 16.6606 130.3017 30.1645 247.4106 137.1443 91.0326 155.6077 7.1718 54.2284 94.6410 184.2111 19.5822 126.3217 165.2663 59.5353 116.6402 45.5722 65.1285 72.1329 11.7358
43.2661 110.0587 41.3312 27.0469 41.6307 71.8096 177.8026 160.9323 166.6057 17.0881 196.2807 0.0000 70.3236 132.0395 117.2731 79.6583 51.7796 121.4343 208.1461 145.5703 141.3486 73.0703 69.5762 57.2921 176.3186 94.3289 52.9257 265.2727 17.6201 116.9267 98.3581 190.7336 0.6323 90.0962 196.8089 150.7280 85.9523 89.1329 108.9995 107.2212 205.1623 160.2804 155.7566 103.6290 52.8604 209.8339 106.7913 87.3437 62.4057 117.0691 36.0344 139.1524 148.7184 118.5150 101.2888 30.5249 92.5245 130.7417 246.4736 86.7913 128.2332 48.8540 27.2690 146.4737 99.2856 100.4531 126.7898 111.5851 219.4705 168.7084 106.0400 96.7262 151.1432 244.3802 51.0523 175.0668 114.5495 185.5485 21.4483 212.4248 107.6186 65.9060 126.0891 159.2449 8.8695 72.0464 42.8020 8.2063 103.6849 97.4886
97.2958 122.9313 25.5865 150.9761 175.7372 154.2948 72.4167 306.8042 108.4834 106.5901 118.7080 70.3236 0.0000 86.1958 79.9094 71.8711 90.6717 103.3889 95.3697 10.4181 121.2515 162.9928 105.0410 180.5076 140.0600 61.8283 96.0246 88.7718 162.6671 123.1957 168.5107 43.8425 176.3524 19.9964 172.8667 100.8108 25.3295 153.8826 126.4133 25.8258 27.8685 66.9474 7.0459 65.3991 84.5216 15.4433 107.0681 91.4270 131.8500 58.2522 112.1210 119.1641 162.8092 156.1979 205.7335 134.6312 46.1519 16.4485 27.5332 127.3484 97.0007 75.6588 61.5898 158.4558 214.7579 101.6528 72.8897 149.9722 89.9837 94.3970 89.0372 135.3292 123.6264 64.4342 209.2520 8.1486 104.9783 134.9184 69.5118 47.9730 2.3024 91.1011 225.6069 135.2266 40.0383 113.4446 106.9107 103.2726 1.9717 130.6318
27.8731 12.9043 213.4584 73.0789 34.6643 57.7379 257.2190 169.2805 67.0189 123.5977 75.3432 132.0395 86.1958 0.0000 87.8943 158.6020 137.1689 193.3414 48.6770 34.7338 70.7956 164.3364 178.0923 194.7653 95.2677 26.0477 84.1205 60.7283 248.2988 160.9132 130.5566 103.7849 121.0096 112.5982 176.5014 110.1709 211.1439 87.2839 165.3018 58.9927 85.6678 87.3791 62.4131 102.9398 126.2778 108.5237 198.9881 23.2027 91.6548 47.1905 181.4248 195.3508 140.7834 187.4368 52.7232 46.8062 134.1803 96.1313 19.1224 31.2517 107.0069 68.5992 232.9703 173.9081 11.1836 57.5417 158.5183 64.5892 213.5260 107.2559 129.0248 125.0202 211.1597 118.0148 100.5097 95.7408 157.4832 184.8839 173.2351 142.7838 86.4014 29.5142 124.5004 123.4698 72.5394 76.8854 116.4253 115.6450 133.8346 105.3330
166.1622 167.5296 109.3525 136.0816 121.6474 142.8275 79.3889 120.0293 129.9857 73.2778 153.5716 117.2731 79.9094 87.8943 0.0000 115.5380 104.0439 107.0847 72.8712 116.8310 108.2743 133.8403 57.9665 105.0017 102.4974 80.8543 76.6476 145.8328 97.0372 158.8037 41.3037 8.1172 31.1075 190.6494 188.6215 67.6669 175.8429 92.5174 90.1708 88.1782 32.7457 35.6296 92.7135 103.0594 74.7873 110.4872 101.6720 50.8971 5.0105 99.9340 86.1826 113.4160 92.0251 76.5753 144.8331 90.0156 119.0171 187.7628 74.7613 23.7413 189.5102 182.6293 59.3523 144.5461 105.1452 166.7130 117.8302 181.5261 156.8781 103.4914 59.4276 201.3303 22.1810 61.9430 186.3273 58.0577 131.9433 132.2818 36.7445 19.7315 152.0388 175.3301 134.4008 13.5819 52.7411 108.1189 99.3525 42.9980 60.5458 187.6363
68.5214 31.6635 71.1781 77.8772 29.9571 79.1728 63.8623 162.7619 28.5412 161.6524 99.5458 79.6583 71.8711 158.6020 115.5380 0.0000 221.7677 75.4524 105.7086 103.1300 109.0951 74.5438 95.6436 176.3780 137.2288 135.6013 81.2105 86.9928 66.3258 80.1149 95.8416 47.8101 212.7538 135.6314 121.0081 84.5818 79.6405 194.2072 48.6951 80.2591 176.2923 17.0886 67.9867 244.0169 232.7187 174.6147 63.3673 158.1704 106.8728 117.5441 98.6700 143.7260 146.2988 110.3266 152.5853 118.9517 195.4033 52.2627 227.6842 37.1862 92.4845 98.7033 103.9684 87.4752 105.6560 201.1619 12.4843 90.2140 96.9941 65.4607 177.9607 10.4988 64.2166 102.2293 212.6570 197.6938 64.6775 126.6874 53.9004 104.9185 25.7516 149.2453 112.6414 75.6304 81.3641 79.1883 133.7853 97.2347 135.2689 54.5423
60.6491 184.7194 229.8669 147.0290 88.3014 174.7895 50.3586 62.9481 28.2237 137.4969 34.3855 51.7796 90.6717 137.1689 104.0439 221.7677 0.0000 100.4362 155.2469 212.2272 149.5447 9.0135 184.3859 213.2304 120.8533 4.8301 104.9814 223.2978 206.1084 152.0999 115.1327 167.9959 109.6206 83.8753 117.4419 38.0012 14.3919 40.2414 233.1950 51.5255 208.5578 12.0633 104.1103 117.5067 47.3040 174.4553 2.9426 130.3768 38.0496 210.5892 187.3397 32.4412 191.0547 203.5663 152.2873 159.6158 91.8820 215.4988 117.6255 212.0153 110.4933 105.1453 149.1578 38.3959 106.1101 38.7360 4.9207 19.0508 203.3376 108.4906 117.4364 32.9527 54.5162 172.1239 85.6888 113.2740 18.8586 141.5167 60.0825 6.6577 18.1708 41.3725 113.7782 140.9553 18.0548 89.2722 78.0808 69.3398 96.9074 15.4551
178.5369 162.9098 69.2699 155.6543 116.0794 159.6366 157.4981 52.1663 140.3085 108.0216 66.8582 121.4343 103.3889 193.3414 107.0847 75.4524 100.4362 0.0000 36.5130 163.2445 143.7602 80.2289 144.0692 178.8340 165.0566 143.3435 160.0729 170.8047 227.0126 90.5569 37.4974 47.3772 135.3733 93.4114 120.0141 171.8293 108.8776 76.9634 67.5955 110.5678 118.9461 75.0058 173.8800 62.8168 80.8673 120.7791 78.7201 75.4176 152.1318 58.9258 24.9137 102.3979 66.6125 68.0826 84.2086 114.4861 47.5773 108.4942 156.5260 221.0422 163.9130 170.8920 195.7667 130.2567 105.1924 67.4791 227.9800 113.5630 162.3687 99.9592 88.8529 131.0798 114.3073 9.8942 120.5682 151.2089 9.5757 99.3322 38.3602 100.9482 169.8260 126.0590 190.3214 81.4008 28.2201 102.2087 97.8708 87.6205 123.2381 10.8496
20.1783 104.3021 117.8627 40.6826 34.7014 52.9715 167.5133 117.6659 168.2965 65.1616 111.3789 208.1461 95.3697 48.6770 72.8712 105.7086 155.2469 36.5130 0.0000 15.5185 137.1998 105.5794 97.8850 80.2208 183.2505 134.2659 65.9968 141.7673 173.7415 155.1720 111.7132 187.8582 65.1256 42.3531 113.6050 242.4070 92.8989 53.5408 58.5742 20.6193 93.7733 37.7903 183.8963 84.4758 140.3356 75.1177 197.5139 54.3301 212.4047 156.7232 145.3611 21.1131 109.8060 73.2513 147.1364 44.6979 59.4088 141.0494 36.7163 125.8701 15.3653 71.2222 184.6539 54.5884 28.9442 101.2862 167.9249 146.3461 62.2619 49.3524 209.5694 35.4205 14.6958 93.6758 62.7719 93.3177 123.1292 29.5943 66.8269 27.1101 123.4953 80.0425 95.8680 21.6732 188.7072 141.3308 65.0172 92.4627 191.6487 133.1547
119.2196 148.7475 38.5508 110.6646 30.4900 31.4670 39.5239 27.9120 92.7426 128.9064 187.2481 145.5703 10.4181 34.7338 116.8310 103.1300 212.2272 163.2445 15.5185 0.0000 38.8035 99.8383 167.2795 137.6918 85.0928 46.0114 42.0981 34.0497 31.2025 186.1757 112.0671 147.1805 103.4663 207.3250 104.5035 139.5347 84.9362 174.7446 34.1807 72.5248 94.2814 39.3190 63.3965 110.3966 60.8715 62.3484 107.5214 150.8316 131.5083 23.4146 121.3004 210.5779 127.7721 40.0105 173.8068 192.0306 28.0960 240.8230 183.2232 207.5641 22.0625 13.0287 110.6314 161.7397 53.0065 99.9254 130.8543 143.1200 97.3869 16.6451 212.9731 74.7063 167.1558 33.7712 116.6072 99.3703 122.1896 102.9734 147.5333 127.8626 115.0871 127.0691 59.8571 157.9024 106.0930 265.1709 114.9288 133.0912 219.0519 123.0173
87.1018 56.0921 178.9965 48.8856 29.9794 120.8029 24.7717 47.3279 9.1666 68.2156 144.9873 141.3486 121.2515 70.7956 108.2743 109.0951 149.5447 143.7602 137.1998 38.8035 0.0000 58.2208 95.7809 30.2641 74.7984 86.8634 130.7184 89.0120 162.7095 116.9602 38.4759 96.6220 42.8509 106.6187 97.3474 238.9849 80.0991 44.1997 163.8918 112.8758 60.4358 155.1903 192.8729 61.5895 124.3897 54.5047 36.5073 183.3108 187.4018 201.9452 69.9793 113.4684 166.9680 139.3744 166.0837 160.1091 50.4762 192.9979 118.1392 95.6276 162.8058 144.5899 22.9527 13.8572 165.8073 87.1806 53.2528 3.1294 74.4007 122.2685 162.8861 194.0552 51.8959 143.7408 83.7634 112.2670 37.8116 9.0885 81.4314 102.2608 124.3399 115.9233 45.3482 100.7691 126.1975 56.6453 147.1492 135.5951 22.4629 97.7675
72.7625 167.3068 49.7457 112.4358 81.0935 135.6273 76.6948 57.6197 98.6058 87.4457 110.7121 73.0703 162.9928 164.3364 133.8403 74.5438 9.0135 80.2289 105.5794 99.8383 58.2208 0.0000 93.2687 88.3206 133.8424 40.2526 184.5483 69.0575 118.8307 95.3040 103.7820 224.3000 69.8903 85.3298 13.3863 62.3557 96.5251 36.5754 37.8132 139.3566 73.6308 58.6769 71.1956 178.2258 61.0838 109.7695 51.9419 157.3943 93.8176 35.9150 89.5937 107.4141 106.8444 83.6604 133.8736 111.2118 184.8522 100.6338 75.5234 71.6318 111.1553 93.3197 115.1904 193.3864 56.0352 138.6768 50.6384 157.1833 143.2489 106.3453 162.3509 113.2892 76.8311 119.9684 48.3096 105.3325 121.9931 49.0708 76.3095 148.8668 72.8759 123.6940 156.3018 93.9062 88.5847 145.8356 105.2374 189.9040 60.4942 34.4474
101.9192 27.0766 93.3915 116.3124 50.6556 101.9845 112.6876 190.8166 82.9055 91.0220 50.7999 69.5762 105.0410 178.0923 57.9665 95.6436 184.3859 144.0692 97.8850 167.2795 95.7809 93.2687 0.0000 96.8187 82.7261 124.1219 44.2427 192.8536 118.0551 43.7563 197.4401 54.4080 145.7286 64.6194 126.7112 81.9519 107.9623 46.3540 100.4135 162.0940 132.5436 118.4839 79.0264 57.6675 172.3912 155.5867 61.7170 60.2666 112.2140 64.7921 67.6561 119.3533 154.8443 46.6656 124.1449 154.6997 14.4214 59.7563 134.7043 166.0989 17.5811 47.6053 61.8240 117.8787 98.8860 71.7725 82.4461 155.3051 115.0730 107.8518 72.6434 85.7077 104.1876 28.9519 102.8094 41.0540 187.3298 129.4608 119.9001 20.7919 58.3422 140.8516 148.0951 79.9976 182.3713 6.8338 86.6822 52.5394 97.8748 36.5659
1.6396 176.0929 46.7672 152.4134 131.9709 84.5691 202.1606 88.8363 64.7374 160.7101 149.9431 57.2921 180.5076 194.7653 105.0017 176.3780 213.2304 178.8340 80.2208 137.6918 30.2641 88.3206 96.8187 0.0000 129.3042 56.7999 40.8606 144.6560 61.5424 143.8050 146.2754 208.0874 33.3448 60.7147 20.7409 186.7681 18.4515 116.9242 35.7624 128.1870 64.2076 89.8486 21.6236 106.2944 101.1400 51.0469 33.9134 54.2973 98.9276 52.2771 128.1775 114.3458 16.7515 48.6886 50.6383 83.1461 82.6567 81.4698 154.2493 224.9194 38.5639 93.7371 25.0883 111.2181 5.8731 15.7198 54.1602 69.6760 124.1746 118.7167 171.3588 85.8985 38.5406 139.6974 128.0996 176.8968 99.2186 193.5756 60.5119 146.8544 140.3337 94.2538 187.9406 133.1981 149.4874 207.5536 81.4052 92.9382 49.4214 277.6924
162.7710 92.5758 67.8524 123.5164 130.3073 38.1691 252.0024 126.2300 116.3938 70.5423 21.9044 176.3186 140.0600 95.2677 102.4974 137.2288 120.8533 165.0566 183.2505 85.0928 74.7984 133.8424 82.7261 129.3042 0.0000 122.7801 179.7849 126.6058 240.8079 147.8229 36.8638 40.9499 175.9531 101.9510 4.2572 163.8496 176.3211 140.6480 25.2475 75.1983 125.9150 90.6357 64.3063 29.2670 153.7088 69.5425 69.7946 144.3944 66.2244 140.4195 133.0128 80.5785 98.7211 194.9849 10.7357 96.3817 201.5779 131.6226 11.4417 185.0947 189.3589 113.5429 56.1349 42.5224 132.8706 219.3591 148.3055 39.8973 123.5519 53.4725 175.5960 34.9490 24.2496 138.3953 96.3937 42.0848 179.2815 83.1766 62.6711 65.3037 93.8267 63.3206 67.0377 75.7964 42.3956 44.8881 75.4897 104.9685 24.7467 71.1778
52.6111 110.2753 117.8175 163.2225 78.4524 56.9740 170.5357 53.7892 101.1075 113.5314 134.0725 94.3289 61.8283 26.0477 80.8543 135.6013 4.8301 143.3435 134.2659 46.0114 86.8634 40.2526 124.1219 56.7999 122.7801 0.0000 111.2055 34.6864 98.0327 82.4813 128.8625 33.6956 51.1649 171.5255 43.7704 40.5575 76.1731 91.2140 110.3455 48.2976 128.5889 19.9132 10.4868 125.2882 189.0736 215.3135 66.1302 56.5037 96.2904 30.5096 163.4573 93.4298 95.6606 38.8650 101.7532 212.4042 23.3773 54.8594 58.8085 28.1869 119.1873 130.5736 76.6763 72.3277 90.8668 196.4717 15.6467 8.4570 142.1071 124.7184 71.4370 124.7777 169.6748 77.9514 83.2400 17.9946 100.0495 163.5672 136.9166 95.5678 82.8054 77.0399 99.7128 105.3271 203.1786 89.3851 56.6358 41.4938 202.9551 159.1141
153.0025 150.6190 118.8771 108.8239 114.2886 97.8481 134.0477 65.1633 206.4380 74.4198 49.2880 52.9257 96.0246 84.1205 76.6476 81.2105 104.9814 160.0729 65.9968 42.0981 130.7184 184.5483 44.2427 40.8606 179.7849 111.2055 0.0000 182.6126 63.9624 160.8091 156.8603 181.8810 55.2894 152.2631 103.3043 130.6448 119.3718 116.0327 8.9211 71.9749 92.0330 15.8476 109.4409 111.9170 122.3482 86.3954 191.9798 230.1022 170.5771 22.4573 73.0842 122.9581 193.8445 137.2916 183.9818 188.8630 100.2026 56.4821 119.7453 20.5486 83.7291 179.1123 15.8285 150.2217 119.0885 106.4348 166.2574 63.3442 170.6938 110.5678 230.2715 107.9460 115.1275 65.9938 99.1554 210.8787 94.2609 170.2049 195.6721 178.7115 101.8757 134.6959 53.9931 49.8213 44.2602 112.6816 116.0159 174.9926 44.9769 176.1557
105.5132 99.7294 140.2848 217.6912 159.1728 130.7931 88.2490 122.9536 125.1039 89.4500 11.7654 265.2727 88.7718 60.7283 145.8328 86.9928 223.2978 170.8047 141.7673 34.0497 89.0120 69.0575 192.8536 144.6560 126.6058 34.6864 182.6126 0.0000 17.4396 107.8524 171.1327 79.6521 25.8430 63.9312 93.3314 104.8420 89.5914 132.5596 197.1120 112.5679 155.3117 109.1878 210.5713 104.5526 142.8088 132.8191 130.5582 246.4888 203.1263 112.1531 72.9721 72.7142 85.8275 52.6680 59.4922 29.3144 205.7356 137.9485 53.9186 165.8229 178.2029 65.9622 257.2886 81.4178 112.9568 52.0871 50.3475 169.2595 180.4147 110.8802 40.3099 23.2429 148.1643 162.8596 134.1161 184.9702 83.0415 117.4694 27.5378 208.9576 25.9862 211.1881 181.8579 26.6020 98.4010 84.6798 113.9441 56.0495 125.1492 167.8508
153.6528 144.0290 105.3714 120.5109 137.4781 111.7052 128.2125 131.1016 48.1771 183.2729 30.3526 17.6201 162.6671 248.2988 97.0372 66.3258 206.1084 227.0126 173.7415 31.2025 162.7095 118.8307 118.0551 61.5424 240.8079 98.0327 63.9624 17.4396 0.0000 112.8108 70.1810 36.8379 21.0376 173.4897 170.7208 34.7496 146.6216 6.9624 99.7852 52.6369 75.1772 140.2694 153.2317 61.1558 22.6025 148.9070 48.6225 116.4880 153.8991 113.8184 70.2341 79.4475 157.3957 112.0876 77.7403 73.9316 99.3685 57.3228 144.4238 33.0782 60.7286 69.6032 122.6504 100.0321 62.6267 91.5409 18.4655 241.8837 89.5856 129.2443 48.6098 133.8036 63.1522 127.1338 149.3202 181.4860 161.7754 54.4071 100.5206 40.7354 39.3138 57.2509 115.6149 95.6219 109.6748 108.5970 132.5792 202.1283 126.0200 102.7292
97.4192 125.4398 53.2028 242.6779 84.9072 34.2314 74.6175 85.9374 139.5523 63.8418 89.5388 116.9267 123.1957 160.9132 158.8037 80.1149 152.0999 90.5569 155.1720 186.1757 116.9602 95.3040 43.7563 143.8050 147.8229 82.4813 160.8091 107.8524 112.8108 0.0000 109.7750 110.0184 223.5132 109.9219 198.9405 28.2813 62.5518 231.0165 108.7590 64.0749 143.5606 87.7344 58.5513 132.9133 114.8079 66.0239 113.9436 47.1111 201.1165 118.5590 146.9448 116.3434 108.7960 103.6565 96.5076 27.2598 43.1809 9.4056 19.7908 166.5074 115.2800 165.4339 57.9281 102.2748 82.1043 19.8186 171.5252 3.8927 13.7120 41.2843 104.3692 84.9133 171.4415 25.3158 100.0966 107.7222 42.0148 71.5228 119.9386 102.7879 200.6469 111.0423 120.5844 152.4011 147.5555 102.4113 20.6285 134.8946 117.7604 287.6220
203.3661 116.8454 85.3408 115.9748 168.2254 68.4106 104.1107 154.6949 130.3469 177.5630 106.3822 98.3581 168.5107 130.5566 41.3037 95.8416 115.1327 37.4974 111.7132 112.0671 38.4759 103.7820 197.4401 146.2754 36.8638 128.8625 156.8603 171.1327 70.1810 109.7750 0.0000 101.9996 208.4531 135.6173 122.7042 117.9143 123.7358 106.2919 139.8585 30.5621 74.0030 18.5491 63.7234 63.9920 143.7902 129.8590 66.1366 68.8144 81.7857 38.2634 49.7912 59.5051 209.0050 119.8792 97.6346 78.7690 175.4433 133.4745 149.3425 111.3859 102.4750 86.0916 64.5150 62.2338 157.8413 96.4119 181.6201 59.0662 51.1254 144.6929 83.7343 49.1591 118.5299 90.2346 81.9847 122.8917 154.9388 153.8432 93.2325 54.2295 18.3820 17.3868 113.6991 128.4983 164.3616 76.8351 151.4998 80.6623 79.8319 51.6346
148.7335 139.3239 103.5377 31.9934 195.5820 113.9209 190.8532 45.5588 125.0602 123.0820 175.0001 190.7336 43.8425 103.7849 8.1172 47.8101 167.9959 47.3772 187.8582 147.1805 96.6220 224.3000 54.4080 208.0874 40.9499 33.6956 181.8810 79.6521 36.8379 110.0184 101.9996 0.0000 37.7006 136.9430 62.1272 158.9454 23.2372 142.2033 65.9964 175.9597 72.4717 92.7430 31.2922 36.0097 20.2156 12.3114 188.2535 178.4366 58.2260 63.6939 155.0358 166.7676 193.4951 79.5570 130.5645 25.5243 113.9033 180.2056 144.6292 115.7309 159.9894 100.1796 111.6888 105.9929 201.2995 119.9551 66.4153 44.5023 90.3033 40.2115 135.1860 81.1756 109.6053 88.5249 75.0181 114.2899 46.7345 44.9942 175.5972 67.1145 104.2455 176.2508 185.8643 158.6926 14.7751 79.9830 53.5726 163.0008 85.6887 78.3550
52.3382 89.7504 133.5614 84.3731 82.3446 55.3472 99.4073 28.3876 93.9147 138.2920 118.4178 0.6323 176.3524 121.0096 31.1075 212.7538 109.6206 135.3733 65.1256 103.4663 42.8509 69.8903 145.7286 33.3448 175.9531 51.1649 55.2894 25.8430 21.0376 223.5132 208.4531 37.7006 0.0000 15.4980 173.2152 46.8645 97.1204 177.7375 117.2855 66.5068 16.6304 69.8340 40.0037 50.0003 117.1233 129.4969 183.7553 71.7892 71.5050 117.1916 119.6074 4.0378 70.3736 178.1912 174.0232 147.2392 96.9958 82.8141 55.6821 86.6867 87.6921 75.9234 63.6319 7.3840 27.0865 38.3035 94.9015 74.6133 110.9216 71.2933 136.1096 178.7857 141.0168 8.6821 227.5950 110.0046 185.4221 88.4844 96.4574 100.8819 158.3585 225.0881 94.0469 181.8203 38.6584 25.4432 141.7845 70.6787 34.1274 70.1464
55.1682 214.3072 45.4386 86.6848 164.5448 119.1979 174.7110 121.1424 84.2117 97.7049 96.2442 90.0962 19.9964 112.5982 190.6494 135.6314 83.8753 93.4114 42.3531 207.3250 106.6187 85.3298 64.6194 60.7147 101.9510 171.5255 152.2631 63.9312 173.4897 109.9219 135.6173 136.9430 15.4980 0.0000 95.8542 171.5782 107.5319 64.2611 17.2164 44.8865 15.0770 48.3438 133.8473 74.6119 100.5248 129.0568 86.9628 196.4504 134.9529 91.1995 69.8310 138.5415 74.5061 47.3943 77.1384 84.2577 3.1468 56.7608 72.8690 245.4001 133.6174 26.1012 106.9131 181.3492 105.8672 168.1500 109.4846 131.8130 80.5393 164.5085 160.2273 28.8133 23.8039 131.4015 134.5872 56.7213 170.3642 42.3611 197.5679 153.8033 101.1610 47.0617 113.6020 36.0341 140.5380 148.9283 59.1895 102.1183 100.2604 90.8849
71.1816 97.3845 118.1799 52.2523 128.7429 157.2412 124.8807 117.5721 90.1296 2.5626 131.3393 196.8089 172.8667 176.5014 188.6215 121.0081 117.4419 120.0141 113.6050 104.5035 97.3474 13.3863 126.7112 20.7409 4.2572 43.7704 103.3043 93.3314 170.7208 198.9405 122.7042 62.1272 173.2152 95.8542 0.0000 153.5703 259.7715 147.7809 173.7210 109.1164 108.8067 162.1278 123.7140 154.8439 83.9442 63.9619 143.2606 127.9820 72.1228 75.7712 191.6250 115.7302 35.3595 38.1175 105.8599 167.8228 159.1673 45.2859 84.4316 147.5100 117.4469 126.7945 75.9556 76.9531 164.8353 5.0352 120.2983 111.5578 86.6389 61.3404 91.2713 153.6731 174.9772 41.9607 100.0238 66.1102 53.8429 171.4960 110.0058 85.3579 182.3033 173.5515 181.7332 66.4312 14.8572 130.2475 17.0277 101.0012 103.1838 43.3003
105.5101 115.6816 192.1561 32.7219 153.4854 167.6658 66.4527 145.7066 106.3625 189.4522 37.2912 150.7280 100.8108 110.1709 67.6669 84.5818 38.0012 171.8293 242.4070 139.5347 238.9849 62.3557 81.9519 186.7681 163.8496 40.5575 130.6448 104.8420 34.7496 28.2813 117.9143 158.9454 46.8645 171.5782 153.5703 0.0000 95.1160 157.6282 154.9072 83.2192 122.3503 141.3976 58.7877 192.2241 90.4977 81.1816 55.4458 125.4437 46.4053 140.3261 125.1949 77.5564 46.9633 166.1118 56.4537 48.1043 50.0475 51.2973 97.0787 37.7479 168.3200 37.4968 142.4515 140.0390 109.0526 21.0412 209.6493 215.3255 83.8905 140.5484 43.9112 133.5803 135.1981 51.4356 23.7067 110.5509 111.1681 105.5256 100.1253 11.7753 79.8717 109.2090 131.4564 31.7730 74.4293 143.1605 95.1898 163.3472 51.2829 131.9478
35.3420 92.0642 8.3442 138.9508 98.5604 119.8276 123.5599 142.9997 146.3915 60.0833 74.9140 85.9523 25.3295 211.1439 175.8429 79.6405 14.3919 108.8776 92.8989 84.9362 80.0991 96.5251 107.9623 18.4515 176.3211 76.1731 119.3718 89.5914 146.6216 62.5518 123.7358 23.2372 97.1204 107.5319 259.7715 95.1160 0.0000 204.4501 103.0186 80.5818 172.3977 72.6339 15.3701 115.9467 65.9140 65.5954 165.5936 134.5920 141.8012 118.5038 149.4483 229.4160 53.8042 34.2757 195.1217 84.1124 61.8941 52.7361 40.7423 78.0882 69.9631 10.3607 81.4330 171.7077 71.1028 77.4297 107.5052 128.0179 80.3769 155.0322 241.9733 9.6628 13.7165 94.0575 33.3394 106.2308 169.7313 99.9243 51.2666 137.4974 97.3117 123.0264 117.5341 89.1777 27.5235 115.6114 98.8418 62.4890 211.9683 80.0260
87.2459 65.7854 22.7312 152.2376 75.2193 124.8269 60.4867 99.1981 17.2213 30.7240 70.5897 89.1329 153.8826 87.2839 92.5174 194.2072 40.2414 76.9634 53.5408 174.7446 44.1997 36.5754 46.3540 116.9242 140.6480 91.2140 116.0327 132.5596 6.9624 231.0165 106.2919 142.2033 177.7375 64.2611 147.7809 157.6282 204.4501 0.0000 88.7668 136.2111 113.1418 152.2166 41.4861 97.6570 113.8071 94.0196 207.2325 28.7725 85.7142 82.1198 119.3481 118.7969 157.8061 143.9299 58.7440 4.1191 134.2276 200.9513 109.9135 82.3866 94.8993 98.4646 140.4206 147.3520 113.1160 142.9233 109.5550 110.5205 125.7252 163.2446 169.8586 11.0582 192.4203 94.1104 133.2091 122.3328 142.0004 164.0958 109.7374 95.7753 105.4116 81.1806 72.5078 132.9215 126.5041 111.4446 177.4747 162.5830 93.9541 64.9796
43.4272 90.4799 72.7418 277.6726 63.4435 62.2318 108.4551 113.1463 48.8613 92.1301 83.0313 108.9995 126.4133 165.3018 90.1708 48.6951 233.1950 67.5955 58.5742 34.1807 163.8918 37.8132 100.4135 35.7624 25.2475 110.3455 8.9211 197.1120 99.7852 108.7590 139.8585 65.9964 117.2855 17.2164 173.7210 154.9072 103.0186 88.7668 0.0000 150.7022 42.2984 176.9941 167.3015 243.9099 45.5715 14.0775 91.1816 33.9889 56.0179 35.6841 3.1923 12.7051 37.4238 92.3750 83.4581 193.7620 49.6344 126.8323 83.2904 120.7602 128.5984 110.3880 84.0986 75.6019 106.5224 7.5556 192.0320 125.8641 114.0849 56.8855 46.9661 49.5453 34.0682 85.8056 66.6538 187.8045 76.6870 124.8254 56.9900 70.9542 77.7602 87.1248 84.5322 6.0754 37.2766 16.9693 32.1904 19.3194 117.4103 114.1857
127.0293 116.7763 236.1913 134.6102 205.5453 151.4128 109.2442 123.5848 116.3448 139.6118 87.5073 107.2212 25.8258 58.9927 88.1782 80.2591 51.5255 110.5678 20.6193 72.5248 112.8758 139.3566 162.0940 128.1870 75.1983 48.2976 71.9749 112.5679 52.6369 64.0749 30.5621 175.9597 66.5068 44.8865 109.1164 83.2192 80.5818 136.2111 150.7022 0.0000 31.7512 81.7521 124.0248 43.5105 27.6308 171.1432 140.1107 52.5444 46.6487 23.4256 211.2999 203.2695 22.1145 90.1133 137.9107 201.4256 146.1268 221.6005 83.0108 142.9942 125.0557 171.5359 150.9442 125.3329 108.3166 36.3458 92.0065 64.1578 126.0829 137.1460 5.5914 97.6470 104.7845 83.8188 89.7569 203.3332 119.9572 65.2521 131.0647 160.6611 15.9666 172.7622 59.9224 50.1850 99.0862 135.4446 119.5529 15.7474 76.7513 55.3478
185.7716 78.1579 232.0436 210.3937 95.4489 168.1913 111.5781 65.7483 111.0734 90.7670 95.8400 205.1623 27.8685 85.6678 32.7457 176.2923 208.5578 118.9461 93.7733 94.2814 60.4358 73.6308 132.5436 64.2076 125.9150 128.5889 92.0330 155.3117 75.1772 143.5606 74.0030 72.4717 16.6304 15.0770 108.8067 122.3503 172.3977 113.1418 42.2984 31.7512 0.0000 75.0232 129.1553 196.1726 23.0385 170.4982 56.4780 111.5622 114.8249 100.5667 121.0159 136.5849 105.3846 58.6721 152.0650 75.5651 199.4184 119.0279 245.2177 144.9404 38.9127 99.9969 43.5742 155.0493 69.9724 262.5709 187.3920 161.8245 125.9429 184.5113 122.8933 139.0224 75.2347 69.6416 35.5718 106.7930 95.4056 139.1544 92.1150 47.9840 133.5270 14.1662 127.0356 114.3629 58.9549 81.6834 59.2297 102.8167 232.8193 32.0172
162.7667 105.2387 199.4679 20.2496 98.4913 67.2935 133.6308 21.2042 115.7095 16.6171 199.5519 160.2804 66.9474 87.3791 35.6296 17.0886 12.0633 75.0058 37.7903 39.3190 155.1903 58.6769 118.4839 89.8486 90.6357 19.9132 15.8476 109.1878 140.2694 87.7344 18.5491 92.7430 69.8340 48.3438 162.1278 141.3976 72.6339 152.2166 176.9941 81.7521 75.0232 0.0000 219.2953 112.1180 39.5397 113.1400 177.2093 184.7997 111.9390 39.1385 188.1014 92.0708 176.3148 52.8492 171.7304 85.4359 156.7812 129.3604 135.6986 106.7198 121.2341 40.5318 44.4105 96.0655 111.9067 122.5155 86.8648 70.3123 147.5320 32.0123 187.2203 140.6192 115.3684 160.1113 92.3303 104.2795 160.9513 123.1633 128.1876 36.8788 29.9710 85.9720 169.1946 83.1169 82.9735 191.3063 103.2776 133.9535 140.5190 163.3734
109.9269 87.7340 52.1338 87.5998 127.4221 104.4841 139.7699 61.2852 27.5410 149.1142 140.0099 155.7566 7.0459 62.4131 92.7135 67.9867 104.1103 173.8800 183.8963 63.3965 192.8729 71.1956 79.0264 21.6236 64.3063 10.4868 109.4409 210.5713 153.2317 58.5513 63.7234 31.2922 40.0037 133.8473 123.7140 58.7877 15.3701 41.4861 167.3015 124.0248 129.1553 219.2953 0.0000 65.2464 88.0483 175.1032 97.4314 138.2623 122.9491 68.1328 157.7032 135.7086 127.9038 151.0882 77.5669 106.8556 87.1305 57.4879 103.0663 137.3140 156.9516 125.1766 188.3764 92.5227 46.0002 87.0913 64.1393 100.0901 109.9084 77.1339 163.4184 99.7519 100.7043 95.5147 177.4197 146.5394 142.8525 87.9373 84.4060 188.1351 151.2120 126.7666 156.5483 131.1396 35.0474 84.8293 194.5236 169.4591 51.8036 142.9139
37.9543 146.9055 129.0825 126.1262 100.6159 126.4975 43.8053 117.5977 68.8089 126.6079 139.3150 103.6290 65.3991 102.9398 103.0594 244.0169 117.5067 62.8168 84.4758 110.3966 61.5895 178.2258 57.6675 106.2944 29.2670 125.2882 111.9170 104.5526 61.1558 132.9133 63.9920 36.0097 50.0003 74.6119 154.8439 192.2241 115.9467 97.6570 243.9099 43.5105 196.1726 112.1180 65.2464 0.0000 77.5764 69.7773 68.2040 178.8822 145.1670 103.0190 93.3934 100.3497 78.7965 59.8839 136.5841 205.3737 154.3862 116.2947 30.2040 115.1296 85.8270 56.8267 26.5851 166.3499 88.4776 31.5891 13.9592 235.9265 194.5571 80.4463 134.1901 191.5164 114.7138 106.1234 99.2905 79.3274 168.6291 217.2141 170.8311 110.1195 75.8829 167.3645 46.4884 96.1883 10.7122 18.9631 232.9755 116.0864 87.1321 42.3714
128.0660 129.6674 75.1214 19.2579 97.5692 32.9798 125.7832 42.4882 87.4932 69.8834 108.2016 52.8604 84.5216 126.2778 74.7873 232.7187 47.3040 80.8673 140.3356 60.8715 124.3897 61.0838 172.3912 101.1400 153.7088 189.0736 122.3482 142.8088 22.6025 114.8079 143.7902 20.2156 117.1233 100.5248 83.9442 90.4977 65.9140 113.8071 45.5715 27.6308 23.0385 39.5397 88.0483 77.5764 0.0000 50.3137 146.3228 88.1261 136.1025 127.3965 74.9587 147.3023 168.6803 125.9253 118.9923 128.8983 157.8399 117.5950 69.2861 105.3740 146.7146 146.7560 53.2992 105.4778 14.4173 85.4075 207.3302 95.5242 166.5492 70.7302 213.3355 154.1261 134.9607 249.8492 111.3397 111.8783 107.3712 106.8967 110.0433 79.5776 53.6227 79.8214 74.8817 62.9585 185.6981 109.2899 186.7330 110.4927 54.4654 97.9692
197.3999 177.7356 101.0508 90.9900 129.6276 63.6837 146.5545 158.3889 55.9432 7.8284 12.7561 209.8339 15.4433 108.5237 110.4872 174.6147 174.4553 120.7791 75.1177 62.3484 54.5047 109.7695 155.5867 51.0469 69.5425 215.3135 86.3954 132.8191 148.9070 66.0239 129.8590 12.3114 129.4969 129.0568 63.9619 81.1816 65.5954 94.0196 14.0775 171.1432 170.4982 113.1400 175.1032 69.7773 50.3137 0.0000 104.9182 66.4101 145.0198 100.5893 157.1114 109.0739 98.2163 59.9151 92.3494 104.0383 17.5563 107.8999 176.2994 111.4894 120.8969 51.4924 141.2831 130.4497 31.6761 236.3993 196.2862 24.5125 16.9836 101.4847 112.9407 88.1367 108.5440 129.3196 40.9321 37.7639 144.8332 173.3350 1.5422 131.1676 223.4971 36.8513 170.9364 117.5596 121.2097 131.1926 104.1926 138.0812 58.6603 105.5677
182.2224 82.5915 139.9773 36.0648 126.8573 65.0579 107.2418 65.8001 114.9206 259.7866 38.9947 106.7913 107.0681 198.9881 101.6720 63.3673 2.9426 78.7201 197.5139 107.5214 36.5073 51.9419 61.7170 33.9134 69.7946 66.1302 191.9798 130.5582 48.6225 113.9436 66.1366 188.2535 183.7553 86.9628 143.2606 55.4458 165.5936 207.2325 91.1816 140.1107 56.4780 177.2093 97.4314 68.2040 146.3228 104.9182 0.0000 13.0734 15.2829 188.3369 87.5819 147.7174 135.7044 49.9249 41.8471 162.1816 67.5549 115.2188 135.2608 218.4991 94.7117 59.0281 38.7320 124.0063 162.8265 147.1648 140.5050 242.3845 154.2626 19.0529 179.5742 50.2166 38.6478 125.6809 106.7276 86.4948 179.0475 62.1960 114.4891 212.1252 190.6325 189.7211 81.6891 123.9039 173.3306 130.3753 67.0279 66.2992 108.6806 30.6843
141.7569 102.2356 48.7105 79.7348 65.2792 123.6934 52.6943 51.4504 75.7232 172.8009 166.0670 87.3437 91.4270 23.2027 50.8971 158.1704 130.3768 75.4176 54.3301 150.8316 183.3108 157.3943 60.2666 54.2973 144.3944 56.5037 230.1022 246.4888 116.4880 47.1111 68.8144 178.4366 71.7892 196.4504 127.9820 125.4437 134.5920 28.7725 33.9889 52.5444 111.5622 184.7997 138.2623 178.8822 88.1261 66.4101 13.0734 0.0000 17.6447 67.2901 64.4902 126.2383 47.1785 124.6320 53.2647 177.6375 131.6279 96.3023 62.0603 38.3464 166.6175 21.4422 146.8439 13.5900 91.0000 132.5877 56.0667 112.8077 132.0384 124.6423 80.3618 72.0152 61.8820 122.9327 143.4582 138.6248 91.7205 97.5044 161.9551 129.5966 190.0985 183.0843 178.5050 97.1055 63.2667 106.2145 107.4114 185.0223 108.0498 120.8366
225.1450 103.1786 7.7110 34.0072 118.0192 169.2678 61.9671 43.7177 187.2437 169.9114 107.5028 62.4057 131.8500 91.6548 5.0105 106.8728 38.0496 152.1318 212.4047 131.5083 187.4018 93.8176 112.2140 98.9276 66.2244 96.2904 170.5771 203.1263 153.8991 201.1165 81.7857 58.2260 71.5050 134.9529 72.1228 46.4053 141.8012 85.7142 56.0179 46.6487 114.8249 111.9390 122.9491 145.1670 136.1025 145.0198 15.2829 17.6447 0.0000 17.5510 92.7724 128.6753 34.0486 68.4222 92.6414 116.6331 34.8494 100.5258 43.2552 12.8123 164.6352 45.9596 146.6863 172.2743 2.2482 22.3668 161.0020 110.7565 106.8039 34.7886 210.6496 146.0682 135.1804 79.5166 111.7365 73.8830 64.5578 102.2261 188.4274 156.4263 134.8988 212.6864 191.6688 8.5445 106.0418 166.5584 53.1607 76.6136 125.2672 35.5297
78.1433 94.7043 206.1049 120.5795 157.2471 55.5837 106.5682 131.5232 193.9284 73.5829 161.0186 117.0691 58.2522 47.1905 99.9340 117.5441 210.5892 58.9258 156.7232 23.4146 201.9452 35.9150 64.7921 52.2771 140.4195 30.5096 22.4573 112.1531 113.8184 118.5590 38.2634 63.6939 117.1916 91.1995 75.7712 140.3261 118.5038 82.1198 35.6841 23.4256 100.5667 39.1385 68.1328 103.0190 127.3965 100.5893 188.3369 67.2901 17.5510 0.0000 117.3670 244.7435 85.0915 106.1322 8.8494 81.7787 65.1298 115.7616 111.3661 121.0091 68.3512 1.8968 190.8221 83.9814 97.5386 81.2297 233.4760 191.5502 28.2979 10.3490 71.3287 167.7954 3.9436 171.1171 62.1738 57.8119 171.4920 165.7323 35.7998 145.9413 2.0167 189.6142 43.8103 223.3502 115.5262 51.2040 158.1064 216.3753 87.2334 135.2533
90.9267 86.2688 136.0528 198.4544 196.6830 61.8458 51.8742 137.1588 40.9466 130.5615 111.7334 36.0344 112.1210 181.4248 86.1826 98.6700 187.3397 24.9137 145.3611 121.3004 69.9793 89.5937 67.6561 128.1775 133.0128 163.4573 73.0842 72.9721 70.2341 146.9448 49.7912 155.0358 119.6074 69.8310 191.6250 125.1949 149.4483 119.3481 3.1923 211.2999 121.0159 188.1014 157.7032 93.3934 74.9587 157.1114 87.5819 64.4902 92.7724 117.3670 0.0000 30.3824 31.6703 180.8702 168.8851 82.5503 140.1788 131.4772 143.8759 122.2537 30.8314 111.4517 117.9350 42.3157 76.1664 58.2765 225.8649 62.7542 15.2510 120.9150 95.8918 125.4494 178.8432 166.7963 114.0571 73.6109 157.0824 150.9010 73.3829 149.4116 88.8672 214.0031 101.9590 54.3766 135.6340 74.8564 118.0544 18.5238 160.6903 44.4192
115.9558 67.5162 26.6110 50.5957 33.6940 150.3023 88.1946 156.0085 240.7640 41.1546 79.7279 139.1524 119.1641 195.3508 113.4160 143.7260 32.4412 102.3979 21.1131 210.5779 113.4684 107.4141 119.3533 114.3458 80.5785 93.4298 122.9581 72.7142 79.4475 116.3434 59.5051 166.7676 4.0378 138.5415 115.7302 77.5564 229.4160 118.7969 12.7051 203.2695 136.5849 92.0708 135.7086 100.3497 147.3023 109.0739 147.7174 126.2383 128.6753 244.7435 30.3824 0.0000 62.7284 125.4725 168.4512 88.5214 139.9777 196.4950 189.4425 96.1967 166.4481 159.9071 5.9267 83.6845 95.3058 102.7001 118.3837 44.3659 152.0590 72.1997 135.2687 88.7238 199.1480 80.1846 134.7594 33.2474 120.8347 54.9076 113.4975 146.8521 143.6588 107.8517 95.9319 173.3281 146.9296 119.3270 118.3702 52.7462 155.7297 100.2099
