15
0.0000 71.9847 41.8829 24.1063 95.1437 45.5223 89.6036 150.7790 143.6626 32.2449 28.5932 147.1899 44.6767 205.3350 70.8770
71.9847 0.0000 131.3218 182.9740 79.0245 103.2493 44.3176 11.7161 154.7226 92.4281 104.9904 104.4124 33.3819 110.0106 40.1515
41.8829 131.3218 0.0000 160.5930 134.6479 140.6556 72.8271 130.8969 25.0145 82.6246 62.2514 40.9169 104.0651 111.0925 98.6158
24.1063 182.9740 160.5930 0.0000 122.9276 211.3946 144.7536 199.8704 37.4809 36.1798 92.0392 68.7748 151.7188 98.3841 49.3016
95.1437 79.0245 134.6479 122.9276 0.0000 51.8731 133.7575 37.6596 93.9933 140.7987 42.2189 98.2812 193.2536 52.4661 112.5020
45.5223 103.2493 140.6556 211.3946 51.8731 0.0000 140.4199 139.5806 58.3233 35.9902 70.3922 87.1526 92.2667 144.2790 257.0270
89.6036 44.3176 72.8271 144.7536 133.7575 140.4199 0.0000 81.5400 76.8606 142.9890 105.0028 106.6975 118.4741 123.5561 162.7831
150.7790 11.7161 130.8969 199.8704 37.6596 139.5806 81.5400 0.0000 23.2980 87.7032 46.4694 69.9415 126.0911 179.4869 121.9647
143.6626 154.7226 25.0145 37.4809 93.9933 58.3233 76.8606 23.2980 0.0000 147.5387 52.4273 138.2046 173.0340 29.1413 187.2774
32.2449 92.4281 82.6246 36.1798 140.7987 35.9902 142.9890 87.7032 147.5387 0.0000 14.6933 67.1540 138.7517 60.0178 0.0200
28.5932 104.9904 62.2514 92.0392 42.2189 70.3922 105.0028 46.4694 52.4273 14.6933 0.0000 113.5260 175.4039 47.2152 105.0268
147.1899 104.4124 40.9169 68.7748 98.2812 87.1526 106.6975 69.9415 138.2046 67.1540 113.5260 0.0000 149.5154 180.1640 191.8040
44.6767 33.3819 104.0651 151.7188 193.2536 92.2667 118.4741 126.0911 173.0340 138.7517 175.4039 149.5154 0.0000 115.5960 114.1984
205.3350 110.0106 111.0925 98.3841 52.4661 144.2790 123.5561 179.4869 29.1413 60.0178 47.2152 180.1640 115.5960 0.0000 161.4175
70.8770 40.1515 98.6158 49.3016 112.5020 257.0270 162.7831 121.9647 187.2774 0.0200 105.0268 191.8040 114.1984 161.4175 0.0000
