15
0.0000 93.9541 156.6296 140.5852 147.7066 21.6905 130.2831 197.1905 133.7064 137.0448 85.9432 140.7338 247.0737 96.8401 135.4648
93.9541 0.0000 59.3702 60.2333 187.5825 24.6276 187.5478 10.9341 58.8242 38.5397 123.2749 138.6039 66.9837 167.9943 38.7808
156.6296 59.3702 0.0000 159.4870 89.7926 91.8263 18.0641 213.6625 128.0471 162.0467 215.1716 136.8901 108.3373 126.6687 185.5435
140.5852 60.2333 159.4870 0.0000 112.5732 200.3840 133.5452 135.1288 135.5046 110.5656 68.1920 67.2526 159.9259 81.4767 147.7066
147.7066 187.5825 89.7926 112.5732 0.0000 141.7378 194.7051 27.3094 275.8873 102.9621 69.8920 157.5739 190.3779 131.7846 87.8072
21.6905 24.6276 91.8263 200.3840 141.7378 0.0000 41.6572 45.3172 30.3936 111.8293 93.5690 103.7873 104.4994 166.3946 87.0576
130.2831 187.5478 18.0641 133.5452 194.7051 41.6572 0.0000 66.6598 84.4050 8.6479 183.8017 153.3757 46.9093 214.0528 119.4363
197.1905 10.9341 213.6625 135.1288 27.3094 45.3172 66.6598 0.0000 79.9811 102.0981 94.0403 176.7719 136.7854 141.3198 143.2296
133.7064 58.8242 128.0471 135.5046 275.8873 30.3936 84.4050 79.9811 0.0000 116.6151 61.5704 76.0342 133.0322 73.0959 145.6069
137.0448 38.5397 162.0467 110.5656 102.9621 111.8293 8.6479 102.0981 116.6151 0.0000 79.6864 138.0186 81.2743 8.8864 78.1998
85.9432 123.2749 215.1716 68.1920 69.8920 93.5690 183.8017 94.0403 61.5704 79.6864 0.0000 117.0425 22.5104 81.3228 184.9171
140.7338 138.6039 136.8901 67.2526 157.5739 103.7873 153.3757 176.7719 76.0342 138.0186 117.0425 0.0000 89.0365 75.9681 168.3141
247.0737 66.9837 108.3373 159.9259 190.3779 104.4994 46.9093 136.7854 133.0322 81.2743 22.5104 89.0365 0.0000 131.6451 35.3468
96.8401 167.9943 126.6687 81.4767 131.7846 166.3946 214.0528 141.3198 73.0959 8.8864 81.3228 75.9681 131.6451 0.0000 41.4561
135.4648 38.7808 185.5435 147.7066 87.8072 87.0576 119.4363 143.2296 145.6069 78.1998 184.9171 168.3141 35.3468 41.4561 0.0000
