15
0.0000 94.9320 50.6371 121.5485 173.3323 83.8777 49.4254 61.5382 56.1455 53.8462 50.0033 116.9132 156.9229 48.3106 54.0537
94.9320 0.0000 79.1479 30.0668 143.4690 38.2722 74.3652 14.9736 179.0071 101.2927 115.2242 38.4686 35.4433 105.2958 137.9352
50.6371 79.1479 0.0000 99.9933 42.6248 105.5621 128.6323 30.5378 159.8326 154.2788 56.0921 53.9895 226.0115 125.9397 44.0650
121.5485 30.0668 99.9933 0.0000 10.3665 48.4693 122.5790 57.4963 127.7052 232.2470 27.8532 216.3182 58.1925 93.7956 119.0965
173.3323 143.4690 42.6248 10.3665 0.0000 79.1337 146.1991 56.2500 185.1235 92.6910 168.6355 12.4475 132.6655 141.7686 135.8722
83.8777 38.2722 105.5621 48.4693 79.1337 0.0000 142.0158 72.7269 168.6357 46.7981 145.3011 12.5878 138.0550 114.4714 161.9603
49.4254 74.3652 128.6323 122.5790 146.1991 142.0158 0.0000 196.1814 123.0486 88.6809 34.9716 111.3025 175.6217 130.7339 78.7828
61.5382 14.9736 30.5378 57.4963 56.2500 72.7269 196.1814 0.0000 64.9908 172.1900 10.4026 36.6845 131.2329 42.2836 50.5775
56.1455 179.0071 159.8326 127.7052 185.1235 168.6357 123.0486 64.9908 0.0000 110.3358 32.5209 157.2350 64.0007 104.3564 130.0483
53.8462 101.2927 154.2788 232.2470 92.6910 46.7981 88.6809 172.1900 110.3358 0.0000 189.3780 109.9950 95.9534 89.6491 130.1121
50.0033 115.2242 56.0921 27.8532 168.6355 145.3011 34.9716 10.4026 32.5209 189.3780 0.0000 17.8945 59.4181 153.9004 89.6792
116.9132 38.4686 53.9895 216.3182 12.4475 12.5878 111.3025 36.6845 157.2350 109.9950 17.8945 0.0000 101.8682 57.1416 77.6094
156.9229 35.4433 226.0115 58.1925 132.6655 138.0550 175.6217 131.2329 64.0007 95.9534 59.4181 101.8682 0.0000 37.8561 168.0395
48.3106 105.2958 125.9397 93.7956 141.7686 114.4714 130.7339 42.2836 104.3564 89.6491 153.9004 57.1416 37.8561 0.0000 51.3956
54.0537 137.9352 44.0650 119.0965 135.8722 161.9603 78.7828 50.5775 130.0483 130.1121 89.6792 77.6094 168.0395 51.3956 0.0000
