15
0.0000 40.6961 109.8465 159.3908 222.7681 17.3379 171.1871 19.2780 202.0228 95.3762 135.4613 99.3105 119.1327 112.0989 64.1966
40.6961 0.0000 42.5710 217.6734 163.5984 85.5484 53.5759 123.6347 165.8511 79.7786 208.8279 155.1422 118.8915 226.6444 104.7488
109.8465 42.5710 0.0000 37.3988 135.6438 94.2044 35.4007 118.6329 132.1176 183.7647 56.2582 107.8001 56.9352 122.0836 148.2271
159.3908 217.6734 37.3988 0.0000 88.5772 118.5051 158.7189 187.3877 30.5233 190.7691 157.4232 36.4967 80.4095 69.2569 193.4765
222.7681 163.5984 135.6438 88.5772 0.0000 134.3742 96.3570 19.7694 197.4991 139.6244 41.8934 233.4349 86.9769 68.9416 85.8379
17.3379 85.5484 94.2044 118.5051 134.3742 0.0000 96.1496 160.9936 156.8037 87.6852 17.4563 155.2832 80.6168 45.0109 149.3671
171.1871 53.5759 35.4007 158.7189 96.3570 96.1496 0.0000 92.7257 91.2866 110.7210 116.0808 0.3575 133.9651 84.7104 132.7957
19.2780 123.6347 118.6329 187.3877 19.7694 160.9936 92.7257 0.0000 101.4554 165.5530 122.5922 119.1018 61.0882 175.0645 147.7955
202.0228 165.8511 132.1176 30.5233 197.4991 156.8037 91.2866 101.4554 0.0000 111.2531 142.1350 242.6877 73.1349 181.5752 74.7287
95.3762 79.7786 183.7647 190.7691 139.6244 87.6852 110.7210 165.5530 111.2531 0.0000 113.0882 157.7976 111.2483 46.1855 38.8155
135.4613 208.8279 56.2582 157.4232 41.8934 17.4563 116.0808 122.5922 142.1350 113.0882 0.0000 33.6066 169.5642 49.4792 101.1862
99.3105 155.1422 107.8001 36.4967 233.4349 155.2832 0.3575 119.1018 242.6877 157.7976 33.6066 0.0000 127.0439 150.2063 96.6501
119.1327 118.8915 56.9352 80.4095 86.9769 80.6168 133.9651 61.0882 73.1349 111.2483 169.5642 127.0439 0.0000 102.4533 68.9052
112.0989 226.6444 122.0836 69.2569 68.9416 45.0109 84.7104 175.0645 181.5752 46.1855 49.4792 150.2063 102.4533 0.0000 93.4526
64.1966 104.7488 148.2271 193.4765 85.8379 149.3671 132.7957 147.7955 74.7287 38.8155 101.1862 96.6501 68.9052 93.4526 0.0000
