15
0.0000 19.9209 1.6403 147.6613 116.3602 44.1426 173.8628 9.5844 191.3386 65.7675 230.3456 85.8234 30.7691 167.3311 179.9822
19.9209 0.0000 1.6010 100.2165 57.2342 90.1131 85.2359 58.0284 119.0540 127.9007 135.6281 140.7348 74.6211 13.7257 100.7219
1.6403 1.6010 0.0000 96.5774 128.6173 72.2910 163.2932 161.0514 67.9179 160.8853 94.6727 91.7022 100.0911 141.4825 199.4777
147.6613 100.2165 96.5774 0.0000 53.1402 103.7585 119.8080 176.8181 181.7657 62.2696 86.9333 207.5607 135.9055 79.9222 163.0280
116.3602 57.2342 128.6173 53.1402 0.0000 169.9843 111.7808 116.9095 100.3243 106.7895 114.3274 95.6798 51.4763 67.4366 1.1488
44.1426 90.1131 72.2910 103.7585 169.9843 0.0000 129.4770 96.8755 72.0429 120.3429 122.8009 60.8844 167.6326 109.4091 79.7524
173.8628 85.2359 163.2932 119.8080 111.7808 129.4770 0.0000 138.6498 54.8547 26.1184 146.4292 107.4120 123.7915 144.1155 92.0974
9.5844 58.0284 161.0514 176.8181 116.9095 96.8755 138.6498 0.0000 24.7009 81.8686 119.0385 107.4854 105.3272 93.1395 90.1830
191.3386 119.0540 67.9179 181.7657 100.3243 72.0429 54.8547 24.7009 0.0000 89.0140 136.8544 104.9668 50.6573 110.1172 185.7463
65.7675 127.9007 160.8853 62.2696 106.7895 120.3429 26.1184 81.8686 89.0140 0.0000 161.3435 85.9710 117.6387 45.9945 84.9391
230.3456 135.6281 94.6727 86.9333 114.3274 122.8009 146.4292 119.0385 136.8544 161.3435 0.0000 152.9865 152.1054 108.4455 92.0237
85.8234 140.7348 91.7022 207.5607 95.6798 60.8844 107.4120 107.4854 104.9668 85.9710 152.9865 0.0000 87.7227 105.5887 27.1225
30.7691 74.6211 100.0911 135.9055 51.4763 167.6326 123.7915 105.3272 50.6573 117.6387 152.1054 87.7227 0.0000 70.5035 57.6766
167.3311 13.7257 141.4825 79.9222 67.4366 109.4091 144.1155 93.1395 110.1172 45.9945 108.4455 105.5887 70.5035 0.0000 130.4757
179.9822 100.7219 199.4777 163.0280 1.1488 79.7524 92.0974 90.1830 185.7463 84.9391 92.0237 27.1225 57.6766 130.4757 0.0000
