15
0.0000 21.1714 151.0356 118.9395 174.3473 117.3043 144.3186 205.2032 27.4458 74.9732 180.9304 105.4627 35.5265 108.4976 182.1925
21.1714 0.0000 178.2615 41.2559 153.2632 113.0061 70.5803 119.4422 30.5668 96.6353 131.4898 132.0032 115.6883 140.6828 75.7291
151.0356 178.2615 0.0000 125.9775 108.3912 96.9863 73.6146 181.9833 148.7781 62.9824 152.9257 12.6711 118.7511 174.4417 110.4554
118.9395 41.2559 125.9775 0.0000 165.8606 78.0042 89.8544 74.8328 87.4602 148.3527 80.9193 79.5772 141.8462 172.8491 102.7303
174.3473 153.2632 108.3912 165.8606 0.0000 20.5134 28.8142 210.1326 129.4861 17.7320 80.0484 102.3646 66.3578 163.2754 192.1441
117.3043 113.0061 96.9863 78.0042 20.5134 0.0000 164.6186 221.1262 197.5725 150.4858 159.4199 221.8827 229.2779 190.7310 76.0780
144.3186 70.5803 73.6146 89.8544 28.8142 164.6186 0.0000 127.8153 198.1330 152.5729 129.9927 266.5095 46.3976 187.7304 84.8522
205.2032 119.4422 181.9833 74.8328 210.1326 221.1262 127.8153 0.0000 149.5654 144.2506 102.6149 101.8496 127.7286 127.0768 91.6461
27.4458 30.5668 148.7781 87.4602 129.4861 197.5725 198.1330 149.5654 0.0000 205.3890 61.0836 89.1863 141.7030 30.1097 25.2378
74.9732 96.6353 62.9824 148.3527 17.7320 150.4858 152.5729 144.2506 205.3890 0.0000 109.0023 139.0993 193.5372 78.2357 24.6875
180.9304 131.4898 152.9257 80.9193 80.0484 159.4199 129.9927 102.6149 61.0836 109.0023 0.0000 74.3862 80.1658 124.3911 60.6234
105.4627 132.0032 12.6711 79.5772 102.3646 221.8827 266.5095 101.8496 89.1863 139.0993 74.3862 0.0000 30.0286 105.2071 128.4420
35.5265 115.6883 118.7511 141.8462 66.3578 229.2779 46.3976 127.7286 141.7030 193.5372 80.1658 30.0286 0.0000 50.8754 118.1145
108.4976 140.6828 174.4417 172.8491 163.2754 190.7310 187.7304 127.0768 30.1097 78.2357 124.3911 105.2071 50.8754 0.0000 131.0297
182.1925 75.7291 110.4554 102.7303 192.1441 76.0780 84.8522 91.6461 25.2378 24.6875 60.6234 128.4420 118.1145 131.0297 0.0000
