15
0.0000 77.2369 106.8827 55.8787 234.2960 165.7343 126.2327 117.5721 61.8244 90.0077 201.3604 156.9197 7.1478 53.7840 217.0461
77.2369 0.0000 43.1673 112.2054 185.7097 162.1230 112.5563 181.8957 66.2969 45.6952 139.1954 110.9038 82.2284 122.9123 117.5094
106.8827 43.1673 0.0000 22.7208 169.3867 79.9828 211.9667 104.6504 120.9248 230.1341 36.3134 17.9744 107.8808 61.1203 181.7403
55.8787 112.2054 22.7208 0.0000 142.1248 186.6192 54.4754 103.9476 107.9278 111.8303 141.9166 63.0893 174.3114 4.1496 204.2789
234.2960 185.7097 169.3867 142.1248 0.0000 95.2661 223.7456 52.2696 94.0945 98.2707 53.1751 134.7030 47.3815 221.7240 171.6372
165.7343 162.1230 79.9828 186.6192 95.2661 0.0000 193.9177 115.8115 115.3663 128.4707 95.7176 103.0273 140.5196 152.7059 104.3870
126.2327 112.5563 211.9667 54.4754 223.7456 193.9177 0.0000 204.6096 97.8030 10.5596 25.0173 100.7710 171.9041 63.2213 120.7953
117.5721 181.8957 104.6504 103.9476 52.2696 115.8115 204.6096 0.0000 45.6145 150.2438 127.3104 113.8763 84.7244 197.6824 101.1984
61.8244 66.2969 120.9248 107.9278 94.0945 115.3663 97.8030 45.6145 0.0000 104.5087 106.2412 64.0059 3.8212 140.0652 46.0277
90.0077 45.6952 230.1341 111.8303 98.2707 128.4707 10.5596 150.2438 104.5087 0.0000 188.8555 158.7122 182.6189 108.3893 124.9406
201.3604 139.1954 36.3134 141.9166 53.1751 95.7176 25.0173 127.3104 106.2412 188.8555 0.0000 51.8975 150.1547 207.8075 183.7790
156.9197 110.9038 17.9744 63.0893 134.7030 103.0273 100.7710 113.8763 64.0059 158.7122 51.8975 0.0000 42.7887 88.3179 213.1973
7.1478 82.2284 107.8808 174.3114 47.3815 140.5196 171.9041 84.7244 3.8212 182.6189 150.1547 42.7887 0.0000 130.4477 215.2708
53.7840 122.9123 61.1203 4.1496 221.7240 152.7059 63.2213 197.6824 140.0652 108.3893 207.8075 88.3179 130.4477 0.0000 138.8543
217.0461 117.5094 181.7403 204.2789 171.6372 104.3870 120.7953 101.1984 46.0277 124.9406 183.7790 213.1973 215.2708 138.8543 0.0000
