30
0.0000 137.0696 167.7730 167.5230 23.4848 107.4696 146.0170 88.8571 78.7910 39.1266 73.5484 156.5812 83.2852 241.8851 140.9272 24.5423 130.0590 154.0294 53.2235 64.7041 144.8537 92.9164 255.1355 172.9207 102.7003 60.7045 164.9665 71.3516 125.9765 12.9944
137.0696 0.0000 43.2227 108.2876 152.5699 195.9704 103.6228 138.1932 201.9410 98.3738 158.0773 21.3985 101.6615 153.6111 21.6138 140.1007 168.5946 188.5525 91.2040 89.3820 67.3740 51.3508 73.5495 49.6771 80.0405 180.7133 114.4572 135.3063 25.1201 67.8596
167.7730 43.2227 0.0000 94.4975 92.8586 109.6139 30.6589 131.3066 37.0057 136.2199 55.3990 125.7954 42.0211 79.0339 54.2908 151.9926 78.0384 128.8015 119.7179 54.3371 190.2026 90.9457 34.0496 25.8420 160.6160 124.2713 134.8698 47.8594 2.5665 30.8346
167.5230 108.2876 94.4975 0.0000 47.1197 137.4371 177.6672 45.3648 122.6492 133.3630 139.0842 106.0081 108.9194 130.0208 95.3570 197.0666 74.6605 54.9021 100.9188 118.7905 159.7765 194.7483 93.4727 99.9021 143.4400 88.6999 226.0966 136.9821 138.1079 128.9098
23.4848 152.5699 92.8586 47.1197 0.0000 160.3674 121.4306 92.0044 94.2708 119.0864 52.7492 43.9397 39.4520 173.0665 157.2547 162.1993 206.9583 56.9582 173.0781 237.4096 134.1942 142.5403 157.1570 213.6008 107.3002 96.3064 158.3453 110.9072 103.8543 135.5314
107.4696 195.9704 109.6139 137.4371 160.3674 0.0000 105.1223 82.4259 126.2401 128.5132 98.1142 13.9177 200.3753 140.7141 65.5444 61.6889 154.5073 73.9926 127.8271 154.9473 167.9275 83.8782 74.8004 126.6719 249.3239 110.6929 37.5105 73.8643 42.5080 123.0569
146.0170 103.6228 30.6589 177.6672 121.4306 105.1223 0.0000 81.7230 62.6463 33.8252 11.6909 98.0745 130.6229 173.9116 61.8932 170.8838 107.6377 107.0668 77.1094 24.1262 171.0868 86.8487 107.3769 29.4339 98.1654 71.7141 130.0413 84.1289 142.1209 206.6198
88.8571 138.1932 131.3066 45.3648 92.0044 82.4259 81.7230 0.0000 68.2748 143.1195 70.8470 46.7257 121.7811 146.1026 27.4549 105.0367 163.6473 159.3871 122.2288 152.3469 86.7111 42.2506 98.1926 22.8539 174.9799 55.3817 171.6385 102.4464 19.0788 95.3349
78.7910 201.9410 37.0057 122.6492 94.2708 126.2401 62.6463 68.2748 0.0000 162.1616 109.9686 133.6395 112.8887 117.9500 101.9367 144.4018 98.4912 172.1174 124.7910 134.4431 168.4615 32.5219 122.2459 202.1158 128.8575 50.1994 130.3459 105.1128 56.1675 133.4494
39.1266 98.3738 136.2199 133.3630 119.0864 128.5132 33.8252 143.1195 162.1616 0.0000 109.3830 134.1792 98.3467 121.9200 65.9869 155.4757 106.1064 63.7248 172.7945 96.5043 126.8467 75.4736 89.2457 53.1823 169.4772 150.0082 95.0405 35.1522 43.2515 232.4165
73.5484 158.0773 55.3990 139.0842 52.7492 98.1142 11.6909 70.8470 109.9686 109.3830 0.0000 107.7079 137.8109 142.6339 114.4437 164.7157 56.2733 238.5657 48.2589 85.6765 149.8132 87.9994 58.6925 209.6675 27.7973 200.9249 100.0418 139.5173 81.0939 90.6798
156.5812 21.3985 125.7954 106.0081 43.9397 13.9177 98.0745 46.7257 133.6395 134.1792 107.7079 0.0000 78.9872 69.4848 89.7409 117.1727 211.3034 38.3008 199.1254 129.9939 99.1040 147.6991 116.2895 106.7880 135.4127 89.9303 72.9234 106.1225 72.0811 92.6409
83.2852 101.6615 42.0211 108.9194 39.4520 200.3753 130.6229 121.7811 112.8887 98.3467 137.8109 78.9872 0.0000 66.7402 135.4216 218.8196 142.6529 72.5062 168.9227 120.8170 108.3007 129.8555 172.9411 199.3677 35.9490 67.6819 25.4606 96.6441 99.9361 73.8503
241.8851 153.6111 79.0339 130.0208 173.0665 140.7141 173.9116 146.1026 117.9500 121.9200 142.6339 69.4848 66.7402 0.0000 162.5948 130.1543 26.5091 142.9437 61.7582 47.7064 53.2050 179.0091 78.4088 18.1620 150.8605 116.1950 113.3851 48.9142 114.2202 185.5735
140.9272 21.6138 54.2908 95.3570 157.2547 65.5444 61.8932 27.4549 101.9367 65.9869 114.4437 89.7409 135.4216 162.5948 0.0000 73.3313 58.4589 65.2420 59.1833 80.4739 12.6223 223.6324 164.8435 105.6408 47.0060 130.9106 63.2513 225.4312 199.8063 74.8838
24.5423 140.1007 151.9926 197.0666 162.1993 61.6889 170.8838 105.0367 144.4018 155.4757 164.7157 117.1727 218.8196 130.1543 73.3313 0.0000 79.4813 76.7656 159.9456 149.7489 105.9707 87.3607 19.0696 163.9472 50.3676 69.2086 202.7627 40.6257 99.3639 156.2632
130.0590 168.5946 78.0384 74.6605 206.9583 154.5073 107.6377 163.6473 98.4912 106.1064 56.2733 211.3034 142.6529 26.5091 58.4589 79.4813 0.0000 71.1599 207.8819 69.8033 56.4575 179.6038 149.0512 108.8323 115.3879 181.8821 157.5531 60.3704 79.9134 108.6762
154.0294 188.5525 128.8015 54.9021 56.9582 73.9926 107.0668 159.3871 172.1174 63.7248 238.5657 38.3008 72.5062 142.9437 65.2420 76.7656 71.1599 0.0000 115.9195 128.0370 70.3468 154.9491 146.9108 78.5343 61.1943 51.7068 73.3533 115.2736 90.4064 66.7921
53.2235 91.2040 119.7179 100.9188 173.0781 127.8271 77.1094 122.2288 124.7910 172.7945 48.2589 199.1254 168.9227 61.7582 59.1833 159.9456 207.8819 115.9195 0.0000 15.2815 85.3867 178.0352 158.8660 38.9629 26.8799 36.2757 157.7911 174.6821 107.3992 103.8981
64.7041 89.3820 54.3371 118.7905 237.4096 154.9473 24.1262 152.3469 134.4431 96.5043 85.6765 129.9939 120.8170 47.7064 80.4739 149.7489 69.8033 128.0370 15.2815 0.0000 46.6359 154.9073 174.2585 142.3471 68.4258 105.0938 165.1312 112.0930 99.6320 111.2875
144.8537 67.3740 190.2026 159.7765 134.1942 167.9275 171.0868 86.7111 168.4615 126.8467 149.8132 99.1040 108.3007 53.2050 12.6223 105.9707 56.4575 70.3468 85.3867 46.6359 0.0000 78.5992 121.6331 143.1951 108.3532 105.1039 142.6831 90.7507 72.1657 39.9227
92.9164 51.3508 90.9457 194.7483 142.5403 83.8782 86.8487 42.2506 32.5219 75.4736 87.9994 147.6991 129.8555 179.0091 223.6324 87.3607 179.6038 154.9491 178.0352 154.9073 78.5992 0.0000 26.8656 121.6502 34.5441 27.1286 150.7496 236.8990 76.0198 60.6747
255.1355 73.5495 34.0496 93.4727 157.1570 74.8004 107.3769 98.1926 122.2459 89.2457 58.6925 116.2895 172.9411 78.4088 164.8435 19.0696 149.0512 146.9108 158.8660 174.2585 121.6331 26.8656 0.0000 36.3513 141.9518 36.8389 48.3886 130.5195 12.4956 58.0745
172.9207 49.6771 25.8420 99.9021 213.6008 126.6719 29.4339 22.8539 202.1158 53.1823 209.6675 106.7880 199.3677 18.1620 105.6408 163.9472 108.8323 78.5343 38.9629 142.3471 143.1951 121.6502 36.3513 0.0000 5.4924 132.8253 64.6566 66.2216 71.5412 214.3929
102.7003 80.0405 160.6160 143.4400 107.3002 249.3239 98.1654 174.9799 128.8575 169.4772 27.7973 135.4127 35.9490 150.8605 47.0060 50.3676 115.3879 61.1943 26.8799 68.4258 108.3532 34.5441 141.9518 5.4924 0.0000 108.5971 48.2018 185.4560 150.5810 98.2626
60.7045 180.7133 124.2713 88.6999 96.3064 110.6929 71.7141 55.3817 50.1994 150.0082 200.9249 89.9303 67.6819 116.1950 130.9106 69.2086 181.8821 51.7068 36.2757 105.0938 105.1039 27.1286 36.8389 132.8253 108.5971 0.0000 83.7087 170.2292 93.8368 66.7754
164.9665 114.4572 134.8698 226.0966 158.3453 37.5105 130.0413 171.6385 130.3459 95.0405 100.0418 72.9234 25.4606 113.3851 63.2513 202.7627 157.5531 73.3533 157.7911 165.1312 142.6831 150.7496 48.3886 64.6566 48.2018 83.7087 0.0000 163.5138 49.8747 140.4515
71.3516 135.3063 47.8594 136.9821 110.9072 73.8643 84.1289 102.4464 105.1128 35.1522 139.5173 106.1225 96.6441 48.9142 225.4312 40.6257 60.3704 115.2736 174.6821 112.0930 90.7507 236.8990 130.5195 66.2216 185.4560 170.2292 163.5138 0.0000 120.0161 51.9269
125.9765 25.1201 2.5665 138.1079 103.8543 42.5080 142.1209 19.0788 56.1675 43.2515 81.0939 72.0811 99.9361 114.2202 199.8063 99.3639 79.9134 90.4064 107.3992 99.6320 72.1657 76.0198 12.4956 71.5412 150.5810 93.8368 49.8747 120.0161 0.0000 11.9097
12.9944 67.8596 30.8346 128.9098 135.5314 123.0569 206.6198 95.3349 133.4494 232.4165 90.6798 92.6409 73.8503 185.5735 74.8838 156.2632 108.6762 66.7921 103.8981 111.2875 39.9227 60.6747 58.0745 214.3929 98.2626 66.7754 140.4515 51.9269 11.9097 0.0000
