30
0.0000 86.4899 97.4363 58.7661 150.1875 166.4751 211.1221 24.6499 121.4858 156.9451 174.0602 149.1739 49.7719 178.4354 142.0934 137.2695 6.4036 106.8112 27.1223 96.2349 92.4824 107.5410 110.3466 154.0589 55.9391 95.3923 146.7289 217.5992 124.3860 132.0469
86.4899 0.0000 207.3095 73.2698 156.0213 112.6044 147.2957 77.1670 123.6869 96.3860 49.4999 5.0214 35.3953 99.7362 29.3236 88.7049 66.3744 216.7816 158.3762 68.9086 17.6524 84.1118 102.0335 28.8232 26.6197 104.9186 73.3792 211.5296 135.5119 6.7831
97.4363 207.3095 0.0000 159.4923 61.0819 121.4302 140.4261 128.1929 40.0039 63.6505 59.6989 65.7921 84.5627 27.5826 182.0662 54.2314 138.5314 44.9387 6.8195 163.0737 101.6676 94.2315 112.4306 71.5557 207.8627 65.6130 23.8170 121.5057 96.3622 77.9396
58.7661 73.2698 159.4923 0.0000 43.6338 110.8127 119.2169 121.2341 86.4606 203.6527 150.2535 193.5246 82.4118 128.7768 88.4615 108.9620 127.6488 53.6675 169.6306 220.0674 155.5366 82.0445 163.4768 77.0655 35.1082 49.3044 92.3529 113.4302 143.0244 113.5557
150.1875 156.0213 61.0819 43.6338 0.0000 100.3538 125.5862 10.3930 36.3345 99.9903 77.5350 273.9196 93.6830 161.4612 197.0457 32.8145 122.6316 112.0960 132.0383 177.4348 153.1671 90.3800 91.5848 71.9367 16.4184 115.5584 141.1817 75.5335 87.5773 103.4632
166.4751 112.6044 121.4302 110.8127 100.3538 0.0000 74.7617 146.1453 14.8051 7.5283 141.4928 77.2816 45.2636 82.1696 104.9228 13.1500 93.8582 248.2252 117.6959 103.8717 27.2213 86.4255 136.9257 55.2252 80.8119 107.8479 15.3608 70.6697 106.7375 181.6471
211.1221 147.2957 140.4261 119.2169 125.5862 74.7617 0.0000 244.2702 130.7594 153.0975 148.9982 64.7328 68.6519 17.7429 120.6186 71.8268 48.5506 45.5508 98.8604 41.7887 107.3969 174.4794 98.8713 147.8599 77.8699 25.9803 138.3628 17.2422 178.1086 100.4427
24.6499 77.1670 128.1929 121.2341 10.3930 146.1453 244.2702 0.0000 164.7339 96.5619 104.1943 167.1117 133.0616 48.2627 78.2023 51.7207 177.9070 67.9793 94.1995 89.5113 206.9314 14.7418 107.7678 185.3517 96.2451 90.8303 91.7372 181.9085 62.5162 141.9894
121.4858 123.6869 40.0039 86.4606 36.3345 14.8051 130.7594 164.7339 0.0000 51.4994 107.4575 68.1114 110.7221 98.3611 77.4581 133.1296 132.2950 111.6803 116.6279 145.0739 117.6970 103.8759 136.6620 213.1755 130.0385 100.7798 207.1698 152.2342 78.1463 97.5381
156.9451 96.3860 63.6505 203.6527 99.9903 7.5283 153.0975 96.5619 51.4994 0.0000 64.1418 13.2742 112.0995 175.5676 41.9382 158.9840 149.5717 180.2654 119.2916 64.0837 113.9433 110.6762 54.7111 81.9859 62.4157 118.7776 149.2264 137.2544 63.2017 61.1635
174.0602 49.4999 59.6989 150.2535 77.5350 141.4928 148.9982 104.1943 107.4575 64.1418 0.0000 179.4306 181.5759 18.7265 16.6882 52.3243 241.5925 162.2616 32.0582 89.0189 169.2455 136.8563 116.3072 184.1408 10.8805 122.7729 40.8082 189.5491 116.1250 162.6192
149.1739 5.0214 65.7921 193.5246 273.9196 77.2816 64.7328 167.1117 68.1114 13.2742 179.4306 0.0000 61.7473 52.7537 86.1962 61.5424 126.1957 159.9839 28.7456 135.5704 109.1861 233.5112 148.5822 144.6763 119.4603 28.3012 34.7429 119.6167 191.9935 146.9026
49.7719 35.3953 84.5627 82.4118 93.6830 45.2636 68.6519 133.0616 110.7221 112.0995 181.5759 61.7473 0.0000 58.0178 130.2849 120.2439 218.1582 60.2953 104.7917 131.9774 125.6658 122.3202 125.4439 47.5746 27.5394 174.5450 105.7983 78.5980 54.3105 83.7727
178.4354 99.7362 27.5826 128.7768 161.4612 82.1696 17.7429 48.2627 98.3611 175.5676 18.7265 52.7537 58.0178 0.0000 130.6230 151.1256 80.0870 146.4089 101.2510 72.1277 130.5030 38.6993 67.6020 46.5022 67.7142 208.9683 48.9900 84.5549 140.6088 88.5783
142.0934 29.3236 182.0662 88.4615 197.0457 104.9228 120.6186 78.2023 77.4581 41.9382 16.6882 86.1962 130.2849 130.6230 0.0000 28.1410 104.3422 80.3992 93.8306 83.6856 172.5013 78.1604 186.1753 0.8157 58.6337 131.7538 36.6853 76.6591 67.0188 89.5861
137.2695 88.7049 54.2314 108.9620 32.8145 13.1500 71.8268 51.7207 133.1296 158.9840 52.3243 61.5424 120.2439 151.1256 28.1410 0.0000 129.8724 82.4372 145.0482 221.3942 19.2189 173.2319 109.3808 32.8928 17.0207 9.5341 99.4216 112.2863 106.7981 75.0041
6.4036 66.3744 138.5314 127.6488 122.6316 93.8582 48.5506 177.9070 132.2950 149.5717 241.5925 126.1957 218.1582 80.0870 104.3422 129.8724 0.0000 87.4777 151.3941 55.5209 64.5479 134.4339 188.7975 144.8378 81.5764 77.6931 108.1800 88.7730 147.8918 16.2029
106.8112 216.7816 44.9387 53.6675 112.0960 248.2252 45.5508 67.9793 111.6803 180.2654 162.2616 159.9839 60.2953 146.4089 80.3992 82.4372 87.4777 0.0000 58.9889 4.3842 64.4736 154.8288 147.1037 150.6956 71.1736 106.5699 71.9765 10.7396 115.8834 89.0533
27.1223 158.3762 6.8195 169.6306 132.0383 117.6959 98.8604 94.1995 116.6279 119.2916 32.0582 28.7456 104.7917 101.2510 93.8306 145.0482 151.3941 58.9889 0.0000 131.5119 122.6158 126.2594 146.9529 164.8691 135.1661 76.7233 135.5286 118.5200 36.5407 69.8903
96.2349 68.9086 163.0737 220.0674 177.4348 103.8717 41.7887 89.5113 145.0739 64.0837 89.0189 135.5704 131.9774 72.1277 83.6856 221.3942 55.5209 4.3842 131.5119 0.0000 75.1323 10.1081 167.9602 50.4975 52.1423 38.3779 204.4956 23.9567 83.5411 163.1696
92.4824 17.6524 101.6676 155.5366 153.1671 27.2213 107.3969 206.9314 117.6970 113.9433 169.2455 109.1861 125.6658 130.5030 172.5013 19.2189 64.5479 64.4736 122.6158 75.1323 0.0000 46.9437 101.6331 136.5372 120.3401 59.7384 167.1284 100.5406 182.6542 217.4782
107.5410 84.1118 94.2315 82.0445 90.3800 86.4255 174.4794 14.7418 103.8759 110.6762 136.8563 233.5112 122.3202 38.6993 78.1604 173.2319 134.4339 154.8288 126.2594 10.1081 46.9437 0.0000 86.7047 135.8188 185.1986 81.5836 231.6478 14.2481 210.1124 64.2858
110.3466 102.0335 112.4306 163.4768 91.5848 136.9257 98.8713 107.7678 136.6620 54.7111 116.3072 148.5822 125.4439 67.6020 186.1753 109.3808 188.7975 147.1037 146.9529 167.9602 101.6331 86.7047 0.0000 191.9926 58.2603 121.3248 24.9596 162.8531 82.3003 205.3667
154.0589 28.8232 71.5557 77.0655 71.9367 55.2252 147.8599 185.3517 213.1755 81.9859 184.1408 144.6763 47.5746 46.5022 0.8157 32.8928 144.8378 150.6956 164.8691 50.4975 136.5372 135.8188 191.9926 0.0000 56.7616 125.3224 210.1318 80.4707 117.8015 154.2938
55.9391 26.6197 207.8627 35.1082 16.4184 80.8119 77.8699 96.2451 130.0385 62.4157 10.8805 119.4603 27.5394 67.7142 58.6337 17.0207 81.5764 71.1736 135.1661 52.1423 120.3401 185.1986 58.2603 56.7616 0.0000 42.1848 147.9390 72.3681 48.6622 132.4174
95.3923 104.9186 65.6130 49.3044 115.5584 107.8479 25.9803 90.8303 100.7798 118.7776 122.7729 28.3012 174.5450 208.9683 131.7538 9.5341 77.6931 106.5699 76.7233 38.3779 59.7384 81.5836 121.3248 125.3224 42.1848 0.0000 84.0838 156.2394 150.1434 93.9423
146.7289 73.3792 23.8170 92.3529 141.1817 15.3608 138.3628 91.7372 207.1698 149.2264 40.8082 34.7429 105.7983 48.9900 36.6853 99.4216 108.1800 71.9765 135.5286 204.4956 167.1284 231.6478 24.9596 210.1318 147.9390 84.0838 0.0000 80.6070 39.0594 92.8823
217.5992 211.5296 121.5057 113.4302 75.5335 70.6697 17.2422 181.9085 152.2342 137.2544 189.5491 119.6167 78.5980 84.5549 76.6591 112.2863 88.7730 10.7396 118.5200 23.9567 100.5406 14.2481 162.8531 80.4707 72.3681 156.2394 80.6070 0.0000 214.2189 146.7577
124.3860 135.5119 96.3622 143.0244 87.5773 106.7375 178.1086 62.5162 78.1463 63.2017 116.1250 191.9935 54.3105 140.6088 67.0188 106.7981 147.8918 115.8834 36.5407 83.5411 182.6542 210.1124 82.3003 117.8015 48.6622 150.1434 39.0594 214.2189 0.0000 187.6512
132.0469 6.7831 77.9396 113.5557 103.4632 181.6471 100.4427 141.9894 97.5381 61.1635 162.6192 146.9026 83.7727 88.5783 89.5861 75.0041 16.2029 89.0533 69.8903 163.1696 217.4782 64.2858 205.3667 154.2938 132.4174 93.9423 92.8823 146.7577 187.6512 0.0000
