30
0.0000 81.6309 65.1537 90.6117 51.9673 178.7166 133.4650 53.7927 151.3161 55.5413 110.5021 79.4991 75.7015 74.1563 136.8963 101.2723 152.5857 142.2314 6.2782 45.4037 88.5626 119.0600 44.1005 47.4271 112.1060 184.0512 124.5189 99.5576 74.0889 38.5838
81.6309 0.0000 57.7069 55.7882 79.7519 50.0675 79.6757 182.4249 206.2793 6.9991 99.1709 150.5811 171.1884 171.6527 118.6130 119.7449 92.1596 110.1476 179.9302 83.6387 179.9077 80.9696 140.2046 106.0283 112.4673 162.3900 145.2883 145.9568 107.1134 130.8212
65.1537 57.7069 0.0000 18.9857 175.7387 68.8552 79.3221 79.2894 143.4061 75.1425 92.0691 2.4082 242.4378 75.8631 36.2384 120.8353 105.5319 28.2049 63.5056 116.2643 142.8753 77.2097 121.5713 191.5774 2.8694 151.6856 46.5277 31.2287 109.2511 144.2958
90.6117 55.7882 18.9857 0.0000 183.8930 118.7948 63.0978 197.5233 104.5591 184.6664 84.4784 171.8712 133.0530 81.0103 141.5374 31.0584 161.6522 117.0861 138.1850 103.3685 122.8931 122.9725 86.0753 62.8941 164.1275 46.2369 115.3772 8.1453 194.4735 111.7473
51.9673 79.7519 175.7387 183.8930 0.0000 34.7418 115.5512 5.7026 196.0854 178.0774 161.2503 94.2859 26.5753 79.2373 129.9780 53.7332 120.5275 118.8755 195.8780 77.3964 120.6857 173.2609 104.1103 100.4959 80.3358 39.6666 52.6893 248.7666 91.6722 138.1894
178.7166 50.0675 68.8552 118.7948 34.7418 0.0000 136.2355 277.3684 108.1514 33.8603 5.5803 253.1902 34.0967 231.3232 117.9695 108.0951 115.1600 109.8563 143.2975 42.5744 173.4046 79.8940 121.0715 173.2844 88.2955 77.8516 193.1397 104.9839 89.6786 115.8657
133.4650 79.6757 79.3221 63.0978 115.5512 136.2355 0.0000 21.3493 39.3994 199.2684 126.8143 64.7765 59.8439 136.8968 70.2929 139.8878 32.8315 42.6726 47.6881 110.0484 75.3553 101.0089 117.1678 104.2592 93.7062 150.0853 48.4888 76.3331 143.1307 73.3520
53.7927 182.4249 79.2894 197.5233 5.7026 277.3684 21.3493 0.0000 64.2959 145.3487 51.3041 174.1015 91.0368 8.6890 197.0237 88.5558 84.4150 166.5919 63.0411 29.5467 55.7665 63.8323 113.8320 75.7159 68.5465 67.3905 63.1188 18.0718 35.4777 86.8443
151.3161 206.2793 143.4061 104.5591 196.0854 108.1514 39.3994 64.2959 0.0000 51.5535 227.1470 124.5257 104.3039 170.1552 92.8628 97.3268 122.4026 94.7994 68.9601 107.6719 105.6241 117.1125 187.4643 228.1493 121.6586 149.7619 54.2533 66.5722 223.4151 56.8831
55.5413 6.9991 75.1425 184.6664 178.0774 33.8603 199.2684 145.3487 51.5535 0.0000 74.8329 190.7311 108.4820 101.2872 78.1686 145.9081 112.0511 32.9723 183.0662 87.5646 101.7932 115.0537 49.0314 56.8016 60.0873 94.2306 69.8853 171.1144 86.6666 51.0797
110.5021 99.1709 92.0691 84.4784 161.2503 5.5803 126.8143 51.3041 227.1470 74.8329 0.0000 172.3416 126.6332 65.7677 181.4602 79.3644 142.0265 134.0983 114.5378 116.3538 93.7330 29.4484 217.0892 140.9778 63.1926 110.5335 229.0153 198.4957 69.4318 121.5755
79.4991 150.5811 2.4082 171.8712 94.2859 253.1902 64.7765 174.1015 124.5257 190.7311 172.3416 0.0000 53.4788 109.4172 130.7944 77.3005 60.0812 96.4003 34.8685 55.1937 60.9670 118.7740 4.4066 47.8269 136.8277 106.3263 91.0222 156.4831 68.5655 61.4412
75.7015 171.1884 242.4378 133.0530 26.5753 34.0967 59.8439 91.0368 104.3039 108.4820 126.6332 53.4788 0.0000 86.7806 165.2775 87.4154 165.7449 60.8746 72.8005 103.1424 174.7107 175.5647 146.3069 12.9678 110.7427 99.8154 151.5767 140.5850 178.7073 153.4357
74.1563 171.6527 75.8631 81.0103 79.2373 231.3232 136.8968 8.6890 170.1552 101.2872 65.7677 109.4172 86.7806 0.0000 72.2423 95.5981 38.9576 53.0691 84.7808 75.7122 95.3823 55.2453 18.9137 36.8066 98.1277 43.8877 63.9625 131.2869 1.8906 138.0877
136.8963 118.6130 36.2384 141.5374 129.9780 117.9695 70.2929 197.0237 92.8628 78.1686 181.4602 130.7944 165.2775 72.2423 0.0000 124.6778 89.5780 93.8439 65.2388 68.1131 103.2802 18.2851 31.2607 117.3278 108.7048 85.8295 89.4384 79.6898 77.1007 212.5866
101.2723 119.7449 120.8353 31.0584 53.7332 108.0951 139.8878 88.5558 97.3268 145.9081 79.3644 77.3005 87.4154 95.5981 124.6778 0.0000 180.7256 70.1334 95.8576 147.9988 67.4691 259.3925 153.9319 194.9402 10.8352 12.3975 194.2108 38.6194 96.2424 206.8546
152.5857 92.1596 105.5319 161.6522 120.5275 115.1600 32.8315 84.4150 122.4026 112.0511 142.0265 60.0812 165.7449 38.9576 89.5780 180.7256 0.0000 85.1412 91.8073 121.9512 46.8002 154.1915 76.3583 202.4541 186.3585 134.0456 80.4809 14.0432 9.3764 71.1107
142.2314 110.1476 28.2049 117.0861 118.8755 109.8563 42.6726 166.5919 94.7994 32.9723 134.0983 96.4003 60.8746 53.0691 93.8439 70.1334 85.1412 0.0000 121.6254 161.1435 129.5104 133.8572 156.8208 176.6367 136.9940 117.5560 87.1036 100.2798 80.8112 113.2310
6.2782 179.9302 63.5056 138.1850 195.8780 143.2975 47.6881 63.0411 68.9601 183.0662 114.5378 34.8685 72.8005 84.7808 65.2388 95.8576 91.8073 121.6254 0.0000 90.9911 96.8056 46.2646 132.0019 124.3465 34.8138 37.5752 60.6633 139.7544 77.5405 166.4067
45.4037 83.6387 116.2643 103.3685 77.3964 42.5744 110.0484 29.5467 107.6719 87.5646 116.3538 55.1937 103.1424 75.7122 68.1131 147.9988 121.9512 161.1435 90.9911 0.0000 121.2962 47.6174 234.8782 58.7314 76.6721 139.6391 114.9531 17.0469 106.6758 116.0495
88.5626 179.9077 142.8753 122.8931 120.6857 173.4046 75.3553 55.7665 105.6241 101.7932 93.7330 60.9670 174.7107 95.3823 103.2802 67.4691 46.8002 129.5104 96.8056 121.2962 0.0000 45.7752 174.7469 19.1832 89.1815 30.2544 72.8816 180.3540 60.8916 73.7673
119.0600 80.9696 77.2097 122.9725 173.2609 79.8940 101.0089 63.8323 117.1125 115.0537 29.4484 118.7740 175.5647 55.2453 18.2851 259.3925 154.1915 133.8572 46.2646 47.6174 45.7752 0.0000 61.4616 139.2598 63.9591 74.9207 162.2044 92.8318 145.5492 45.3978
44.1005 140.2046 121.5713 86.0753 104.1103 121.0715 117.1678 113.8320 187.4643 49.0314 217.0892 4.4066 146.3069 18.9137 31.2607 153.9319 76.3583 156.8208 132.0019 234.8782 174.7469 61.4616 0.0000 116.1244 116.1376 140.6069 94.0742 44.0188 79.5150 127.3926
47.4271 106.0283 191.5774 62.8941 100.4959 173.2844 104.2592 75.7159 228.1493 56.8016 140.9778 47.8269 12.9678 36.8066 117.3278 194.9402 202.4541 176.6367 124.3465 58.7314 19.1832 139.2598 116.1244 0.0000 52.3450 97.0469 69.4031 46.4939 17.0094 137.6255
112.1060 112.4673 2.8694 164.1275 80.3358 88.2955 93.7062 68.5465 121.6586 60.0873 63.1926 136.8277 110.7427 98.1277 108.7048 10.8352 186.3585 136.9940 34.8138 76.6721 89.1815 63.9591 116.1376 52.3450 0.0000 127.0390 44.2557 95.0139 60.9840 79.7977
184.0512 162.3900 151.6856 46.2369 39.6666 77.8516 150.0853 67.3905 149.7619 94.2306 110.5335 106.3263 99.8154 43.8877 85.8295 12.3975 134.0456 117.5560 37.5752 139.6391 30.2544 74.9207 140.6069 97.0469 127.0390 0.0000 159.7133 83.5826 57.6357 118.0994
124.5189 145.2883 46.5277 115.3772 52.6893 193.1397 48.4888 63.1188 54.2533 69.8853 229.0153 91.0222 151.5767 63.9625 89.4384 194.2108 80.4809 87.1036 60.6633 114.9531 72.8816 162.2044 94.0742 69.4031 44.2557 159.7133 0.0000 262.7795 57.1693 54.4041
99.5576 145.9568 31.2287 8.1453 248.7666 104.9839 76.3331 18.0718 66.5722 171.1144 198.4957 156.4831 140.5850 131.2869 79.6898 38.6194 14.0432 100.2798 139.7544 17.0469 180.3540 92.8318 44.0188 46.4939 95.0139 83.5826 262.7795 0.0000 112.6864 98.0628
74.0889 107.1134 109.2511 194.4735 91.6722 89.6786 143.1307 35.4777 223.4151 86.6666 69.4318 68.5655 178.7073 1.8906 77.1007 96.2424 9.3764 80.8112 77.5405 106.6758 60.8916 145.5492 79.5150 17.0094 60.9840 57.6357 57.1693 112.6864 0.0000 152.0503
38.5838 130.8212 144.2958 111.7473 138.1894 115.8657 73.3520 86.8443 56.8831 51.0797 121.5755 61.4412 153.4357 138.0877 212.5866 206.8546 71.1107 113.2310 166.4067 116.0495 73.7673 45.3978 127.3926 137.6255 79.7977 118.0994 54.4041 98.0628 152.0503 0.0000
