30
0.0000 72.0065 9.1200 167.8106 5.7082 201.6414 39.2503 77.6709 101.5164 124.0162 178.4729 64.8104 166.2048 58.3126 55.3144 12.3039 16.0319 143.3192 96.6490 152.3887 87.1887 131.9002 152.5538 60.6849 46.3729 195.8194 8.9314 111.5154 114.8736 80.1814
72.0065 0.0000 126.2243 132.8636 59.2477 125.6639 132.3378 105.5304 131.3045 4.9980 130.8771 84.1267 32.0466 87.2041 49.9887 59.5318 36.5563 129.8038 116.7819 110.2980 190.5621 50.5790 79.4105 36.0403 115.1187 77.2432 109.3725 15.7925 177.6858 82.0720
9.1200 126.2243 0.0000 35.0075 126.9487 198.1880 99.1191 162.7208 162.7270 157.4304 36.7424 52.8774 172.7587 115.1539 98.2046 83.1447 79.9708 93.3148 157.6130 129.3035 79.3628 164.7998 111.7270 49.8419 201.3970 136.0662 197.3467 117.5866 123.2034 97.4431
167.8106 132.8636 35.0075 0.0000 35.2109 45.2062 103.9210 156.6794 136.2530 112.3647 52.7180 113.7009 191.1117 128.4385 78.3004 94.1379 118.1012 137.2369 49.7915 117.6861 136.3114 59.5577 208.4517 176.6504 73.5117 72.8158 83.0415 7.0808 136.9782 104.5149
5.7082 59.2477 126.9487 35.2109 0.0000 122.9324 112.8668 48.2155 126.2769 195.9977 123.3485 162.3917 94.0274 159.6058 130.9048 90.5777 108.7045 90.5871 152.2860 127.1553 64.9638 111.4807 164.7450 208.6229 31.7962 71.5992 81.1505 106.4995 127.6686 4.5405
201.6414 125.6639 198.1880 45.2062 122.9324 0.0000 66.1532 108.2084 125.2658 136.9509 82.0579 4.5386 40.7386 118.5509 158.8826 82.1530 38.5585 37.5076 118.5148 136.7637 150.7902 70.7221 90.5992 66.0838 118.1351 105.5274 118.4495 88.7169 158.7560 60.4626
39.2503 132.3378 99.1191 103.9210 112.8668 66.1532 0.0000 49.4061 70.7962 45.3271 164.3876 122.2185 201.0096 171.7453 151.0277 149.1937 62.5251 105.3380 95.7634 107.5477 81.0481 5.2633 39.0246 115.2261 114.9893 21.1461 112.0869 257.1349 211.6553 184.3092
77.6709 105.5304 162.7208 156.6794 48.2155 108.2084 49.4061 0.0000 130.2288 12.7785 138.9771 119.4768 105.2661 190.4563 48.4434 64.3398 140.9515 178.3407 132.5968 101.1728 114.7810 203.1267 67.4505 216.1225 181.2762 135.0452 105.6454 111.7061 48.4845 100.2950
101.5164 131.3045 162.7270 136.2530 126.2769 125.2658 70.7962 130.2288 0.0000 19.6820 133.6839 77.9770 131.0949 101.8328 181.5647 118.5990 139.7563 50.1259 100.9314 54.0648 130.2862 196.1498 114.8556 128.7683 118.1260 70.8829 127.8551 87.2946 70.7860 78.1647
124.0162 4.9980 157.4304 112.3647 195.9977 136.9509 45.3271 12.7785 19.6820 0.0000 157.4383 120.1712 84.4335 115.4494 210.7232 71.0810 82.2156 161.6037 96.6950 239.4696 70.9535 124.5397 170.9365 172.4864 124.1015 147.2070 72.5133 39.4046 92.0087 75.4220
178.4729 130.8771 36.7424 52.7180 123.3485 82.0579 164.3876 138.9771 133.6839 157.4383 0.0000 54.0833 84.6647 136.2721 126.8708 45.5026 116.3108 134.3256 53.4532 112.9924 122.0622 96.2386 180.3607 187.2930 23.3392 61.4500 56.0134 120.1666 80.1945 86.5186
64.8104 84.1267 52.8774 113.7009 162.3917 4.5386 122.2185 119.4768 77.9770 120.1712 54.0833 0.0000 16.5261 63.0831 77.9894 123.3306 94.3233 12.5715 14.5026 73.7462 175.6308 93.4924 108.0217 1.1865 95.1851 142.6135 128.6935 7.2938 69.6864 53.7239
166.2048 32.0466 172.7587 191.1117 94.0274 40.7386 201.0096 105.2661 131.0949 84.4335 84.6647 16.5261 0.0000 128.2505 150.8034 227.3133 91.6488 64.8875 112.9271 165.4907 47.1980 123.6686 88.1197 46.7298 111.4055 107.0104 29.2001 36.7486 105.8314 107.4284
58.3126 87.2041 115.1539 128.4385 159.6058 118.5509 171.7453 190.4563 101.8328 115.4494 136.2721 63.0831 128.2505 0.0000 82.4417 170.2184 104.5345 89.8136 132.7039 3.7873 121.1041 175.0029 150.9494 45.5749 173.5054 102.4583 31.7201 44.4737 102.2119 136.1684
55.3144 49.9887 98.2046 78.3004 130.9048 158.8826 151.0277 48.4434 181.5647 210.7232 126.8708 77.9894 150.8034 82.4417 0.0000 20.6369 153.6472 119.9394 126.9887 173.0337 52.9109 75.6958 89.0682 169.0646 97.4095 129.1799 100.2683 149.8319 80.8502 80.4423
12.3039 59.5318 83.1447 94.1379 90.5777 82.1530 149.1937 64.3398 118.5990 71.0810 45.5026 123.3306 227.3133 170.2184 20.6369 0.0000 60.0351 112.8183 88.6817 212.8074 162.5942 139.1175 74.8292 98.6009 133.4266 225.4968 147.2007 135.9417 84.6660 191.1836
16.0319 36.5563 79.9708 118.1012 108.7045 38.5585 62.5251 140.9515 139.7563 82.2156 116.3108 94.3233 91.6488 104.5345 153.6472 60.0351 0.0000 160.5466 29.6381 190.9566 73.5394 84.9918 51.9995 137.5037 133.0286 91.5860 63.6739 28.4913 52.9541 184.4372
143.3192 129.8038 93.3148 137.2369 90.5871 37.5076 105.3380 178.3407 50.1259 161.6037 134.3256 12.5715 64.8875 89.8136 119.9394 112.8183 160.5466 0.0000 141.5705 120.5154 62.3827 170.1827 77.7963 223.9780 77.8197 67.3899 104.0620 92.7356 134.6130 123.4024
96.6490 116.7819 157.6130 49.7915 152.2860 118.5148 95.7634 132.5968 100.9314 96.6950 53.4532 14.5026 112.9271 132.7039 126.9887 88.6817 29.6381 141.5705 0.0000 89.2440 78.9460 94.5991 118.3251 132.2458 207.8247 84.8332 7.8192 55.5284 126.7388 90.9433
152.3887 110.2980 129.3035 117.6861 127.1553 136.7637 107.5477 101.1728 54.0648 239.4696 112.9924 73.7462 165.4907 3.7873 173.0337 212.8074 190.9566 120.5154 89.2440 0.0000 30.5645 164.5160 140.0656 39.4915 46.1224 105.5301 10.6900 100.0637 69.9500 76.5594
87.1887 190.5621 79.3628 136.3114 64.9638 150.7902 81.0481 114.7810 130.2862 70.9535 122.0622 175.6308 47.1980 121.1041 52.9109 162.5942 73.5394 62.3827 78.9460 30.5645 0.0000 91.3746 136.7040 51.2930 109.0291 141.6819 138.6538 129.4504 193.9066 214.5302
131.9002 50.5790 164.7998 59.5577 111.4807 70.7221 5.2633 203.1267 196.1498 124.5397 96.2386 93.4924 123.6686 175.0029 75.6958 139.1175 84.9918 170.1827 94.5991 164.5160 91.3746 0.0000 122.3752 97.1143 167.0848 131.4670 133.8711 95.9553 17.5612 93.4597
152.5538 79.4105 111.7270 208.4517 164.7450 90.5992 39.0246 67.4505 114.8556 170.9365 180.3607 108.0217 88.1197 150.9494 89.0682 74.8292 51.9995 77.7963 118.3251 140.0656 136.7040 122.3752 0.0000 80.0295 114.7673 105.3225 126.0251 163.6256 144.1459 36.8068
60.6849 36.0403 49.8419 176.6504 208.6229 66.0838 115.2261 216.1225 128.7683 172.4864 187.2930 1.1865 46.7298 45.5749 169.0646 98.6009 137.5037 223.9780 132.2458 39.4915 51.2930 97.1143 80.0295 0.0000 40.9923 55.9230 273.1580 155.8990 66.5231 111.6125
46.3729 115.1187 201.3970 73.5117 31.7962 118.1351 114.9893 181.2762 118.1260 124.1015 23.3392 95.1851 111.4055 173.5054 97.4095 133.4266 133.0286 77.8197 207.8247 46.1224 109.0291 167.0848 114.7673 40.9923 0.0000 100.2108 178.1482 96.2204 97.2836 194.1548
195.8194 77.2432 136.0662 72.8158 71.5992 105.5274 21.1461 135.0452 70.8829 147.2070 61.4500 142.6135 107.0104 102.4583 129.1799 225.4968 91.5860 67.3899 84.8332 105.5301 141.6819 131.4670 105.3225 55.9230 100.2108 0.0000 124.6727 115.5517 110.7336 153.7181
8.9314 109.3725 197.3467 83.0415 81.1505 118.4495 112.0869 105.6454 127.8551 72.5133 56.0134 128.6935 29.2001 31.7201 100.2683 147.2007 63.6739 104.0620 7.8192 10.6900 138.6538 133.8711 126.0251 273.1580 178.1482 124.6727 0.0000 173.6233 108.4834 44.3823
111.5154 15.7925 117.5866 7.0808 106.4995 88.7169 257.1349 111.7061 87.2946 39.4046 120.1666 7.2938 36.7486 44.4737 149.8319 135.9417 28.4913 92.7356 55.5284 100.0637 129.4504 95.9553 163.6256 155.8990 96.2204 115.5517 173.6233 0.0000 109.6130 26.5734
114.8736 177.6858 123.2034 136.9782 127.6686 158.7560 211.6553 48.4845 70.7860 92.0087 80.1945 69.6864 105.8314 102.2119 80.8502 84.6660 52.9541 134.6130 126.7388 69.9500 193.9066 17.5612 144.1459 66.5231 97.2836 110.7336 108.4834 109.6130 0.0000 66.0182
80.1814 82.0720 97.4431 104.5149 4.5405 60.4626 184.3092 100.2950 78.1647 75.4220 86.5186 53.7239 107.4284 136.1684 80.4423 191.1836 184.4372 123.4024 90.9433 76.5594 214.5302 93.4597 36.8068 111.6125 194.1548 153.7181 44.3823 26.5734 66.0182 0.0000
