30
0.0000 97.2944 163.9116 95.9288 44.0136 123.3173 45.0641 19.2854 21.4208 66.3567 28.0437 156.5554 32.4067 123.9545 85.2688 99.7572 109.5444 102.7505 134.5483 273.0580 31.9841 139.2259 4.1781 44.1814 109.4540 107.3812 84.6039 137.9511 89.1229 105.3758
97.2944 0.0000 117.9177 23.3681 73.6691 116.1218 126.8718 195.6027 65.4559 104.1800 17.6145 128.7472 55.0546 66.5357 97.2309 95.3047 80.8746 146.7302 154.7753 87.0431 63.3610 39.1539 19.1068 58.1014 94.1350 58.9448 142.7747 195.4736 20.0147 210.3572
163.9116 117.9177 0.0000 139.2149 44.8855 158.4634 32.9688 88.6097 180.0090 20.0565 172.0196 89.8894 0.6197 12.1657 154.5784 99.5981 67.0856 139.5522 118.3498 60.7365 99.3630 50.1644 73.4940 145.9739 115.7904 77.7023 66.7980 116.3535 138.7376 76.2083
95.9288 23.3681 139.2149 0.0000 16.6062 125.0449 99.8647 74.0250 48.1271 67.0772 138.7911 180.4498 163.9118 50.6538 69.9799 164.1374 98.2970 147.4653 95.6440 184.0532 127.9570 98.0272 41.0606 58.8490 108.6594 165.0945 128.4304 98.2725 60.3152 73.5492
44.0136 73.6691 44.8855 16.6062 0.0000 191.0268 63.1336 52.2702 37.6585 141.2209 141.1587 47.5909 212.2214 162.4824 140.0369 119.6555 116.0959 35.0009 145.8183 90.2896 25.9536 3.9892 79.1894 78.5281 116.9613 183.0957 87.4220 5.7733 168.5206 125.1064
123.3173 116.1218 158.4634 125.0449 191.0268 0.0000 55.4606 91.4332 20.9020 121.9178 50.7648 33.7555 99.6836 139.7233 82.3331 122.6271 149.2968 43.6786 188.4482 114.3921 59.4747 288.7340 194.1916 74.8560 96.0004 168.1512 191.2709 39.9380 137.2803 49.4631
45.0641 126.8718 32.9688 99.8647 63.1336 55.4606 0.0000 88.9471 89.3079 42.9741 201.8559 11.8268 34.5347 184.4425 207.5470 156.8887 46.5246 54.1502 90.7821 91.4003 31.1538 119.7588 65.7208 121.5615 92.2608 92.3211 99.8318 8.2535 31.5492 130.4622
19.2854 195.6027 88.6097 74.0250 52.2702 91.4332 88.9471 0.0000 152.6999 118.0843 188.3580 9.9082 119.7350 83.3736 130.2412 54.0478 32.5919 128.4609 135.4621 102.2080 93.4592 28.1895 150.9840 63.9618 54.7463 80.1391 149.3823 213.1469 154.0274 146.1935
21.4208 65.4559 180.0090 48.1271 37.6585 20.9020 89.3079 152.6999 0.0000 154.1730 90.4371 35.1376 72.5819 148.0595 62.5428 44.6562 112.2325 101.3227 141.2911 75.1429 55.5538 160.2976 85.8817 137.2924 109.4371 10.4077 132.7952 213.6779 159.7538 69.7896
66.3567 104.1800 20.0565 67.0772 141.2209 121.9178 42.9741 118.0843 154.1730 0.0000 188.0941 67.7270 85.0619 53.2411 162.9907 134.1472 123.2674 131.3052 133.2597 135.9341 41.3593 144.8075 137.6489 147.6091 206.9840 65.3570 8.3267 52.1880 18.9089 100.2911
28.0437 17.6145 172.0196 138.7911 141.1587 50.7648 201.8559 188.3580 90.4371 188.0941 0.0000 152.9688 149.6048 144.3267 61.6731 225.8773 157.5367 41.1467 42.1510 189.4411 103.9847 127.9824 162.7002 107.7506 82.7723 88.7063 69.3671 152.1168 33.9123 86.5413
156.5554 128.7472 89.8894 180.4498 47.5909 33.7555 11.8268 9.9082 35.1376 67.7270 152.9688 0.0000 172.0481 129.0301 130.8489 36.2189 109.4511 189.1985 89.7644 87.5332 218.4186 220.0392 101.8045 114.1774 136.0430 26.1273 209.4327 105.7446 155.1851 130.7835
32.4067 55.0546 0.6197 163.9118 212.2214 99.6836 34.5347 119.7350 72.5819 85.0619 149.6048 172.0481 0.0000 150.0399 26.0205 71.3981 59.0034 140.2062 25.3357 193.6784 83.3573 71.0213 85.2927 149.9754 165.3425 67.5573 228.8070 172.8278 136.6609 84.5536
123.9545 66.5357 12.1657 50.6538 162.4824 139.7233 184.4425 83.3736 148.0595 53.2411 144.3267 129.0301 150.0399 0.0000 59.0669 23.7774 139.1250 40.1632 107.2588 134.4199 106.4161 224.9250 46.8983 54.0574 40.6786 47.4517 64.4671 125.2562 140.3758 100.3967
85.2688 97.2309 154.5784 69.9799 140.0369 82.3331 207.5470 130.2412 62.5428 162.9907 61.6731 130.8489 26.0205 59.0669 0.0000 241.2681 90.8048 112.5458 66.9952 41.0550 26.3595 79.0633 227.8809 96.0688 118.5345 7.7428 68.0203 70.1935 165.1843 231.1044
99.7572 95.3047 99.5981 164.1374 119.6555 122.6271 156.8887 54.0478 44.6562 134.1472 225.8773 36.2189 71.3981 23.7774 241.2681 0.0000 22.8403 46.0710 143.6175 193.4260 118.3437 50.6429 155.4452 175.5048 86.3464 93.6891 86.6779 78.2027 166.1178 103.6363
109.5444 80.8746 67.0856 98.2970 116.0959 149.2968 46.5246 32.5919 112.2325 123.2674 157.5367 109.4511 59.0034 139.1250 90.8048 22.8403 0.0000 65.7479 232.0016 55.9864 109.7845 28.2502 71.7051 34.6761 108.4023 146.8342 83.1534 56.9887 124.0068 99.0898
102.7505 146.7302 139.5522 147.4653 35.0009 43.6786 54.1502 128.4609 101.3227 131.3052 41.1467 189.1985 140.2062 40.1632 112.5458 46.0710 65.7479 0.0000 123.8865 175.2888 215.0342 46.4593 173.8026 64.9678 132.8881 50.7118 135.3360 123.0848 52.5168 110.7788
134.5483 154.7753 118.3498 95.6440 145.8183 188.4482 90.7821 135.4621 141.2911 133.2597 42.1510 89.7644 25.3357 107.2588 66.9952 143.6175 232.0016 123.8865 0.0000 230.8303 46.8508 107.6202 54.5793 100.0653 119.4221 91.7967 106.3331 92.9242 185.8707 105.2712
273.0580 87.0431 60.7365 184.0532 90.2896 114.3921 91.4003 102.2080 75.1429 135.9341 189.4411 87.5332 193.6784 134.4199 41.0550 193.4260 55.9864 175.2888 230.8303 0.0000 53.4206 75.6097 66.8088 186.8504 26.0198 241.9498 13.7604 147.4855 121.6455 112.4911
31.9841 63.3610 99.3630 127.9570 25.9536 59.4747 31.1538 93.4592 55.5538 41.3593 103.9847 218.4186 83.3573 106.4161 26.3595 118.3437 109.7845 215.0342 46.8508 53.4206 0.0000 177.1738 61.1382 39.6546 77.9313 70.4489 107.0872 164.9663 56.5398 101.9321
139.2259 39.1539 50.1644 98.0272 3.9892 288.7340 119.7588 28.1895 160.2976 144.8075 127.9824 220.0392 71.0213 224.9250 79.0633 50.6429 28.2502 46.4593 107.6202 75.6097 177.1738 0.0000 134.5977 94.9041 101.5326 95.3126 170.4608 65.5817 91.0945 44.0532
4.1781 19.1068 73.4940 41.0606 79.1894 194.1916 65.7208 150.9840 85.8817 137.6489 162.7002 101.8045 85.2927 46.8983 227.8809 155.4452 71.7051 173.8026 54.5793 66.8088 61.1382 134.5977 0.0000 129.7327 135.5353 142.1185 5.0771 59.8211 23.0501 101.8124
44.1814 58.1014 145.9739 58.8490 78.5281 74.8560 121.5615 63.9618 137.2924 147.6091 107.7506 114.1774 149.9754 54.0574 96.0688 175.5048 34.6761 64.9678 100.0653 186.8504 39.6546 94.9041 129.7327 0.0000 98.4327 139.8034 181.8719 61.6576 87.8436 103.3576
109.4540 94.1350 115.7904 108.6594 116.9613 96.0004 92.2608 54.7463 109.4371 206.9840 82.7723 136.0430 165.3425 40.6786 118.5345 86.3464 108.4023 132.8881 119.4221 26.0198 77.9313 101.5326 135.5353 98.4327 0.0000 156.9622 136.2931 33.1990 50.5825 176.1092
107.3812 58.9448 77.7023 165.0945 183.0957 168.1512 92.3211 80.1391 10.4077 65.3570 88.7063 26.1273 67.5573 47.4517 7.7428 93.6891 146.8342 50.7118 91.7967 241.9498 70.4489 95.3126 142.1185 139.8034 156.9622 0.0000 80.0838 107.2640 12.0057 88.3916
84.6039 142.7747 66.7980 128.4304 87.4220 191.2709 99.8318 149.3823 132.7952 8.3267 69.3671 209.4327 228.8070 64.4671 68.0203 86.6779 83.1534 135.3360 106.3331 13.7604 107.0872 170.4608 5.0771 181.8719 136.2931 80.0838 0.0000 182.5552 193.6139 89.0549
137.9511 195.4736 116.3535 98.2725 5.7733 39.9380 8.2535 213.1469 213.6779 52.1880 152.1168 105.7446 172.8278 125.2562 70.1935 78.2027 56.9887 123.0848 92.9242 147.4855 164.9663 65.5817 59.8211 61.6576 33.1990 107.2640 182.5552 0.0000 87.5356 146.9900
89.1229 20.0147 138.7376 60.3152 168.5206 137.2803 31.5492 154.0274 159.7538 18.9089 33.9123 155.1851 136.6609 140.3758 165.1843 166.1178 124.0068 52.5168 185.8707 121.6455 56.5398 91.0945 23.0501 87.8436 50.5825 12.0057 193.6139 87.5356 0.0000 47.5827
105.3758 210.3572 76.2083 73.5492 125.1064 49.4631 130.4622 146.1935 69.7896 100.2911 86.5413 130.7835 84.5536 100.3967 231.1044 103.6363 99.0898 110.7788 105.2712 112.4911 101.9321 44.0532 101.8124 103.3576 176.1092 88.3916 89.0549 146.9900 47.5827 0.0000
