30
0.0000 189.5231 34.3237 37.9036 100.4006 63.4753 225.7432 156.1843 99.1632 115.4360 140.1203 159.3661 24.7034 112.9030 45.4154 53.8771 140.8946 193.1400 69.2364 154.3878 51.7807 76.8799 77.3752 31.7839 101.8268 207.8811 24.8607 110.0513 5.1566 105.4134
189.5231 0.0000 249.3531 107.5126 117.5315 126.5374 152.5462 49.9376 79.0322 157.8054 80.5622 63.2962 145.4564 71.3609 166.6022 62.2315 143.8405 71.8590 157.6766 105.5213 75.5862 162.8717 138.8081 52.0198 53.0242 123.5101 216.3087 117.5074 164.2007 168.2107
34.3237 249.3531 0.0000 157.7788 281.2431 127.1043 197.6597 154.5300 155.1196 117.4282 169.6760 196.0205 100.6759 138.4199 89.1129 35.1515 44.5562 11.0522 129.5010 84.4838 163.0523 28.4238 28.2831 68.1810 108.8905 96.2485 172.1251 28.4273 31.3624 45.3431
37.9036 107.5126 157.7788 0.0000 37.3460 83.8003 98.0299 55.5588 74.9022 112.6399 131.6190 245.8598 92.6347 77.7430 116.0364 125.6538 128.2807 118.9824 116.2880 155.3712 84.5247 130.8229 149.1493 192.5165 75.8640 164.7462 142.4458 50.9549 64.5160 112.1391
100.4006 117.5315 281.2431 37.3460 0.0000 87.6874 82.5403 96.0244 39.5499 157.9246 3.3796 225.0150 43.9089 39.1569 188.9403 120.7211 135.7540 99.7466 100.1150 75.6985 114.3706 163.8040 213.6872 149.3158 2.8584 203.0523 48.8795 96.9568 147.5818 60.8764
63.4753 126.5374 127.1043 83.8003 87.6874 0.0000 255.9578 11.7481 125.1828 91.9236 93.1813 242.4840 28.7669 144.3479 144.5967 98.5409 86.0463 82.9029 117.2082 16.8309 143.3382 137.2366 89.9036 175.2817 47.3572 6.1585 36.0924 119.8201 85.9981 66.4891
225.7432 152.5462 197.6597 98.0299 82.5403 255.9578 0.0000 178.8580 203.1901 88.5715 201.4558 106.0805 72.8437 105.2693 79.7365 16.6245 225.4629 51.6031 171.2968 89.2381 208.3658 106.7253 130.0628 124.8591 29.4394 60.1913 36.6722 102.6255 70.9136 147.2786
156.1843 49.9376 154.5300 55.5588 96.0244 11.7481 178.8580 0.0000 120.4063 59.2444 94.0277 108.2877 102.4652 93.5117 186.0336 217.2782 71.4428 92.5292 95.7346 127.7817 146.1242 164.4770 84.7950 127.3784 179.4921 106.6735 79.6267 132.0131 126.7687 107.1380
99.1632 79.0322 155.1196 74.9022 39.5499 125.1828 203.1901 120.4063 0.0000 158.4404 114.3555 41.3557 71.7727 25.3005 97.2649 79.7543 312.6400 30.3638 136.0625 52.4000 131.1987 25.0851 100.6121 140.4685 122.1005 131.0646 76.0641 102.6792 43.0887 73.3537
115.4360 157.8054 117.4282 112.6399 157.9246 91.9236 88.5715 59.2444 158.4404 0.0000 53.2620 196.8772 159.7548 138.3938 84.3595 110.3586 131.6930 139.1930 22.3959 83.9417 118.0927 108.1464 152.6829 116.3818 215.6295 176.9357 30.0650 127.2052 148.5415 53.5758
140.1203 80.5622 169.6760 131.6190 3.3796 93.1813 201.4558 94.0277 114.3555 53.2620 0.0000 94.0700 88.5203 43.5272 96.7947 105.2281 155.2714 90.2536 99.3143 115.0773 153.9237 93.8885 80.6333 91.4980 7.2527 36.1596 83.6944 121.0525 101.4757 122.2614
159.3661 63.2962 196.0205 245.8598 225.0150 242.4840 106.0805 108.2877 41.3557 196.8772 94.0700 0.0000 145.5332 28.3439 70.1291 133.0743 172.9364 82.0027 89.2954 83.8088 165.9376 114.7094 120.2233 125.7862 14.6976 153.5814 135.4489 112.3983 156.9615 30.1575
24.7034 145.4564 100.6759 92.6347 43.9089 28.7669 72.8437 102.4652 71.7727 159.7548 88.5203 145.5332 0.0000 65.8673 170.2414 122.8551 120.9200 213.1312 77.1108 187.0013 89.8017 136.5964 51.4436 94.6376 75.5159 104.1012 100.2355 81.3170 90.5704 195.9462
112.9030 71.3609 138.4199 77.7430 39.1569 144.3479 105.2693 93.5117 25.3005 138.3938 43.5272 28.3439 65.8673 0.0000 46.8398 121.1414 165.4983 110.5740 106.6291 33.1791 109.7083 107.1015 54.3114 34.7898 141.5090 138.3680 155.4484 167.2778 109.0320 114.5485
45.4154 166.6022 89.1129 116.0364 188.9403 144.5967 79.7365 186.0336 97.2649 84.3595 96.7947 70.1291 170.2414 46.8398 0.0000 72.1380 62.0064 121.7624 25.0328 163.4982 59.5752 93.3357 23.8693 109.5760 97.4880 205.7161 62.6393 89.1886 131.8333 1.2677
53.8771 62.2315 35.1515 125.6538 120.7211 98.5409 16.6245 217.2782 79.7543 110.3586 105.2281 133.0743 122.8551 121.1414 72.1380 0.0000 243.1846 124.0041 75.6928 40.7991 60.1229 179.0521 180.1281 51.9510 119.9850 109.5090 136.0947 126.5074 70.6604 128.0911
140.8946 143.8405 44.5562 128.2807 135.7540 86.0463 225.4629 71.4428 312.6400 131.6930 155.2714 172.9364 120.9200 165.4983 62.0064 243.1846 0.0000 75.7067 123.6076 146.2194 103.7982 307.5311 128.4557 120.1437 196.0940 40.4702 100.5128 148.4501 202.9994 213.4717
193.1400 71.8590 11.0522 118.9824 99.7466 82.9029 51.6031 92.5292 30.3638 139.1930 90.2536 82.0027 213.1312 110.5740 121.7624 124.0041 75.7067 0.0000 214.6054 139.5191 123.1914 139.4651 174.0601 79.5853 27.1291 101.4739 145.3491 221.3815 62.0031 58.0945
69.2364 157.6766 129.5010 116.2880 100.1150 117.2082 171.2968 95.7346 136.0625 22.3959 99.3143 89.2954 77.1108 106.6291 25.0328 75.6928 123.6076 214.6054 0.0000 115.2258 103.1453 214.8327 143.8143 119.7764 112.9741 186.1274 56.0992 89.3445 224.8768 66.2378
154.3878 105.5213 84.4838 155.3712 75.6985 16.8309 89.2381 127.7817 52.4000 83.9417 115.0773 83.8088 187.0013 33.1791 163.4982 40.7991 146.2194 139.5191 115.2258 0.0000 154.3501 134.5151 64.5910 141.4871 147.1387 188.9077 75.9371 207.2326 25.2279 63.3361
51.7807 75.5862 163.0523 84.5247 114.3706 143.3382 208.3658 146.1242 131.1987 118.0927 153.9237 165.9376 89.8017 109.7083 59.5752 60.1229 103.7982 123.1914 103.1453 154.3501 0.0000 134.9512 131.8154 85.8262 145.9941 27.2002 131.5464 52.4913 43.8052 94.4290
76.8799 162.8717 28.4238 130.8229 163.8040 137.2366 106.7253 164.4770 25.0851 108.1464 93.8885 114.7094 136.5964 107.1015 93.3357 179.0521 307.5311 139.4651 214.8327 134.5151 134.9512 0.0000 134.7188 11.8992 67.9648 144.2915 136.6442 139.7316 54.6449 90.5593
77.3752 138.8081 28.2831 149.1493 213.6872 89.9036 130.0628 84.7950 100.6121 152.6829 80.6333 120.2233 51.4436 54.3114 23.8693 180.1281 128.4557 174.0601 143.8143 64.5910 131.8154 134.7188 0.0000 54.6844 180.9556 196.4584 79.3921 74.5230 102.5086 58.4555
31.7839 52.0198 68.1810 192.5165 149.3158 175.2817 124.8591 127.3784 140.4685 116.3818 91.4980 125.7862 94.6376 34.7898 109.5760 51.9510 120.1437 79.5853 119.7764 141.4871 85.8262 11.8992 54.6844 0.0000 132.3898 63.6440 174.6076 199.3294 100.7793 114.6691
101.8268 53.0242 108.8905 75.8640 2.8584 47.3572 29.4394 179.4921 122.1005 215.6295 7.2527 14.6976 75.5159 141.5090 97.4880 119.9850 196.0940 27.1291 112.9741 147.1387 145.9941 67.9648 180.9556 132.3898 0.0000 67.2461 77.0089 171.9999 135.7902 88.9351
207.8811 123.5101 96.2485 164.7462 203.0523 6.1585 60.1913 106.6735 131.0646 176.9357 36.1596 153.5814 104.1012 138.3680 205.7161 109.5090 40.4702 101.4739 186.1274 188.9077 27.2002 144.2915 196.4584 63.6440 67.2461 0.0000 148.2373 106.2956 98.5787 218.6527
24.8607 216.3087 172.1251 142.4458 48.8795 36.0924 36.6722 79.6267 76.0641 30.0650 83.6944 135.4489 100.2355 155.4484 62.6393 136.0947 100.5128 145.3491 56.0992 75.9371 131.5464 136.6442 79.3921 174.6076 77.0089 148.2373 0.0000 66.2723 27.9275 166.6839
110.0513 117.5074 28.4273 50.9549 96.9568 119.8201 102.6255 132.0131 102.6792 127.2052 121.0525 112.3983 81.3170 167.2778 89.1886 126.5074 148.4501 221.3815 89.3445 207.2326 52.4913 139.7316 74.5230 199.3294 171.9999 106.2956 66.2723 0.0000 108.3342 125.0061
5.1566 164.2007 31.3624 64.5160 147.5818 85.9981 70.9136 126.7687 43.0887 148.5415 101.4757 156.9615 90.5704 109.0320 131.8333 70.6604 202.9994 62.0031 224.8768 25.2279 43.8052 54.6449 102.5086 100.7793 135.7902 98.5787 27.9275 108.3342 0.0000 70.5438
105.4134 168.2107 45.3431 112.1391 60.8764 66.4891 147.2786 107.1380 73.3537 53.5758 122.2614 30.1575 195.9462 114.5485 1.2677 128.0911 213.4717 58.0945 66.2378 63.3361 94.4290 90.5593 58.4555 114.6691 88.9351 218.6527 166.6839 125.0061 70.5438 0.0000
