30
0.0000 53.8575 28.6184 42.7550 148.5532 1.2904 61.4022 6.7801 133.2297 104.1407 139.0387 86.7412 87.3019 106.5140 145.4227 105.5458 140.3851 104.7874 181.3736 16.4880 13.7036 188.8261 70.6285 25.4061 17.6701 69.3535 56.9678 57.6618 58.0050 160.6783
53.8575 0.0000 65.6366 19.3626 171.2086 96.9234 182.0439 129.0742 133.6520 100.5502 125.3569 104.4461 16.9576 156.9549 117.0042 269.8807 99.1036 135.6068 80.2518 85.0524 143.5707 150.9284 63.9708 278.9876 168.8412 87.6847 79.2813 192.0553 99.4747 133.4688
28.6184 65.6366 0.0000 105.0328 118.4306 138.0477 50.9513 74.8909 104.1191 85.1740 170.2402 77.8922 247.9407 157.9771 240.6857 125.7021 56.6615 234.2184 63.0745 131.7476 124.0947 54.3460 113.8350 59.8586 44.1147 63.7153 92.8030 108.4287 136.0167 126.2414
42.7550 19.3626 105.0328 0.0000 203.8372 161.5938 42.8077 158.1574 81.0845 95.8123 52.7663 71.8132 176.6563 21.0654 171.8671 32.3255 105.9314 77.0665 102.0892 39.8628 171.4222 127.0422 104.1885 64.8947 52.2175 61.3404 80.0399 127.9195 56.5040 104.0536
148.5532 171.2086 118.4306 203.8372 0.0000 111.0894 155.5366 55.0368 168.4005 72.4581 106.0235 89.6781 99.8648 102.9257 54.9233 97.3710 42.5547 98.6344 147.8381 174.2219 164.2204 92.8468 62.2874 94.6259 132.9905 38.6171 52.1403 67.3243 85.4668 66.1734
1.2904 96.9234 138.0477 161.5938 111.0894 0.0000 103.8040 138.4062 154.8453 138.6525 208.3220 66.3532 44.6470 144.2698 80.6213 191.2530 60.6645 86.0322 59.5034 127.0505 23.3832 43.4379 84.6803 139.1082 176.2909 165.0780 86.3783 100.3787 121.0270 108.7044
61.4022 182.0439 50.9513 42.8077 155.5366 103.8040 0.0000 14.0288 94.6685 123.9276 114.1334 4.8375 3.9739 61.0185 171.3849 130.1924 12.9917 46.4778 192.8654 79.2575 101.2219 72.5885 250.7867 64.0091 101.1939 57.7969 131.1432 204.9892 74.4636 77.0082
6.7801 129.0742 74.8909 158.1574 55.0368 138.4062 14.0288 0.0000 131.0216 110.5794 139.5246 96.5365 120.8687 191.4616 173.5867 5.9427 83.4549 33.1770 72.5916 105.0166 84.7725 45.2977 40.1397 58.6759 7.4618 81.1691 159.3508 28.6315 124.3954 104.8391
133.2297 133.6520 104.1191 81.0845 168.4005 154.8453 94.6685 131.0216 0.0000 82.3231 113.6750 102.4686 143.9570 31.7041 67.0356 119.9661 91.0229 177.0165 195.2074 106.4903 58.0770 57.6475 106.1196 64.7120 186.2318 4.4377 44.1899 41.5983 61.4291 145.0441
104.1407 100.5502 85.1740 95.8123 72.4581 138.6525 123.9276 110.5794 82.3231 0.0000 62.9213 230.7108 114.2337 137.7138 146.8664 52.6042 115.8990 57.0051 65.5532 182.1766 186.9572 40.3093 142.2607 117.0779 136.5634 111.2241 144.1483 278.3411 144.6492 102.2853
139.0387 125.3569 170.2402 52.7663 106.0235 208.3220 114.1334 139.5246 113.6750 62.9213 0.0000 44.1485 120.8464 95.6932 120.1493 123.9417 151.6390 63.2257 227.4774 88.7223 31.2337 178.8992 140.9813 65.8172 107.7074 156.9386 82.6906 173.5506 102.1958 111.1102
86.7412 104.4461 77.8922 71.8132 89.6781 66.3532 4.8375 96.5365 102.4686 230.7108 44.1485 0.0000 73.6290 54.2133 176.8221 40.8269 170.8109 141.8895 128.7505 129.6437 48.7296 149.3005 135.6245 91.8091 108.0442 89.8576 123.9511 47.8330 48.2140 122.1634
87.3019 16.9576 247.9407 176.6563 99.8648 44.6470 3.9739 120.8687 143.9570 114.2337 120.8464 73.6290 0.0000 150.6120 123.8261 31.5140 194.1450 61.3791 157.3270 103.7622 152.8043 156.7066 45.4351 219.8287 73.7806 144.7506 102.7182 198.9945 217.5201 159.4964
106.5140 156.9549 157.9771 21.0654 102.9257 144.2698 61.0185 191.4616 31.7041 137.7138 95.6932 54.2133 150.6120 0.0000 77.7410 64.4516 62.3112 93.1886 83.6988 95.3638 105.1649 172.1195 95.0280 121.0632 9.2683 128.0731 54.8719 152.6630 142.7091 58.0365
145.4227 117.0042 240.6857 171.8671 54.9233 80.6213 171.3849 173.5867 67.0356 146.8664 120.1493 176.8221 123.8261 77.7410 0.0000 96.6470 136.1289 89.6383 123.9617 88.9141 40.4435 58.9061 205.1937 199.8364 67.8254 47.0888 135.8460 114.0617 104.8619 76.2667
105.5458 269.8807 125.7021 32.3255 97.3710 191.2530 130.1924 5.9427 119.9661 52.6042 123.9417 40.8269 31.5140 64.4516 96.6470 0.0000 81.6451 104.5757 175.0730 75.7663 85.4295 32.5686 1.2466 167.7115 38.7710 72.0647 106.2902 58.5297 110.8407 75.2962
140.3851 99.1036 56.6615 105.9314 42.5547 60.6645 12.9917 83.4549 91.0229 115.8990 151.6390 170.8109 194.1450 62.3112 136.1289 81.6451 0.0000 6.9222 236.1958 164.8538 108.0160 106.9745 102.2946 97.9163 93.5834 86.6496 83.1300 97.1656 146.8466 71.2813
104.7874 135.6068 234.2184 77.0665 98.6344 86.0322 46.4778 33.1770 177.0165 57.0051 63.2257 141.8895 61.3791 93.1886 89.6383 104.5757 6.9222 0.0000 116.6390 90.7897 37.4493 174.1486 32.0277 156.9386 69.4315 55.9731 219.5849 71.0444 61.7144 127.3002
181.3736 80.2518 63.0745 102.0892 147.8381 59.5034 192.8654 72.5916 195.2074 65.5532 227.4774 128.7505 157.3270 83.6988 123.9617 175.0730 236.1958 116.6390 0.0000 149.2128 93.6212 187.3648 153.2435 225.1155 26.3266 129.9043 18.2776 145.5470 109.3212 77.6582
16.4880 85.0524 131.7476 39.8628 174.2219 127.0505 79.2575 105.0166 106.4903 182.1766 88.7223 129.6437 103.7622 95.3638 88.9141 75.7663 164.8538 90.7897 149.2128 0.0000 211.2666 94.8466 197.8653 153.1300 175.8840 12.4053 46.4020 164.8653 137.7131 109.0909
13.7036 143.5707 124.0947 171.4222 164.2204 23.3832 101.2219 84.7725 58.0770 186.9572 31.2337 48.7296 152.8043 105.1649 40.4435 85.4295 108.0160 37.4493 93.6212 211.2666 0.0000 127.1545 80.8667 198.6521 29.0713 189.2875 96.5815 110.0219 107.9082 20.2050
188.8261 150.9284 54.3460 127.0422 92.8468 43.4379 72.5885 45.2977 57.6475 40.3093 178.8992 149.3005 156.7066 172.1195 58.9061 32.5686 106.9745 174.1486 187.3648 94.8466 127.1545 0.0000 220.5810 108.1191 47.4201 60.2209 86.4899 77.3440 180.4462 129.6068
70.6285 63.9708 113.8350 104.1885 62.2874 84.6803 250.7867 40.1397 106.1196 142.2607 140.9813 135.6245 45.4351 95.0280 205.1937 1.2466 102.2946 32.0277 153.2435 197.8653 80.8667 220.5810 0.0000 55.7394 231.0478 123.3899 100.4802 127.3634 159.2859 105.4945
25.4061 278.9876 59.8586 64.8947 94.6259 139.1082 64.0091 58.6759 64.7120 117.0779 65.8172 91.8091 219.8287 121.0632 199.8364 167.7115 97.9163 156.9386 225.1155 153.1300 198.6521 108.1191 55.7394 0.0000 97.0447 84.1588 100.9137 125.1391 118.8742 43.2917
17.6701 168.8412 44.1147 52.2175 132.9905 176.2909 101.1939 7.4618 186.2318 136.5634 107.7074 108.0442 73.7806 9.2683 67.8254 38.7710 93.5834 69.4315 26.3266 175.8840 29.0713 47.4201 231.0478 97.0447 0.0000 166.7938 146.1222 132.8233 102.5736 89.2430
69.3535 87.6847 63.7153 61.3404 38.6171 165.0780 57.7969 81.1691 4.4377 111.2241 156.9386 89.8576 144.7506 128.0731 47.0888 72.0647 86.6496 55.9731 129.9043 12.4053 189.2875 60.2209 123.3899 84.1588 166.7938 0.0000 80.0151 83.8875 131.1152 27.7780
56.9678 79.2813 92.8030 80.0399 52.1403 86.3783 131.1432 159.3508 44.1899 144.1483 82.6906 123.9511 102.7182 54.8719 135.8460 106.2902 83.1300 219.5849 18.2776 46.4020 96.5815 86.4899 100.4802 100.9137 146.1222 80.0151 0.0000 70.1516 74.4784 106.4660
57.6618 192.0553 108.4287 127.9195 67.3243 100.3787 204.9892 28.6315 41.5983 278.3411 173.5506 47.8330 198.9945 152.6630 114.0617 58.5297 97.1656 71.0444 145.5470 164.8653 110.0219 77.3440 127.3634 125.1391 132.8233 83.8875 70.1516 0.0000 101.7993 152.3204
58.0050 99.4747 136.0167 56.5040 85.4668 121.0270 74.4636 124.3954 61.4291 144.6492 102.1958 48.2140 217.5201 142.7091 104.8619 110.8407 146.8466 61.7144 109.3212 137.7131 107.9082 180.4462 159.2859 118.8742 102.5736 131.1152 74.4784 101.7993 0.0000 140.5867
160.6783 133.4688 126.2414 104.0536 66.1734 108.7044 77.0082 104.8391 145.0441 102.2853 111.1102 122.1634 159.4964 58.0365 76.2667 75.2962 71.2813 127.3002 77.6582 109.0909 20.2050 129.6068 105.4945 43.2917 89.2430 27.7780 106.4660 152.3204 140.5867 0.0000
