30
0.0000 94.1878 25.8949 77.0111 179.3837 80.6109 167.1156 108.3041 105.5693 103.6848 89.6509 49.8972 129.5651 135.9901 127.9729 89.8856 71.3501 186.3141 75.9591 50.4841 107.7311 140.0569 113.4441 4.4741 121.8642 111.4491 86.7086 175.5992 86.5496 141.0651
94.1878 0.0000 109.1373 145.4414 106.1999 94.1076 125.2125 71.6269 179.4235 168.2147 132.0297 210.3831 48.7576 54.7314 108.9163 135.6442 131.0995 48.9813 107.1404 142.1966 55.9138 71.8097 59.3634 132.1450 170.9919 102.6912 39.5252 63.5802 62.9732 66.9697
25.8949 109.1373 0.0000 97.4712 73.9580 166.3657 35.6847 105.4260 106.4238 107.6323 132.1795 93.9282 104.7661 115.6859 115.5807 114.9201 125.5214 147.2141 137.8468 182.9776 175.9017 71.6593 77.1244 58.7834 199.0077 155.9947 77.6818 61.2009 112.2025 118.1692
77.0111 145.4414 97.4712 0.0000 72.2017 38.8631 55.2356 110.5500 207.7861 109.7408 98.7499 6.7592 261.2331 99.5152 84.4767 63.0197 196.2183 53.6404 207.0204 113.7816 108.7773 116.6970 132.9877 88.8278 76.1125 182.7173 195.6751 41.3165 123.6118 32.8195
179.3837 106.1999 73.9580 72.2017 0.0000 180.2569 190.1329 64.9313 144.2673 127.0830 114.7080 109.7451 76.7000 281.8791 67.3154 78.8861 58.0396 135.3466 3.6823 80.2347 109.3827 211.8286 86.2782 59.8881 116.7417 12.4677 116.8155 94.4036 63.8079 172.0889
80.6109 94.1076 166.3657 38.8631 180.2569 0.0000 52.2143 106.5429 109.9297 152.7166 92.8762 91.7355 167.4864 19.3173 29.7884 135.2640 174.8468 107.4508 140.6110 122.4012 174.0486 86.4424 39.6842 113.7513 92.8428 26.7072 117.5306 121.6171 94.9676 252.5562
167.1156 125.2125 35.6847 55.2356 190.1329 52.2143 0.0000 78.0106 81.5073 62.7645 67.3143 95.7924 86.0682 186.4312 75.4347 207.4364 85.8830 70.7045 70.3275 38.4825 41.4071 31.8765 12.8920 45.6211 97.7017 167.8453 159.2989 98.5485 89.8188 130.8576
108.3041 71.6269 105.4260 110.5500 64.9313 106.5429 78.0106 0.0000 74.8706 139.9128 86.0198 26.3572 277.0845 34.6344 133.7490 128.0772 106.0381 27.2777 107.7409 82.0334 160.3134 108.7823 99.3705 96.0513 80.1775 56.0331 123.1434 38.0293 235.0196 91.9394
105.5693 179.4235 106.4238 207.7861 144.2673 109.9297 81.5073 74.8706 0.0000 62.2690 70.1586 9.7944 120.9277 36.4404 147.1316 85.6066 69.5565 164.0983 4.2277 56.1907 48.8006 111.0324 117.1926 7.0222 126.0322 188.6707 156.4934 57.3782 55.8144 132.9820
103.6848 168.2147 107.6323 109.7408 127.0830 152.7166 62.7645 139.9128 62.2690 0.0000 117.8398 61.4010 172.4036 7.8182 155.3158 28.1070 126.1842 162.4576 47.2722 120.9016 86.0928 97.9036 43.6063 149.2297 49.2399 54.6391 51.8678 26.6665 56.9317 230.8423
89.6509 132.0297 132.1795 98.7499 114.7080 92.8762 67.3143 86.0198 70.1586 117.8398 0.0000 65.5028 2.8341 22.1034 147.1889 67.6470 129.2761 5.0275 1.2778 89.5825 132.7861 167.4337 139.4813 108.9969 150.5862 138.7151 200.8663 134.7510 173.8450 142.0108
49.8972 210.3831 93.9282 6.7592 109.7451 91.7355 95.7924 26.3572 9.7944 61.4010 65.5028 0.0000 110.0469 6.9245 1.3605 103.7145 138.2860 211.0617 52.1837 42.0254 62.0093 94.4110 152.8427 192.3189 59.8198 56.3803 116.8212 57.6451 144.8266 6.7032
129.5651 48.7576 104.7661 261.2331 76.7000 167.4864 86.0682 277.0845 120.9277 172.4036 2.8341 110.0469 0.0000 99.0301 142.4510 88.3857 129.1089 57.8219 101.9725 99.8888 92.4404 96.0389 93.0313 221.9800 155.1640 87.4454 34.6015 120.1502 106.1546 109.2819
135.9901 54.7314 115.6859 99.5152 281.8791 19.3173 186.4312 34.6344 36.4404 7.8182 22.1034 6.9245 99.0301 0.0000 8.7055 180.8575 100.0474 51.1135 188.1276 73.5077 136.5457 204.2205 119.7584 191.2832 58.9896 15.8070 154.3353 174.4724 63.4677 101.9536
127.9729 108.9163 115.5807 84.4767 67.3154 29.7884 75.4347 133.7490 147.1316 155.3158 147.1889 1.3605 142.4510 8.7055 0.0000 116.3990 15.3533 235.2681 100.0250 193.2540 122.8300 80.2141 230.9541 195.7303 147.8396 41.9308 102.2572 135.8123 117.0591 121.3438
89.8856 135.6442 114.9201 63.0197 78.8861 135.2640 207.4364 128.0772 85.6066 28.1070 67.6470 103.7145 88.3857 180.8575 116.3990 0.0000 117.2369 16.2112 46.7740 128.6275 56.3344 110.4960 92.8063 96.7311 156.8169 190.1167 73.1951 32.7255 153.8051 99.5871
71.3501 131.0995 125.5214 196.2183 58.0396 174.8468 85.8830 106.0381 69.5565 126.1842 129.2761 138.2860 129.1089 100.0474 15.3533 117.2369 0.0000 160.9237 92.4631 46.8749 9.2416 75.2924 172.4761 69.7633 127.6972 33.8808 90.6898 47.6915 168.0448 160.0170
186.3141 48.9813 147.2141 53.6404 135.3466 107.4508 70.7045 27.2777 164.0983 162.4576 5.0275 211.0617 57.8219 51.1135 235.2681 16.2112 160.9237 0.0000 112.3164 87.3106 116.6739 39.7588 168.9119 41.1108 111.6572 155.6419 80.1045 41.4781 68.2809 99.3885
75.9591 107.1404 137.8468 207.0204 3.6823 140.6110 70.3275 107.7409 4.2277 47.2722 1.2778 52.1837 101.9725 188.1276 100.0250 46.7740 92.4631 112.3164 0.0000 114.4347 65.3469 59.7910 58.8669 117.8467 42.4458 111.6689 143.6120 13.4197 83.4211 80.8718
50.4841 142.1966 182.9776 113.7816 80.2347 122.4012 38.4825 82.0334 56.1907 120.9016 89.5825 42.0254 99.8888 73.5077 193.2540 128.6275 46.8749 87.3106 114.4347 0.0000 223.7654 35.5314 90.6511 90.9956 135.3249 74.7728 173.2025 57.4334 76.0038 85.9108
107.7311 55.9138 175.9017 108.7773 109.3827 174.0486 41.4071 160.3134 48.8006 86.0928 132.7861 62.0093 92.4404 136.5457 122.8300 56.3344 9.2416 116.6739 65.3469 223.7654 0.0000 38.5915 88.8515 140.9503 116.5362 57.3199 50.1956 125.7562 224.8309 88.7038
140.0569 71.8097 71.6593 116.6970 211.8286 86.4424 31.8765 108.7823 111.0324 97.9036 167.4337 94.4110 96.0389 204.2205 80.2141 110.4960 75.2924 39.7588 59.7910 35.5314 38.5915 0.0000 134.7519 56.4481 48.1914 159.6591 11.2050 11.3616 104.0962 63.8935
113.4441 59.3634 77.1244 132.9877 86.2782 39.6842 12.8920 99.3705 117.1926 43.6063 139.4813 152.8427 93.0313 119.7584 230.9541 92.8063 172.4761 168.9119 58.8669 90.6511 88.8515 134.7519 0.0000 52.6663 11.5370 113.8593 72.4774 137.8272 124.0731 226.5703
4.4741 132.1450 58.7834 88.8278 59.8881 113.7513 45.6211 96.0513 7.0222 149.2297 108.9969 192.3189 221.9800 191.2832 195.7303 96.7311 69.7633 41.1108 117.8467 90.9956 140.9503 56.4481 52.6663 0.0000 86.7255 111.8006 0.9791 152.7401 93.6242 209.1000
121.8642 170.9919 199.0077 76.1125 116.7417 92.8428 97.7017 80.1775 126.0322 49.2399 150.5862 59.8198 155.1640 58.9896 147.8396 156.8169 127.6972 111.6572 42.4458 135.3249 116.5362 48.1914 11.5370 86.7255 0.0000 115.3152 205.7188 17.2690 190.9902 116.4564
111.4491 102.6912 155.9947 182.7173 12.4677 26.7072 167.8453 56.0331 188.6707 54.6391 138.7151 56.3803 87.4454 15.8070 41.9308 190.1167 33.8808 155.6419 111.6689 74.7728 57.3199 159.6591 113.8593 111.8006 115.3152 0.0000 186.8541 65.6993 140.6764 70.7536
86.7086 39.5252 77.6818 195.6751 116.8155 117.5306 159.2989 123.1434 156.4934 51.8678 200.8663 116.8212 34.6015 154.3353 102.2572 73.1951 90.6898 80.1045 143.6120 173.2025 50.1956 11.2050 72.4774 0.9791 205.7188 186.8541 0.0000 110.1772 65.4315 74.4973
175.5992 63.5802 61.2009 41.3165 94.4036 121.6171 98.5485 38.0293 57.3782 26.6665 134.7510 57.6451 120.1502 174.4724 135.8123 32.7255 47.6915 41.4781 13.4197 57.4334 125.7562 11.3616 137.8272 152.7401 17.2690 65.6993 110.1772 0.0000 127.9301 131.9272
86.5496 62.9732 112.2025 123.6118 63.8079 94.9676 89.8188 235.0196 55.8144 56.9317 173.8450 144.8266 106.1546 63.4677 117.0591 153.8051 168.0448 68.2809 83.4211 76.0038 224.8309 104.0962 124.0731 93.6242 190.9902 140.6764 65.4315 127.9301 0.0000 205.7075
141.0651 66.9697 118.1692 32.8195 172.0889 252.5562 130.8576 91.9394 132.9820 230.8423 142.0108 6.7032 109.2819 101.9536 121.3438 99.5871 160.0170 99.3885 80.8718 85.9108 88.7038 63.8935 226.5703 209.1000 116.4564 70.7536 74.4973 131.9272 205.7075 0.0000
