19
0.0000 131.5745 138.2501 31.4412 187.6372 64.6885 90.1573 199.6365 175.9798 79.5276 206.9355 106.1697 76.1410 67.9545 104.5526 127.5310 67.3340 121.8027 0.6129
131.5745 0.0000 184.7599 115.2814 148.6600 177.4327 104.3382 131.8419 43.6400 43.1831 114.6236 5.0465 50.1901 91.8729 61.9930 84.2792 155.9052 94.0280 155.4219
138.2501 184.7599 0.0000 46.9676 18.0242 111.5597 174.0750 95.2284 14.1475 0.3151 52.9947 102.3584 37.4668 46.0741 91.8556 108.8272 136.8682 23.3576 57.7403
31.4412 115.2814 46.9676 0.0000 73.8038 99.3882 92.1752 105.2311 92.1839 54.2455 58.9999 151.1112 126.3701 32.6497 127.4992 85.0222 68.0469 152.3038 15.8440
187.6372 148.6600 18.0242 73.8038 0.0000 57.4406 105.7252 63.3912 70.1250 89.7612 166.0352 99.5206 114.5875 110.0548 38.1890 151.4236 90.5107 87.7234 102.1665
64.6885 177.4327 111.5597 99.3882 57.4406 0.0000 120.3627 204.3487 36.8842 87.9811 176.0107 1.7807 71.4031 143.0757 166.0224 95.2786 68.3088 183.2055 145.7144
90.1573 104.3382 174.0750 92.1752 105.7252 120.3627 0.0000 87.3932 69.9695 61.5022 103.4892 4.2020 60.5822 29.7979 158.1186 167.9413 183.8489 81.4511 169.9014
199.6365 131.8419 95.2284 105.2311 63.3912 204.3487 87.3932 0.0000 74.7554 133.4548 190.1954 157.6908 68.8990 136.6728 168.0611 111.6398 53.8637 105.8668 57.2288
175.9798 43.6400 14.1475 92.1839 70.1250 36.8842 69.9695 74.7554 0.0000 94.5222 152.9559 171.1461 65.0704 13.0978 39.2762 61.8278 101.7341 27.3212 153.9794
79.5276 43.1831 0.3151 54.2455 89.7612 87.9811 61.5022 133.4548 94.5222 0.0000 22.3982 156.3846 185.9955 131.8588 42.3061 44.3347 57.4547 75.8823 221.1357
206.9355 114.6236 52.9947 58.9999 166.0352 176.0107 103.4892 190.1954 152.9559 22.3982 0.0000 142.5294 80.9039 108.0045 72.7367 146.4841 136.2515 151.6400 148.7745
106.1697 5.0465 102.3584 151.1112 99.5206 1.7807 4.2020 157.6908 171.1461 156.3846 142.5294 0.0000 61.4453 94.5443 303.8822 169.3273 149.5957 135.1053 162.4008
76.1410 50.1901 37.4668 126.3701 114.5875 71.4031 60.5822 68.8990 65.0704 185.9955 80.9039 61.4453 0.0000 96.2218 167.5631 128.9090 145.4440 122.7708 157.1253
67.9545 91.8729 46.0741 32.6497 110.0548 143.0757 29.7979 136.6728 13.0978 131.8588 108.0045 94.5443 96.2218 0.0000 116.5748 181.7885 28.1319 156.7295 140.9197
104.5526 61.9930 91.8556 127.4992 38.1890 166.0224 158.1186 168.0611 39.2762 42.3061 72.7367 303.8822 167.5631 116.5748 0.0000 122.8818 28.9932 101.0231 252.3084
127.5310 84.2792 108.8272 85.0222 151.4236 95.2786 167.9413 111.6398 61.8278 44.3347 146.4841 169.3273 128.9090 181.7885 122.8818 0.0000 78.7036 225.5068 146.1112
67.3340 155.9052 136.8682 68.0469 90.5107 68.3088 183.8489 53.8637 101.7341 57.4547 136.2515 149.5957 145.4440 28.1319 28.9932 78.7036 0.0000 188.5289 166.8292
121.8027 94.0280 23.3576 152.3038 87.7234 183.2055 81.4511 105.8668 27.3212 75.8823 151.6400 135.1053 122.7708 156.7295 101.0231 225.5068 188.5289 0.0000 113.4663
0.6129 155.4219 57.7403 15.8440 102.1665 145.7144 169.9014 57.2288 153.9794 221.1357 148.7745 162.4008 157.1253 140.9197 252.3084 146.1112 166.8292 113.4663 0.0000
