19
0.0000 219.6410 135.5513 137.5447 138.0794 18.4336 191.5912 102.7391 185.1235 71.6777 79.1831 93.3872 19.5621 166.6720 157.2325 80.1581 122.7026 102.8808 21.4793
219.6410 0.0000 176.0903 99.6798 89.9348 168.4648 113.4238 116.8248 253.3336 207.6744 97.7704 134.2969 81.7132 105.4978 154.9559 74.0815 160.3871 84.9231 184.2349
135.5513 176.0903 0.0000 104.5047 59.0014 85.9573 171.6800 71.4001 71.0577 148.1494 93.6485 127.5659 94.4919 61.9331 73.7294 87.4412 211.5715 109.1280 159.4294
137.5447 99.6798 104.5047 0.0000 191.2972 43.1576 153.5259 160.8873 177.3613 101.2668 113.7683 218.0259 218.6630 138.5106 106.0212 58.5749 25.7445 125.8363 70.6568
138.0794 89.9348 59.0014 191.2972 0.0000 53.2839 177.3954 83.6791 43.7668 145.2221 116.3498 135.4636 67.7015 154.6007 197.6335 113.7918 132.0592 163.8208 11.9523
18.4336 168.4648 85.9573 43.1576 53.2839 0.0000 36.4535 149.5819 67.4483 170.4355 41.3221 90.7524 88.2789 31.2812 232.1433 4.1703 144.3438 140.0135 59.0228
191.5912 113.4238 171.6800 153.5259 177.3954 36.4535 0.0000 22.3986 39.2776 178.9067 145.4711 121.1408 115.1061 172.2140 62.6392 216.3377 136.2298 268.2237 200.2755
102.7391 116.8248 71.4001 160.8873 83.6791 149.5819 22.3986 0.0000 74.8373 189.1149 216.0231 138.4011 11.6329 127.2166 166.2630 82.5065 95.6503 165.2915 102.6313
185.1235 253.3336 71.0577 177.3613 43.7668 67.4483 39.2776 74.8373 0.0000 133.6533 78.5574 23.0316 55.6742 177.2476 90.5913 125.1522 143.5530 95.3492 52.8341
71.6777 207.6744 148.1494 101.2668 145.2221 170.4355 178.9067 189.1149 133.6533 0.0000 137.8294 141.6163 70.7868 84.0830 202.9407 123.6961 131.5060 69.3760 203.9128
79.1831 97.7704 93.6485 113.7683 116.3498 41.3221 145.4711 216.0231 78.5574 137.8294 0.0000 114.5614 81.7120 70.6919 67.4324 145.2155 117.9883 107.8460 109.5646
93.3872 134.2969 127.5659 218.0259 135.4636 90.7524 121.1408 138.4011 23.0316 141.6163 114.5614 0.0000 122.1601 53.3883 163.0216 57.7055 39.9510 63.0476 68.7825
19.5621 81.7132 94.4919 218.6630 67.7015 88.2789 115.1061 11.6329 55.6742 70.7868 81.7120 122.1601 0.0000 123.5021 212.9384 9.3963 110.8578 42.2364 78.7802
166.6720 105.4978 61.9331 138.5106 154.6007 31.2812 172.2140 127.2166 177.2476 84.0830 70.6919 53.3883 123.5021 0.0000 104.8530 60.2540 95.0395 73.0052 100.6177
157.2325 154.9559 73.7294 106.0212 197.6335 232.1433 62.6392 166.2630 90.5913 202.9407 67.4324 163.0216 212.9384 104.8530 0.0000 65.0158 106.9377 87.5627 91.9706
80.1581 74.0815 87.4412 58.5749 113.7918 4.1703 216.3377 82.5065 125.1522 123.6961 145.2155 57.7055 9.3963 60.2540 65.0158 0.0000 89.6394 97.9530 49.0274
122.7026 160.3871 211.5715 25.7445 132.0592 144.3438 136.2298 95.6503 143.5530 131.5060 117.9883 39.9510 110.8578 95.0395 106.9377 89.6394 0.0000 33.4153 156.3715
102.8808 84.9231 109.1280 125.8363 163.8208 140.0135 268.2237 165.2915 95.3492 69.3760 107.8460 63.0476 42.2364 73.0052 87.5627 97.9530 33.4153 0.0000 159.3534
21.4793 184.2349 159.4294 70.6568 11.9523 59.0228 200.2755 102.6313 52.8341 203.9128 109.5646 68.7825 78.7802 100.6177 91.9706 49.0274 156.3715 159.3534 0.0000
