19
0.0000 48.7382 140.7235 130.3023 121.2704 199.2214 91.5780 62.2916 78.6341 35.7534 52.4574 200.4009 125.4142 88.4320 110.7324 52.0653 75.9351 192.5679 67.2036
48.7382 0.0000 52.8527 157.7143 59.0651 128.5896 172.7497 56.1855 213.5323 141.9120 106.0327 188.5714 207.0590 105.1553 57.7057 203.8265 87.8501 205.1828 77.3051
140.7235 52.8527 0.0000 143.4423 160.2162 73.8602 213.0683 24.1529 123.0419 79.8883 157.7300 93.3826 45.6299 68.2508 93.4055 90.3189 70.7397 107.8243 94.4259
130.3023 157.7143 143.4423 0.0000 61.3091 210.3352 180.9612 104.4104 130.0087 160.2671 83.2470 159.6466 83.4754 294.3076 176.7954 14.4824 20.7179 171.1465 132.8920
121.2704 59.0651 160.2162 61.3091 0.0000 76.1171 4.5469 83.6772 25.2330 94.1178 98.2560 45.7602 212.4077 180.0306 170.7573 121.1981 57.7928 31.5041 95.3301
199.2214 128.5896 73.8602 210.3352 76.1171 0.0000 87.8320 162.1632 142.2944 175.8825 145.4919 96.9596 198.7515 105.8764 109.6260 109.1213 123.5775 77.0825 25.8693
91.5780 172.7497 213.0683 180.9612 4.5469 87.8320 0.0000 124.1182 93.0479 36.2688 152.2606 124.2122 93.1733 21.9454 78.2431 116.1505 67.4380 88.3787 99.4731
62.2916 56.1855 24.1529 104.4104 83.6772 162.1632 124.1182 0.0000 80.3385 69.4037 105.0094 57.8268 151.8841 36.0403 108.9176 107.8310 163.4076 104.2351 224.6129
78.6341 213.5323 123.0419 130.0087 25.2330 142.2944 93.0479 80.3385 0.0000 58.5127 40.3603 193.0129 91.6736 88.2557 188.9570 48.2764 207.7172 30.3251 40.0502
35.7534 141.9120 79.8883 160.2671 94.1178 175.8825 36.2688 69.4037 58.5127 0.0000 145.2312 64.0909 81.2456 108.5955 18.2946 207.8438 5.6867 52.3021 192.7162
52.4574 106.0327 157.7300 83.2470 98.2560 145.4919 152.2606 105.0094 40.3603 145.2312 0.0000 99.0167 48.4714 147.0377 110.4027 84.6305 67.1592 15.9934 164.9196
200.4009 188.5714 93.3826 159.6466 45.7602 96.9596 124.2122 57.8268 193.0129 64.0909 99.0167 0.0000 73.7032 186.6229 61.2446 34.9862 148.7901 32.6097 116.8509
125.4142 207.0590 45.6299 83.4754 212.4077 198.7515 93.1733 151.8841 91.6736 81.2456 48.4714 73.7032 0.0000 65.0792 61.3004 73.9661 67.5788 150.6142 80.2861
88.4320 105.1553 68.2508 294.3076 180.0306 105.8764 21.9454 36.0403 88.2557 108.5955 147.0377 186.6229 65.0792 0.0000 173.4869 80.3576 11.2063 229.2018 112.7135
110.7324 57.7057 93.4055 176.7954 170.7573 109.6260 78.2431 108.9176 188.9570 18.2946 110.4027 61.2446 61.3004 173.4869 0.0000 7.0880 171.2449 185.0738 123.5645
52.0653 203.8265 90.3189 14.4824 121.1981 109.1213 116.1505 107.8310 48.2764 207.8438 84.6305 34.9862 73.9661 80.3576 7.0880 0.0000 151.0462 75.1388 206.5323
75.9351 87.8501 70.7397 20.7179 57.7928 123.5775 67.4380 163.4076 207.7172 5.6867 67.1592 148.7901 67.5788 11.2063 171.2449 151.0462 0.0000 21.1730 54.3894
192.5679 205.1828 107.8243 171.1465 31.5041 77.0825 88.3787 104.2351 30.3251 52.3021 15.9934 32.6097 150.6142 229.2018 185.0738 75.1388 21.1730 0.0000 141.5949
67.2036 77.3051 94.4259 132.8920 95.3301 25.8693 99.4731 224.6129 40.0502 192.7162 164.9196 116.8509 80.2861 112.7135 123.5645 206.5323 54.3894 141.5949 0.0000
