19
0.0000 141.5785 158.0188 151.7310 103.3235 169.8915 64.6437 72.6155 88.5567 141.4604 124.0267 137.0721 161.6936 186.5796 125.5554 148.1758 138.7156 171.6903 67.8684
141.5785 0.0000 110.8144 133.1508 82.8336 30.2161 73.7506 70.1882 63.6276 57.3979 78.6271 171.0860 129.1411 148.9569 193.8651 76.9215 181.4291 78.0695 171.9956
158.0188 110.8144 0.0000 154.6468 10.2723 164.3827 125.9913 101.2599 66.0576 226.7584 87.3664 72.4855 80.7871 116.7182 100.3030 139.8662 46.9464 121.2853 56.9289
151.7310 133.1508 154.6468 0.0000 92.5155 46.9279 127.9884 64.5867 51.7165 68.3134 183.4608 124.6609 125.8625 16.4928 55.1266 109.7502 152.7600 224.2357 152.6925
103.3235 82.8336 10.2723 92.5155 0.0000 105.1234 133.4243 137.0279 21.7517 114.0188 87.0057 108.8082 152.8184 108.2347 104.9745 129.3270 177.9390 78.3646 187.4309
169.8915 30.2161 164.3827 46.9279 105.1234 0.0000 114.6781 107.5727 57.6606 64.7143 121.0920 241.0422 169.9324 144.3121 130.0166 55.1410 85.6962 151.3072 78.5875
64.6437 73.7506 125.9913 127.9884 133.4243 114.6781 0.0000 90.5133 227.0086 165.0139 45.1589 89.5194 112.1110 184.0028 92.8964 132.8767 65.4115 178.2039 134.7359
72.6155 70.1882 101.2599 64.5867 137.0279 107.5727 90.5133 0.0000 175.7864 100.3325 183.4318 219.0451 108.5621 48.8400 30.7742 82.5070 73.3666 130.0485 165.3435
88.5567 63.6276 66.0576 51.7165 21.7517 57.6606 227.0086 175.7864 0.0000 234.8124 96.2055 69.0596 38.5368 181.1451 94.6064 136.4429 72.3267 46.1716 26.4836
141.4604 57.3979 226.7584 68.3134 114.0188 64.7143 165.0139 100.3325 234.8124 0.0000 41.5465 201.6635 196.8175 36.7722 148.0811 156.3738 103.8163 110.2149 87.4834
124.0267 78.6271 87.3664 183.4608 87.0057 121.0920 45.1589 183.4318 96.2055 41.5465 0.0000 66.5302 85.2020 58.1551 105.7724 27.5423 101.3514 103.5864 109.6243
137.0721 171.0860 72.4855 124.6609 108.8082 241.0422 89.5194 219.0451 69.0596 201.6635 66.5302 0.0000 133.4700 167.2865 176.4753 83.8959 87.5161 203.2123 121.9936
161.6936 129.1411 80.7871 125.8625 152.8184 169.9324 112.1110 108.5621 38.5368 196.8175 85.2020 133.4700 0.0000 69.6075 98.3785 58.7791 156.8537 167.3197 21.8938
186.5796 148.9569 116.7182 16.4928 108.2347 144.3121 184.0028 48.8400 181.1451 36.7722 58.1551 167.2865 69.6075 0.0000 123.9779 56.3929 83.6959 14.8706 184.7566
125.5554 193.8651 100.3030 55.1266 104.9745 130.0166 92.8964 30.7742 94.6064 148.0811 105.7724 176.4753 98.3785 123.9779 0.0000 164.5492 36.2341 145.1154 77.1496
148.1758 76.9215 139.8662 109.7502 129.3270 55.1410 132.8767 82.5070 136.4429 156.3738 27.5423 83.8959 58.7791 56.3929 164.5492 0.0000 152.0916 92.2261 38.9765
138.7156 181.4291 46.9464 152.7600 177.9390 85.6962 65.4115 73.3666 72.3267 103.8163 101.3514 87.5161 156.8537 83.6959 36.2341 152.0916 0.0000 164.1919 104.3874
171.6903 78.0695 121.2853 224.2357 78.3646 151.3072 178.2039 130.0485 46.1716 110.2149 103.5864 203.2123 167.3197 14.8706 145.1154 92.2261 164.1919 0.0000 15.4481
67.8684 171.9956 56.9289 152.6925 187.4309 78.5875 134.7359 165.3435 26.4836 87.4834 109.6243 121.9936 21.8938 184.7566 77.1496 38.9765 104.3874 15.4481 0.0000
