19
0.0000 113.2134 85.5214 22.5034 88.4966 100.4720 124.6596 31.0118 151.9419 83.1693 32.6997 81.7528 123.3837 121.6940 99.8047 67.8663 146.2610 115.7981 142.0010
113.2134 0.0000 47.4458 198.2352 111.3906 69.7894 96.1316 156.6321 188.3711 78.8048 231.0906 116.7210 164.5525 68.9834 201.3662 145.4578 86.3564 122.1737 82.1484
85.5214 47.4458 0.0000 47.5412 98.2761 122.0094 157.8882 58.1199 74.0662 170.3415 163.7428 153.7572 113.5062 90.9867 77.4713 15.6228 90.4795 150.2699 91.8684
22.5034 198.2352 47.5412 0.0000 160.7593 164.3649 256.1989 107.3378 101.6957 124.6762 67.3700 109.1470 175.9193 11.8195 144.4592 65.5988 213.1163 49.0422 30.6439
88.4966 111.3906 98.2761 160.7593 0.0000 17.9928 56.7746 90.4890 155.3615 89.4485 111.8373 95.1627 119.1521 81.3793 65.0681 88.0348 99.8095 100.1342 19.7536
100.4720 69.7894 122.0094 164.3649 17.9928 0.0000 84.5484 237.0698 102.4503 144.0160 7.7731 138.8155 71.7823 45.8144 195.3730 114.4249 166.8767 60.1980 122.5329
124.6596 96.1316 157.8882 256.1989 56.7746 84.5484 0.0000 45.3983 153.7496 88.7468 71.0843 17.1166 187.0870 137.5007 109.5630 84.8114 162.3960 140.9355 163.4967
31.0118 156.6321 58.1199 107.3378 90.4890 237.0698 45.3983 0.0000 58.4331 138.3773 44.7502 36.3339 66.1589 101.2018 105.3191 49.7392 209.3814 23.8217 93.0821
151.9419 188.3711 74.0662 101.6957 155.3615 102.4503 153.7496 58.4331 0.0000 157.9518 119.5850 14.7448 193.9075 93.0073 94.2936 142.7307 205.7015 158.1874 158.6847
83.1693 78.8048 170.3415 124.6762 89.4485 144.0160 88.7468 138.3773 157.9518 0.0000 138.5941 156.9370 129.4611 113.4715 96.4946 23.5749 134.4319 142.2920 50.0379
32.6997 231.0906 163.7428 67.3700 111.8373 7.7731 71.0843 44.7502 119.5850 138.5941 0.0000 145.1047 76.4453 80.0511 90.5489 81.5381 72.5075 89.3552 24.6886
81.7528 116.7210 153.7572 109.1470 95.1627 138.8155 17.1166 36.3339 14.7448 156.9370 145.1047 0.0000 65.6222 102.4458 79.6431 115.3818 150.1339 64.6455 102.1165
123.3837 164.5525 113.5062 175.9193 119.1521 71.7823 187.0870 66.1589 193.9075 129.4611 76.4453 65.6222 0.0000 34.3823 137.0124 11.5000 72.7550 143.4056 32.8264
121.6940 68.9834 90.9867 11.8195 81.3793 45.8144 137.5007 101.2018 93.0073 113.4715 80.0511 102.4458 34.3823 0.0000 193.7307 113.4349 89.6824 127.6957 144.5132
99.8047 201.3662 77.4713 144.4592 65.0681 195.3730 109.5630 105.3191 94.2936 96.4946 90.5489 79.6431 137.0124 193.7307 0.0000 52.0154 88.1635 70.9790 216.1819
67.8663 145.4578 15.6228 65.5988 88.0348 114.4249 84.8114 49.7392 142.7307 23.5749 81.5381 115.3818 11.5000 113.4349 52.0154 0.0000 22.2442 168.1669 40.9253
146.2610 86.3564 90.4795 213.1163 99.8095 166.8767 162.3960 209.3814 205.7015 134.4319 72.5075 150.1339 72.7550 89.6824 88.1635 22.2442 0.0000 9.0372 93.0976
115.7981 122.1737 150.2699 49.0422 100.1342 60.1980 140.9355 23.8217 158.1874 142.2920 89.3552 64.6455 143.4056 127.6957 70.9790 168.1669 9.0372 0.0000 27.4354
142.0010 82.1484 91.8684 30.6439 19.7536 122.5329 163.4967 93.0821 158.6847 50.0379 24.6886 102.1165 32.8264 144.5132 216.1819 40.9253 93.0976 27.4354 0.0000
