19
0.0000 67.6236 117.0061 18.2390 101.6783 92.7747 54.6206 97.0406 53.2179 149.3414 34.6962 163.3591 45.3614 149.3235 154.7106 12.6988 85.5771 54.0120 118.1828
67.6236 0.0000 153.5934 148.7275 36.1230 75.4163 154.7650 76.6860 133.0704 239.4399 39.7188 30.2546 77.0520 106.4575 137.6332 147.2692 197.8769 24.5291 126.1257
117.0061 153.5934 0.0000 158.1601 70.8268 152.9350 54.6400 31.3474 156.1842 104.6738 104.8822 19.2415 30.0141 172.5434 174.4187 115.1709 81.1876 14.6193 140.2766
18.2390 148.7275 158.1601 0.0000 72.7155 141.1839 103.4143 116.2234 155.2655 121.2723 44.8516 6.6522 90.2824 69.0222 73.8715 50.3713 138.8959 204.5763 144.2813
101.6783 36.1230 70.8268 72.7155 0.0000 87.2226 84.9808 93.3319 122.7656 128.3461 122.1567 275.8064 174.7539 64.8118 116.3917 25.1807 149.6618 221.0222 8.7284
92.7747 75.4163 152.9350 141.1839 87.2226 0.0000 87.7806 59.5333 80.7474 24.7669 259.3758 19.3944 15.5715 33.5173 128.5391 43.9709 111.3043 98.8735 134.7259
54.6206 154.7650 54.6400 103.4143 84.9808 87.7806 0.0000 23.2713 80.5108 24.7492 8.7663 148.3628 137.9372 159.0486 17.0619 122.5700 68.9184 135.6740 119.1850
97.0406 76.6860 31.3474 116.2234 93.3319 59.5333 23.2713 0.0000 139.0712 126.5669 41.0398 91.3518 5.2739 63.6130 130.1273 134.9639 51.8555 96.8252 140.1001
53.2179 133.0704 156.1842 155.2655 122.7656 80.7474 80.5108 139.0712 0.0000 119.5642 99.4340 65.7755 129.1006 122.8991 110.3259 77.6502 122.9656 51.2412 108.6664
149.3414 239.4399 104.6738 121.2723 128.3461 24.7669 24.7492 126.5669 119.5642 0.0000 158.6438 77.1658 98.0899 114.1009 68.2397 168.6343 10.2406 183.3550 205.3590
34.6962 39.7188 104.8822 44.8516 122.1567 259.3758 8.7663 41.0398 99.4340 158.6438 0.0000 73.9343 161.0212 5.4165 147.2045 130.2036 196.7017 112.7842 67.6127
163.3591 30.2546 19.2415 6.6522 275.8064 19.3944 148.3628 91.3518 65.7755 77.1658 73.9343 0.0000 217.6745 77.8795 145.1493 13.1556 26.0379 81.6415 159.2329
45.3614 77.0520 30.0141 90.2824 174.7539 15.5715 137.9372 5.2739 129.1006 98.0899 161.0212 217.6745 0.0000 94.2374 75.9731 70.4853 63.6116 76.2345 72.7859
149.3235 106.4575 172.5434 69.0222 64.8118 33.5173 159.0486 63.6130 122.8991 114.1009 5.4165 77.8795 94.2374 0.0000 215.3802 147.0158 78.8441 122.6076 2.5276
154.7106 137.6332 174.4187 73.8715 116.3917 128.5391 17.0619 130.1273 110.3259 68.2397 147.2045 145.1493 75.9731 215.3802 0.0000 67.5980 129.7259 138.8168 179.0406
12.6988 147.2692 115.1709 50.3713 25.1807 43.9709 122.5700 134.9639 77.6502 168.6343 130.2036 13.1556 70.4853 147.0158 67.5980 0.0000 106.8964 157.6170 143.7165
85.5771 197.8769 81.1876 138.8959 149.6618 111.3043 68.9184 51.8555 122.9656 10.2406 196.7017 26.0379 63.6116 78.8441 129.7259 106.8964 0.0000 84.9732 142.4790
54.0120 24.5291 14.6193 204.5763 221.0222 98.8735 135.6740 96.8252 51.2412 183.3550 112.7842 81.6415 76.2345 122.6076 138.8168 157.6170 84.9732 0.0000 153.6571
118.1828 126.1257 140.2766 144.2813 8.7284 134.7259 119.1850 140.1001 108.6664 205.3590 67.6127 159.2329 72.7859 2.5276 179.0406 143.7165 142.4790 153.6571 0.0000
