19
0.0000 57.2206 50.1657 81.5008 116.7810 190.5834 103.0668 185.7876 181.7554 167.5690 50.4801 75.6680 59.5827 121.3588 58.2119 212.1110 60.7221 123.0627 46.3361
57.2206 0.0000 46.1322 122.3753 89.8753 135.3146 158.1486 225.0371 90.8531 16.2168 60.2172 72.7712 134.1041 115.1225 74.2209 111.2192 171.6545 91.3549 70.7019
50.1657 46.1322 0.0000 142.1328 21.0884 77.0643 154.1962 93.8690 2.0930 109.6152 143.5712 107.6053 149.6377 126.0806 69.9589 39.6330 107.4969 82.9975 248.1616
81.5008 122.3753 142.1328 0.0000 113.9936 272.3080 27.9684 54.6443 107.6772 28.0063 106.1665 81.5816 126.3132 55.7842 202.9968 42.1565 76.6014 158.1907 33.1477
116.7810 89.8753 21.0884 113.9936 0.0000 185.4344 179.7435 216.7077 132.9268 117.9036 90.7904 89.9794 109.6783 141.9259 190.5557 109.6878 75.3331 91.1942 202.3530
190.5834 135.3146 77.0643 272.3080 185.4344 0.0000 86.7930 195.6477 79.7418 111.7908 156.3273 228.7215 66.4742 21.3022 37.0965 128.1466 78.9723 109.6057 35.3050
103.0668 158.1486 154.1962 27.9684 179.7435 86.7930 0.0000 85.2485 15.8150 20.1543 77.4438 74.2032 53.3759 92.7470 95.8029 39.4868 186.1687 134.5456 53.9628
185.7876 225.0371 93.8690 54.6443 216.7077 195.6477 85.2485 0.0000 171.4160 111.9936 102.2308 83.3191 48.3054 33.8859 98.7284 102.4388 158.5554 64.7292 147.2012
181.7554 90.8531 2.0930 107.6772 132.9268 79.7418 15.8150 171.4160 0.0000 71.0737 174.3648 151.9716 41.9126 127.5826 110.7366 148.4199 138.2929 84.4648 72.3679
167.5690 16.2168 109.6152 28.0063 117.9036 111.7908 20.1543 111.9936 71.0737 0.0000 104.0965 37.7673 102.0334 59.8255 81.7475 53.0029 103.8393 103.8888 173.6472
50.4801 60.2172 143.5712 106.1665 90.7904 156.3273 77.4438 102.2308 174.3648 104.0965 0.0000 90.9324 135.5740 78.3188 197.8819 44.8777 11.9245 112.6277 46.7137
75.6680 72.7712 107.6053 81.5816 89.9794 228.7215 74.2032 83.3191 151.9716 37.7673 90.9324 0.0000 15.7610 111.5388 99.8726 142.0137 50.1260 51.8845 81.7228
59.5827 134.1041 149.6377 126.3132 109.6783 66.4742 53.3759 48.3054 41.9126 102.0334 135.5740 15.7610 0.0000 185.2213 108.9273 7.4055 58.1873 90.2790 77.2171
121.3588 115.1225 126.0806 55.7842 141.9259 21.3022 92.7470 33.8859 127.5826 59.8255 78.3188 111.5388 185.2213 0.0000 51.1750 20.9473 107.5117 142.7811 111.9323
58.2119 74.2209 69.9589 202.9968 190.5557 37.0965 95.8029 98.7284 110.7366 81.7475 197.8819 99.8726 108.9273 51.1750 0.0000 89.8640 73.4681 232.7523 156.8546
212.1110 111.2192 39.6330 42.1565 109.6878 128.1466 39.4868 102.4388 148.4199 53.0029 44.8777 142.0137 7.4055 20.9473 89.8640 0.0000 134.1661 182.0314 44.0185
60.7221 171.6545 107.4969 76.6014 75.3331 78.9723 186.1687 158.5554 138.2929 103.8393 11.9245 50.1260 58.1873 107.5117 73.4681 134.1661 0.0000 204.9356 106.8479
123.0627 91.3549 82.9975 158.1907 91.1942 109.6057 134.5456 64.7292 84.4648 103.8888 112.6277 51.8845 90.2790 142.7811 232.7523 182.0314 204.9356 0.0000 69.3932
46.3361 70.7019 248.1616 33.1477 202.3530 35.3050 53.9628 147.2012 72.3679 173.6472 46.7137 81.7228 77.2171 111.9323 156.8546 44.0185 106.8479 69.3932 0.0000
