19
0.0000 122.1511 88.6979 126.7915 110.3554 147.9468 58.2980 115.0198 127.6394 95.5530 121.3277 75.2439 129.6719 97.6726 14.6967 83.8960 86.1032 13.5785 72.3483
122.1511 0.0000 138.2247 110.9152 50.3551 189.5104 106.1156 128.2606 102.2299 50.4657 40.0030 88.0835 131.2603 93.0844 114.1318 88.9004 152.9975 99.6682 152.0023
88.6979 138.2247 0.0000 125.9940 174.6625 95.4079 71.9203 131.5410 68.2350 17.4822 91.4317 176.3315 102.1277 46.4048 112.9123 77.6165 112.6319 103.9388 117.3526
126.7915 110.9152 125.9940 0.0000 170.9747 101.5036 79.1844 118.5309 21.0720 210.1440 17.3838 31.1968 151.9821 211.8765 58.2824 98.3572 106.5865 72.9396 130.5961
110.3554 50.3551 174.6625 170.9747 0.0000 31.7818 66.7952 115.0774 77.7597 87.9867 95.8752 55.6042 33.4327 110.0700 110.7382 190.1599 85.1416 110.4215 143.4297
147.9468 189.5104 95.4079 101.5036 31.7818 0.0000 75.2151 34.3847 184.4204 36.3125 185.0825 131.3119 59.5912 145.2006 144.2784 52.3596 105.5093 74.7231 147.5111
58.2980 106.1156 71.9203 79.1844 66.7952 75.2151 0.0000 161.6973 48.6403 87.7142 88.4746 102.8961 152.4689 129.6678 86.5908 155.4174 102.1817 208.7282 71.8621
115.0198 128.2606 131.5410 118.5309 115.0774 34.3847 161.6973 0.0000 214.3536 70.0458 76.9451 68.1904 158.9755 136.8224 129.4404 84.6264 94.5175 205.7384 88.0573
127.6394 102.2299 68.2350 21.0720 77.7597 184.4204 48.6403 214.3536 0.0000 84.3642 57.9995 46.2759 134.6921 40.7397 47.9613 7.3150 85.7270 29.0205 48.7673
95.5530 50.4657 17.4822 210.1440 87.9867 36.3125 87.7142 70.0458 84.3642 0.0000 50.2822 153.6422 96.9785 59.3171 117.1114 60.8813 56.0790 169.3267 77.3096
121.3277 40.0030 91.4317 17.3838 95.8752 185.0825 88.4746 76.9451 57.9995 50.2822 0.0000 31.0718 207.3109 61.0266 235.7292 120.1072 140.1482 141.6301 100.7990
75.2439 88.0835 176.3315 31.1968 55.6042 131.3119 102.8961 68.1904 46.2759 153.6422 31.0718 0.0000 69.0167 54.3273 22.0166 137.0367 76.4587 154.8376 146.5527
129.6719 131.2603 102.1277 151.9821 33.4327 59.5912 152.4689 158.9755 134.6921 96.9785 207.3109 69.0167 0.0000 14.3583 69.3659 161.9035 154.7143 141.0649 109.5137
97.6726 93.0844 46.4048 211.8765 110.0700 145.2006 129.6678 136.8224 40.7397 59.3171 61.0266 54.3273 14.3583 0.0000 60.3116 215.5982 92.7388 134.9911 9.9796
14.6967 114.1318 112.9123 58.2824 110.7382 144.2784 86.5908 129.4404 47.9613 117.1114 235.7292 22.0166 69.3659 60.3116 0.0000 161.7556 103.3587 95.9968 166.1875
83.8960 88.9004 77.6165 98.3572 190.1599 52.3596 155.4174 84.6264 7.3150 60.8813 120.1072 137.0367 161.9035 215.5982 161.7556 0.0000 25.1884 208.1946 87.4953
86.1032 152.9975 112.6319 106.5865 85.1416 105.5093 102.1817 94.5175 85.7270 56.0790 140.1482 76.4587 154.7143 92.7388 103.3587 25.1884 0.0000 67.3046 112.1395
13.5785 99.6682 103.9388 72.9396 110.4215 74.7231 208.7282 205.7384 29.0205 169.3267 141.6301 154.8376 141.0649 134.9911 95.9968 208.1946 67.3046 0.0000 154.7164
72.3483 152.0023 117.3526 130.5961 143.4297 147.5111 71.8621 88.0573 48.7673 77.3096 100.7990 146.5527 109.5137 9.9796 166.1875 87.4953 112.1395 154.7164 0.0000
