19
0.0000 97.3833 45.6259 143.4138 98.5919 161.8252 10.8774 196.6970 83.4803 134.5834 150.8558 152.0085 143.4857 171.1634 128.7607 112.6202 133.0101 127.6469 192.5104
97.3833 0.0000 96.7999 75.1560 15.7966 141.8816 83.0272 124.5836 84.4797 177.4656 193.1202 133.3023 12.1060 119.7105 58.5074 177.4053 113.0487 47.6398 79.8909
45.6259 96.7999 0.0000 72.5368 120.5850 79.3546 58.9158 121.4820 128.0936 139.0430 109.5004 77.5876 79.8956 209.4164 31.8141 166.2738 81.4049 141.1537 71.7554
143.4138 75.1560 72.5368 0.0000 207.0247 129.0631 118.0310 107.0048 31.5917 188.5360 160.4056 51.7307 154.5245 68.1837 21.8243 127.7718 110.1132 89.8518 112.2531
98.5919 15.7966 120.5850 207.0247 0.0000 187.8687 81.8854 11.2420 27.1443 23.0903 136.1306 131.5327 151.0275 65.8788 207.9605 39.1882 56.1688 51.0831 149.1959
161.8252 141.8816 79.3546 129.0631 187.8687 0.0000 32.4672 105.5168 114.1675 64.2367 173.6035 66.4601 27.4602 43.7249 193.4083 84.8982 82.2512 107.7574 87.4679
10.8774 83.0272 58.9158 118.0310 81.8854 32.4672 0.0000 119.8995 146.5489 86.2264 154.0383 130.3034 118.5409 123.8113 31.4538 124.7922 125.7148 121.7537 84.9544
196.6970 124.5836 121.4820 107.0048 11.2420 105.5168 119.8995 0.0000 150.7496 24.2444 68.8619 191.2555 118.1086 98.1508 139.6446 145.9833 84.5040 118.9676 55.1963
83.4803 84.4797 128.0936 31.5917 27.1443 114.1675 146.5489 150.7496 0.0000 179.8709 60.0453 21.3468 163.2862 107.5336 34.7360 66.9135 115.9329 52.1026 70.2260
134.5834 177.4656 139.0430 188.5360 23.0903 64.2367 86.2264 24.2444 179.8709 0.0000 39.5982 88.3122 145.1959 146.7307 41.2189 105.7836 81.3270 33.3396 6.6787
150.8558 193.1202 109.5004 160.4056 136.1306 173.6035 154.0383 68.8619 60.0453 39.5982 0.0000 223.6443 171.9006 153.0396 79.3778 68.4454 127.1625 61.2169 190.6317
152.0085 133.3023 77.5876 51.7307 131.5327 66.4601 130.3034 191.2555 21.3468 88.3122 223.6443 0.0000 142.0525 123.4841 149.9916 111.3875 207.8235 111.3606 59.1464
143.4857 12.1060 79.8956 154.5245 151.0275 27.4602 118.5409 118.1086 163.2862 145.1959 171.9006 142.0525 0.0000 94.2504 155.2754 159.3855 62.7001 147.9885 19.6144
171.1634 119.7105 209.4164 68.1837 65.8788 43.7249 123.8113 98.1508 107.5336 146.7307 153.0396 123.4841 94.2504 0.0000 70.4365 110.0139 86.8815 150.9977 95.2251
128.7607 58.5074 31.8141 21.8243 207.9605 193.4083 31.4538 139.6446 34.7360 41.2189 79.3778 149.9916 155.2754 70.4365 0.0000 69.8095 94.2157 71.4931 62.0466
112.6202 177.4053 166.2738 127.7718 39.1882 84.8982 124.7922 145.9833 66.9135 105.7836 68.4454 111.3875 159.3855 110.0139 69.8095 0.0000 106.4738 125.5829 232.3198
133.0101 113.0487 81.4049 110.1132 56.1688 82.2512 125.7148 84.5040 115.9329 81.3270 127.1625 207.8235 62.7001 86.8815 94.2157 106.4738 0.0000 155.8212 38.9570
127.6469 47.6398 141.1537 89.8518 51.0831 107.7574 121.7537 118.9676 52.1026 33.3396 61.2169 111.3606 147.9885 150.9977 71.4931 125.5829 155.8212 0.0000 19.4414
192.5104 79.8909 71.7554 112.2531 149.1959 87.4679 84.9544 55.1963 70.2260 6.6787 190.6317 59.1464 19.6144 95.2251 62.0466 232.3198 38.9570 19.4414 0.0000
