22
0.0000 52.2911 28.3718 74.9957 117.7667 129.1157 39.2505 71.2201 229.7635 52.0019 120.8126 12.1751 48.8308 132.1777 134.6363 123.5645 79.1375 130.9521 142.4938 155.1930 129.7858 107.9158
52.2911 0.0000 88.2540 78.5078 186.6462 16.7992 209.6079 152.5915 193.1407 167.3666 69.0629 110.0952 91.0644 58.5553 95.7396 112.1433 164.4345 95.9823 84.9115 247.8361 109.1542 125.5912
28.3718 88.2540 0.0000 20.0372 4.5818 44.4405 77.4660 77.0821 87.2827 126.3753 51.1677 54.7014 145.0007 118.8934 20.1236 120.1256 72.3704 29.5962 30.9986 66.0977 64.2155 47.0179
74.9957 78.5078 20.0372 0.0000 60.6709 40.3113 79.4225 76.9825 138.4925 16.0326 97.2387 224.8612 52.4926 24.7084 101.7901 171.7015 112.4955 148.9927 55.8215 61.3060 155.5310 201.4248
117.7667 186.6462 4.5818 60.6709 0.0000 116.1548 124.6259 0.8397 33.4534 154.1029 113.7472 47.1171 75.5347 35.5857 150.6426 111.7064 11.3258 80.0492 32.9670 195.9480 115.3514 89.4125
129.1157 16.7992 44.4405 40.3113 116.1548 0.0000 42.1057 139.9895 146.6756 115.6162 201.9744 61.6182 171.4611 134.0248 103.1731 199.6347 175.5934 136.5297 144.1231 185.7655 44.7383 97.2503
39.2505 209.6079 77.4660 79.4225 124.6259 42.1057 0.0000 181.4407 143.9125 95.0998 80.0282 151.9035 123.9056 114.9281 91.6366 158.4984 183.9155 57.7598 91.6961 53.7056 86.3824 69.4998
71.2201 152.5915 77.0821 76.9825 0.8397 139.9895 181.4407 0.0000 95.8823 97.9835 93.2614 101.6821 62.3190 146.6817 67.9592 166.7456 2.2421 164.1188 154.8087 85.8782 211.6244 44.8656
229.7635 193.1407 87.2827 138.4925 33.4534 146.6756 143.9125 95.8823 0.0000 125.4148 130.7881 42.5493 123.0026 116.1906 81.0606 133.9957 147.1009 134.9787 58.8483 75.0558 41.5369 99.9830
52.0019 167.3666 126.3753 16.0326 154.1029 115.6162 95.0998 97.9835 125.4148 0.0000 52.7030 48.4639 35.1488 221.7714 136.8681 215.3918 91.1813 184.8703 168.8484 127.7878 91.0700 103.0989
120.8126 69.0629 51.1677 97.2387 113.7472 201.9744 80.0282 93.2614 130.7881 52.7030 0.0000 78.1328 15.1278 208.4965 26.4146 81.1001 151.1930 112.1261 53.7536 76.0159 119.8186 203.4662
12.1751 110.0952 54.7014 224.8612 47.1171 61.6182 151.9035 101.6821 42.5493 48.4639 78.1328 0.0000 70.0737 71.6661 101.1044 141.0091 139.5273 131.3340 147.2417 167.4463 65.4683 143.4400
48.8308 91.0644 145.0007 52.4926 75.5347 171.4611 123.9056 62.3190 123.0026 35.1488 15.1278 70.0737 0.0000 55.3811 63.0046 22.5897 81.4478 195.7378 140.5974 55.0660 40.0261 151.0554
132.1777 58.5553 118.8934 24.7084 35.5857 134.0248 114.9281 146.6817 116.1906 221.7714 208.4965 71.6661 55.3811 0.0000 48.9038 89.4722 92.2106 32.6872 183.5957 155.3367 111.7181 141.9313
134.6363 95.7396 20.1236 101.7901 150.6426 103.1731 91.6366 67.9592 81.0606 136.8681 26.4146 101.1044 63.0046 48.9038 0.0000 34.3246 77.7698 66.2291 146.4520 116.8849 91.7527 116.7289
123.5645 112.1433 120.1256 171.7015 111.7064 199.6347 158.4984 166.7456 133.9957 215.3918 81.1001 141.0091 22.5897 89.4722 34.3246 0.0000 112.0706 149.5727 79.7857 39.3487 98.3842 126.0559
79.1375 164.4345 72.3704 112.4955 11.3258 175.5934 183.9155 2.2421 147.1009 91.1813 151.1930 139.5273 81.4478 92.2106 77.7698 112.0706 0.0000 91.4944 23.2607 210.8849 130.5284 184.3223
130.9521 95.9823 29.5962 148.9927 80.0492 136.5297 57.7598 164.1188 134.9787 184.8703 112.1261 131.3340 195.7378 32.6872 66.2291 149.5727 91.4944 0.0000 111.8928 40.2222 67.8103 124.3123
142.4938 84.9115 30.9986 55.8215 32.9670 144.1231 91.6961 154.8087 58.8483 168.8484 53.7536 147.2417 140.5974 183.5957 146.4520 79.7857 23.2607 111.8928 0.0000 118.6252 21.8769 183.3910
155.1930 247.8361 66.0977 61.3060 195.9480 185.7655 53.7056 85.8782 75.0558 127.7878 76.0159 167.4463 55.0660 155.3367 116.8849 39.3487 210.8849 40.2222 118.6252 0.0000 146.7691 166.4237
129.7858 109.1542 64.2155 155.5310 115.3514 44.7383 86.3824 211.6244 41.5369 91.0700 119.8186 65.4683 40.0261 111.7181 91.7527 98.3842 130.5284 67.8103 21.8769 146.7691 0.0000 165.1301
107.9158 125.5912 47.0179 201.4248 89.4125 97.2503 69.4998 44.8656 99.9830 103.0989 203.4662 143.4400 151.0554 141.9313 116.7289 126.0559 184.3223 124.3123 183.3910 166.4237 165.1301 0.0000
