22
0.0000 131.5009 111.7269 139.7589 47.8291 186.8920 99.8178 99.3738 64.3853 116.7352 81.4436 139.6924 76.3711 158.0346 120.7575 88.9965 25.7169 75.1498 29.2104 43.2840 91.1028 123.7296
131.5009 0.0000 133.3517 116.0458 49.5192 26.6685 147.4503 118.4742 128.7654 89.3010 126.9188 65.0877 137.7661 215.4420 93.4802 131.8282 59.3225 14.9667 69.9651 75.9316 143.9289 21.5945
111.7269 133.3517 0.0000 162.3466 66.2070 143.2780 179.7413 233.6080 171.2483 177.8411 85.1336 72.6428 104.9740 16.1985 41.6256 45.0390 171.7551 101.8376 114.0971 185.8036 217.8353 231.6768
139.7589 116.0458 162.3466 0.0000 23.0616 37.9571 90.5814 191.9018 25.8241 68.9888 149.7487 7.1282 87.8506 54.5068 248.4862 87.9162 98.4764 112.8487 134.8276 93.6353 158.9112 195.4269
47.8291 49.5192 66.2070 23.0616 0.0000 115.1442 75.2858 145.7148 271.6248 136.8865 103.0908 118.4433 87.5771 224.3572 55.2610 42.1869 138.4364 119.2828 241.8356 114.6847 64.5203 63.7106
186.8920 26.6685 143.2780 37.9571 115.1442 0.0000 82.3931 108.2519 146.7918 208.7651 12.7740 176.3598 160.8910 111.1614 169.5370 164.1187 140.0165 108.3200 43.6312 54.4334 120.1784 145.5002
99.8178 147.4503 179.7413 90.5814 75.2858 82.3931 0.0000 123.9724 163.7689 59.8402 44.2299 10.8813 207.5036 81.2021 87.1239 111.7484 45.2873 14.5448 118.4155 153.1675 110.4964 21.9103
99.3738 118.4742 233.6080 191.9018 145.7148 108.2519 123.9724 0.0000 32.1902 116.5206 109.8452 111.0674 78.4328 49.7194 124.8224 99.9170 230.5326 69.1149 152.1843 91.6533 116.8299 169.1853
64.3853 128.7654 171.2483 25.8241 271.6248 146.7918 163.7689 32.1902 0.0000 136.0743 190.6934 119.8910 100.7202 171.5413 113.7731 106.3702 88.8296 206.3252 33.8666 102.3821 73.3284 179.9159
116.7352 89.3010 177.8411 68.9888 136.8865 208.7651 59.8402 116.5206 136.0743 0.0000 106.2681 20.7872 165.2189 104.6450 140.4016 129.3650 6.4448 172.9893 71.1403 154.4326 36.7461 202.0766
81.4436 126.9188 85.1336 149.7487 103.0908 12.7740 44.2299 109.8452 190.6934 106.2681 0.0000 168.4939 59.7304 156.7613 18.4603 148.9273 227.0993 130.0788 155.5637 96.0500 36.2820 117.4415
139.6924 65.0877 72.6428 7.1282 118.4433 176.3598 10.8813 111.0674 119.8910 20.7872 168.4939 0.0000 2.4491 102.2472 216.9623 166.2747 155.7424 134.9341 82.9837 107.9761 86.5631 171.7598
76.3711 137.7661 104.9740 87.8506 87.5771 160.8910 207.5036 78.4328 100.7202 165.2189 59.7304 2.4491 0.0000 58.2068 34.7593 71.7037 106.3178 93.6780 120.7304 111.5264 188.3088 124.5239
158.0346 215.4420 16.1985 54.5068 224.3572 111.1614 81.2021 49.7194 171.5413 104.6450 156.7613 102.2472 58.2068 0.0000 94.0549 105.9212 35.4894 157.1196 159.1394 138.9863 29.5060 137.1055
120.7575 93.4802 41.6256 248.4862 55.2610 169.5370 87.1239 124.8224 113.7731 140.4016 18.4603 216.9623 34.7593 94.0549 0.0000 14.3161 95.2707 12.4968 83.9757 106.1434 88.2402 161.5973
88.9965 131.8282 45.0390 87.9162 42.1869 164.1187 111.7484 99.9170 106.3702 129.3650 148.9273 166.2747 71.7037 105.9212 14.3161 0.0000 21.5258 35.7959 62.1283 123.8367 96.8698 61.4173
25.7169 59.3225 171.7551 98.4764 138.4364 140.0165 45.2873 230.5326 88.8296 6.4448 227.0993 155.7424 106.3178 35.4894 95.2707 21.5258 0.0000 102.5099 253.8096 85.1732 122.3263 91.8131
75.1498 14.9667 101.8376 112.8487 119.2828 108.3200 14.5448 69.1149 206.3252 172.9893 130.0788 134.9341 93.6780 157.1196 12.4968 35.7959 102.5099 0.0000 75.0616 129.2164 74.1328 140.1671
29.2104 69.9651 114.0971 134.8276 241.8356 43.6312 118.4155 152.1843 33.8666 71.1403 155.5637 82.9837 120.7304 159.1394 83.9757 62.1283 253.8096 75.0616 0.0000 92.6565 171.6197 48.2728
43.2840 75.9316 185.8036 93.6353 114.6847 54.4334 153.1675 91.6533 102.3821 154.4326 96.0500 107.9761 111.5264 138.9863 106.1434 123.8367 85.1732 129.2164 92.6565 0.0000 128.4319 48.2034
91.1028 143.9289 217.8353 158.9112 64.5203 120.1784 110.4964 116.8299 73.3284 36.7461 36.2820 86.5631 188.3088 29.5060 88.2402 96.8698 122.3263 74.1328 171.6197 128.4319 0.0000 200.3408
123.7296 21.5945 231.6768 195.4269 63.7106 145.5002 21.9103 169.1853 179.9159 202.0766 117.4415 171.7598 124.5239 137.1055 161.5973 61.4173 91.8131 140.1671 48.2728 48.2034 200.3408 0.0000
