22
0.0000 12.8761 183.1337 137.1443 104.2753 139.8507 112.7417 199.6410 98.6928 185.3328 34.6769 123.4983 87.4349 58.2852 83.9114 55.4842 93.3750 64.9254 103.5985 108.7745 138.4437 287.5774
12.8761 0.0000 57.6986 164.6050 129.9419 117.0915 178.2287 276.9363 92.6292 112.3756 171.6670 50.1248 70.3768 74.7594 141.4123 78.0040 95.4470 137.0793 175.1094 87.8655 146.4445 81.2100
183.1337 57.6986 0.0000 145.9443 71.4582 65.0158 191.3878 121.1286 75.2506 113.7896 122.0506 44.7983 35.5085 63.9761 212.1731 36.7609 65.4658 106.4126 113.3442 141.9452 192.7320 157.8528
137.1443 164.6050 145.9443 0.0000 158.9441 52.5839 107.6033 213.5624 126.0048 105.0216 106.0118 134.0471 17.4153 15.1102 92.7224 6.5761 179.2775 35.3304 188.9270 192.9057 118.6442 118.5809
104.2753 129.9419 71.4582 158.9441 0.0000 39.0696 97.4572 114.9030 90.9933 128.4052 73.5364 55.7282 71.4279 73.4183 126.6088 90.1576 69.3053 127.1268 139.4378 100.0501 37.6350 136.1385
139.8507 117.0915 65.0158 52.5839 39.0696 0.0000 46.0008 81.8394 45.0626 140.9910 46.9014 33.9906 10.4764 131.4259 251.5522 100.2748 85.7892 188.5587 103.8947 72.3625 124.3832 111.4401
112.7417 178.2287 191.3878 107.6033 97.4572 46.0008 0.0000 150.1043 75.9690 149.4218 74.0739 166.5189 185.0230 60.0285 154.0997 132.9065 83.2805 107.3426 215.4178 142.9066 131.1502 198.9299
199.6410 276.9363 121.1286 213.5624 114.9030 81.8394 150.1043 0.0000 179.1118 3.5845 136.4060 136.4925 102.4844 8.4810 30.9646 80.3391 205.4510 1.9919 7.0187 4.0493 87.3321 120.7691
98.6928 92.6292 75.2506 126.0048 90.9933 45.0626 75.9690 179.1118 0.0000 26.7881 70.1411 194.7889 94.5419 146.8490 120.4459 101.3515 182.7926 36.2186 99.0754 12.0153 29.0297 166.5171
185.3328 112.3756 113.7896 105.0216 128.4052 140.9910 149.4218 3.5845 26.7881 0.0000 124.2989 111.2334 93.1417 170.5342 136.4219 64.3249 82.2607 40.5972 109.3126 162.7553 116.8548 10.1396
34.6769 171.6670 122.0506 106.0118 73.5364 46.9014 74.0739 136.4060 70.1411 124.2989 0.0000 64.5093 74.1969 51.0810 98.6690 90.1634 154.2758 126.5379 74.2437 177.0792 111.4343 37.6864
123.4983 50.1248 44.7983 134.0471 55.7282 33.9906 166.5189 136.4925 194.7889 111.2334 64.5093 0.0000 56.8827 143.2342 131.6440 12.5288 221.0587 103.3800 9.4445 60.3981 114.8708 111.1044
87.4349 70.3768 35.5085 17.4153 71.4279 10.4764 185.0230 102.4844 94.5419 93.1417 74.1969 56.8827 0.0000 112.6739 132.0145 53.9567 159.9237 54.6097 141.9205 61.3004 138.7930 91.7751
58.2852 74.7594 63.9761 15.1102 73.4183 131.4259 60.0285 8.4810 146.8490 170.5342 51.0810 143.2342 112.6739 0.0000 50.1100 82.8172 102.6367 135.8380 179.6029 83.4463 29.3678 171.0367
83.9114 141.4123 212.1731 92.7224 126.6088 251.5522 154.0997 30.9646 120.4459 136.4219 98.6690 131.6440 132.0145 50.1100 0.0000 187.3963 175.7185 126.5157 110.2100 239.6178 151.6968 100.9086
55.4842 78.0040 36.7609 6.5761 90.1576 100.2748 132.9065 80.3391 101.3515 64.3249 90.1634 12.5288 53.9567 82.8172 187.3963 0.0000 68.6689 100.3367 91.7859 191.4072 170.1917 194.6041
93.3750 95.4470 65.4658 179.2775 69.3053 85.7892 83.2805 205.4510 182.7926 82.2607 154.2758 221.0587 159.9237 102.6367 175.7185 68.6689 0.0000 43.9864 221.8567 33.1715 60.8782 114.9046
64.9254 137.0793 106.4126 35.3304 127.1268 188.5587 107.3426 1.9919 36.2186 40.5972 126.5379 103.3800 54.6097 135.8380 126.5157 100.3367 43.9864 0.0000 148.6253 69.9968 139.1223 105.2007
103.5985 175.1094 113.3442 188.9270 139.4378 103.8947 215.4178 7.0187 99.0754 109.3126 74.2437 9.4445 141.9205 179.6029 110.2100 91.7859 221.8567 148.6253 0.0000 48.9673 38.4540 76.5833
108.7745 87.8655 141.9452 192.9057 100.0501 72.3625 142.9066 4.0493 12.0153 162.7553 177.0792 60.3981 61.3004 83.4463 239.6178 191.4072 33.1715 69.9968 48.9673 0.0000 15.8920 84.3879
138.4437 146.4445 192.7320 118.6442 37.6350 124.3832 131.1502 87.3321 29.0297 116.8548 111.4343 114.8708 138.7930 29.3678 151.6968 170.1917 60.8782 139.1223 38.4540 15.8920 0.0000 125.9351
287.5774 81.2100 157.8528 118.5809 136.1385 111.4401 198.9299 120.7691 166.5171 10.1396 37.6864 111.1044 91.7751 171.0367 100.9086 194.6041 114.9046 105.2007 76.5833 84.3879 125.9351 0.0000
