22
0.0000 82.6176 78.6773 116.8931 25.2530 70.1663 92.5374 98.3303 70.2834 98.7919 215.7786 215.1606 35.7078 165.2659 143.4519 128.5966 84.4209 121.5436 64.7895 73.8535 46.0849 137.8166
82.6176 0.0000 160.8058 65.6333 146.0861 62.6619 68.2886 22.9045 14.6810 128.8941 37.4813 148.8275 196.5427 148.1141 132.4887 42.1570 152.4977 70.7040 12.3827 78.5586 186.8314 56.8339
78.6773 160.8058 0.0000 76.0704 145.5420 85.3693 157.2662 212.0582 115.5634 151.9656 38.9426 95.8050 91.3783 121.5337 108.4971 118.2124 70.8267 28.9716 95.1820 64.5869 132.7826 185.7749
116.8931 65.6333 76.0704 0.0000 164.8957 65.1643 186.5964 134.9568 149.9631 17.4302 42.4999 52.1373 51.2973 205.2539 93.7217 206.7264 69.6926 37.0789 35.1529 83.0456 258.9468 175.0277
25.2530 146.0861 145.5420 164.8957 0.0000 93.0599 143.0336 128.6331 142.5659 103.9296 51.5758 160.8733 28.0520 139.8580 208.0717 102.0403 73.3615 160.8568 77.9338 10.1038 46.5633 181.0666
70.1663 62.6619 85.3693 65.1643 93.0599 0.0000 45.1098 206.2380 41.2993 84.6548 32.5148 154.9593 80.7862 170.3980 93.5784 76.4760 71.3013 115.8025 143.1806 189.1059 89.6335 149.4612
92.5374 68.2886 157.2662 186.5964 143.0336 45.1098 0.0000 165.1662 144.7523 152.7496 136.9796 184.5216 142.3006 105.9574 5.4448 133.4419 111.2471 117.8884 95.9097 26.0355 78.3626 62.5934
98.3303 22.9045 212.0582 134.9568 128.6331 206.2380 165.1662 0.0000 147.7658 75.6297 75.8680 155.4619 4.6181 52.8772 121.4638 93.1964 149.1568 99.3690 25.4774 151.5866 106.6036 7.0512
70.2834 14.6810 115.5634 149.9631 142.5659 41.2993 144.7523 147.7658 0.0000 142.9233 41.5272 167.4149 15.7175 108.2403 171.8351 85.4560 140.9535 71.1860 121.8966 135.0433 115.0748 87.2503
98.7919 128.8941 151.9656 17.4302 103.9296 84.6548 152.7496 75.6297 142.9233 0.0000 92.3478 194.7527 136.5193 68.6313 126.0295 102.8174 98.5029 112.7532 221.0911 88.2265 34.0166 134.3150
215.7786 37.4813 38.9426 42.4999 51.5758 32.5148 136.9796 75.8680 41.5272 92.3478 0.0000 60.7185 34.4567 106.4241 95.7506 96.3037 107.0422 53.2424 138.2676 72.1638 119.4516 83.1185
215.1606 148.8275 95.8050 52.1373 160.8733 154.9593 184.5216 155.4619 167.4149 194.7527 60.7185 0.0000 89.4210 54.1041 94.0542 145.6911 103.7826 95.6030 34.7709 72.7844 185.8439 85.7538
35.7078 196.5427 91.3783 51.2973 28.0520 80.7862 142.3006 4.6181 15.7175 136.5193 34.4567 89.4210 0.0000 72.4617 130.9644 110.6531 114.8836 88.7045 85.6963 147.3467 51.6903 80.9880
165.2659 148.1141 121.5337 205.2539 139.8580 170.3980 105.9574 52.8772 108.2403 68.6313 106.4241 54.1041 72.4617 0.0000 166.4283 22.4474 71.0288 60.7059 53.2455 72.4204 136.1410 218.0345
143.4519 132.4887 108.4971 93.7217 208.0717 93.5784 5.4448 121.4638 171.8351 126.0295 95.7506 94.0542 130.9644 166.4283 0.0000 128.8974 74.5115 151.5484 110.2779 109.3630 109.3887 125.3622
128.5966 42.1570 118.2124 206.7264 102.0403 76.4760 133.4419 93.1964 85.4560 102.8174 96.3037 145.6911 110.6531 22.4474 128.8974 0.0000 162.9785 221.7815 217.1708 130.5609 74.9298 131.5590
84.4209 152.4977 70.8267 69.6926 73.3615 71.3013 111.2471 149.1568 140.9535 98.5029 107.0422 103.7826 114.8836 71.0288 74.5115 162.9785 0.0000 99.3321 106.5413 38.5748 140.0302 104.6710
121.5436 70.7040 28.9716 37.0789 160.8568 115.8025 117.8884 99.3690 71.1860 112.7532 53.2424 95.6030 88.7045 60.7059 151.5484 221.7815 99.3321 0.0000 97.8021 11.9276 154.6005 126.6552
64.7895 12.3827 95.1820 35.1529 77.9338 143.1806 95.9097 25.4774 121.8966 221.0911 138.2676 34.7709 85.6963 53.2455 110.2779 217.1708 106.5413 97.8021 0.0000 130.9751 138.1217 61.7965
73.8535 78.5586 64.5869 83.0456 10.1038 189.1059 26.0355 151.5866 135.0433 88.2265 72.1638 72.7844 147.3467 72.4204 109.3630 130.5609 38.5748 11.9276 130.9751 0.0000 112.1070 92.4642
46.0849 186.8314 132.7826 258.9468 46.5633 89.6335 78.3626 106.6036 115.0748 34.0166 119.4516 185.8439 51.6903 136.1410 109.3887 74.9298 140.0302 154.6005 138.1217 112.1070 0.0000 206.8507
137.8166 56.8339 185.7749 175.0277 181.0666 149.4612 62.5934 7.0512 87.2503 134.3150 83.1185 85.7538 80.9880 218.0345 125.3622 131.5590 104.6710 126.6552 61.7965 92.4642 206.8507 0.0000
