22
0.0000 146.3957 217.1692 99.0081 139.8904 76.1056 43.3113 24.4291 118.4131 122.6135 134.9561 39.5841 99.6008 21.8387 45.7989 90.1850 138.3277 164.8892 149.3922 163.6966 230.8386 40.4423
146.3957 0.0000 135.4952 113.0646 126.3778 62.8611 51.7025 48.9462 108.6515 81.7298 70.3273 108.8811 7.2104 104.9898 119.1036 167.6083 71.7126 121.8520 72.0842 47.3143 96.8353 109.8205
217.1692 135.4952 0.0000 109.9275 25.9713 137.3155 112.8293 192.9716 46.3944 134.0049 126.4045 114.3648 83.1567 148.2424 186.7577 162.4589 176.1692 150.4721 81.1924 213.8209 38.8592 112.4341
99.0081 113.0646 109.9275 0.0000 130.7112 214.1807 122.6786 100.9394 150.0097 97.5057 143.0003 154.1680 29.6472 59.8838 43.5642 4.4190 42.6832 179.0305 89.4980 123.0968 100.7746 108.2140
139.8904 126.3778 25.9713 130.7112 0.0000 87.9624 59.3234 104.3485 187.3538 62.8417 44.8561 83.0950 124.7338 140.8879 139.8451 90.1898 117.1319 213.9810 74.2344 153.9180 87.6579 129.7201
76.1056 62.8611 137.3155 214.1807 87.9624 0.0000 62.6334 166.8337 163.2498 107.4331 123.1089 100.3383 34.6939 77.9236 144.5406 154.4704 92.7222 163.1134 139.8983 106.4410 6.8149 18.1217
43.3113 51.7025 112.8293 122.6786 59.3234 62.6334 0.0000 76.9636 6.7539 92.6391 165.9811 60.3139 106.6739 39.8184 95.1994 161.3155 50.2133 36.2977 52.0144 90.8992 75.7275 64.8106
24.4291 48.9462 192.9716 100.9394 104.3485 166.8337 76.9636 0.0000 156.0151 153.7459 30.6990 121.1679 128.0274 57.2907 99.3374 109.0307 183.9564 54.9142 71.0585 131.5759 115.4979 100.1639
118.4131 108.6515 46.3944 150.0097 187.3538 163.2498 6.7539 156.0151 0.0000 138.9181 148.5388 152.9293 36.9559 89.3318 17.9344 75.4027 178.8504 162.5172 154.0070 142.2909 114.2504 85.4934
122.6135 81.7298 134.0049 97.5057 62.8417 107.4331 92.6391 153.7459 138.9181 0.0000 79.1290 158.7704 57.0329 37.1745 78.4400 110.7026 67.9092 28.7431 103.4200 182.0141 153.7629 98.9784
134.9561 70.3273 126.4045 143.0003 44.8561 123.1089 165.9811 30.6990 148.5388 79.1290 0.0000 46.6225 193.4532 81.8640 70.9722 183.4678 50.0437 91.8023 69.6889 97.5796 152.4814 87.6945
39.5841 108.8811 114.3648 154.1680 83.0950 100.3383 60.3139 121.1679 152.9293 158.7704 46.6225 0.0000 142.2783 243.1538 137.3537 222.1197 80.9124 64.9165 212.2997 89.0872 112.7090 148.9485
99.6008 7.2104 83.1567 29.6472 124.7338 34.6939 106.6739 128.0274 36.9559 57.0329 193.4532 142.2783 0.0000 117.1066 99.9581 174.8489 173.1359 211.2395 64.0053 156.5420 76.4178 131.0496
21.8387 104.9898 148.2424 59.8838 140.8879 77.9236 39.8184 57.2907 89.3318 37.1745 81.8640 243.1538 117.1066 0.0000 93.9166 75.8945 151.6122 103.8124 101.1994 141.6785 32.2576 152.5460
45.7989 119.1036 186.7577 43.5642 139.8451 144.5406 95.1994 99.3374 17.9344 78.4400 70.9722 137.3537 99.9581 93.9166 0.0000 60.9407 93.3274 156.3910 67.9844 112.9637 155.8750 30.0077
90.1850 167.6083 162.4589 4.4190 90.1898 154.4704 161.3155 109.0307 75.4027 110.7026 183.4678 222.1197 174.8489 75.8945 60.9407 0.0000 201.7085 83.9204 63.7946 29.1872 39.6088 146.3671
138.3277 71.7126 176.1692 42.6832 117.1319 92.7222 50.2133 183.9564 178.8504 67.9092 50.0437 80.9124 173.1359 151.6122 93.3274 201.7085 0.0000 57.9826 7.9355 52.8992 16.4823 26.5226
164.8892 121.8520 150.4721 179.0305 213.9810 163.1134 36.2977 54.9142 162.5172 28.7431 91.8023 64.9165 211.2395 103.8124 156.3910 83.9204 57.9826 0.0000 148.4950 121.7864 163.4785 6.9970
149.3922 72.0842 81.1924 89.4980 74.2344 139.8983 52.0144 71.0585 154.0070 103.4200 69.6889 212.2997 64.0053 101.1994 67.9844 63.7946 7.9355 148.4950 0.0000 89.1504 85.2659 120.3908
163.6966 47.3143 213.8209 123.0968 153.9180 106.4410 90.8992 131.5759 142.2909 182.0141 97.5796 89.0872 156.5420 141.6785 112.9637 29.1872 52.8992 121.7864 89.1504 0.0000 211.3170 57.1895
230.8386 96.8353 38.8592 100.7746 87.6579 6.8149 75.7275 115.4979 114.2504 153.7629 152.4814 112.7090 76.4178 32.2576 155.8750 39.6088 16.4823 163.4785 85.2659 211.3170 0.0000 96.3418
40.4423 109.8205 112.4341 108.2140 129.7201 18.1217 64.8106 100.1639 85.4934 98.9784 87.6945 148.9485 131.0496 152.5460 30.0077 146.3671 26.5226 6.9970 120.3908 57.1895 96.3418 0.0000
