22
0.0000 35.9533 19.3490 42.4994 235.5648 78.9388 45.9290 111.9507 82.9104 173.8331 150.2405 89.0612 137.6514 55.8288 209.3665 58.6078 163.3036 50.8364 58.5779 163.2812 133.2042 106.6618
35.9533 0.0000 83.4210 73.1690 83.1803 26.3316 4.2246 116.0692 6.5385 68.5919 91.2414 66.4725 164.4358 77.9862 31.9774 38.8063 116.0356 198.9399 68.4308 78.2886 42.1268 176.8272
19.3490 83.4210 0.0000 124.9722 75.7489 31.8309 132.6001 183.2864 184.1224 7.1083 50.0879 71.9507 147.8038 172.9308 64.6072 193.7009 169.0628 183.8375 58.2539 201.1594 78.8273 140.2619
42.4994 73.1690 124.9722 0.0000 121.7278 116.8947 120.6893 141.1234 128.7426 49.5520 105.1802 146.2132 113.4373 42.1268 79.3864 151.0270 184.5263 67.6985 125.5766 141.3858 91.9289 226.4580
235.5648 83.1803 75.7489 121.7278 0.0000 118.5910 104.1432 64.5121 69.0572 52.9097 67.1344 48.6401 100.2295 68.1082 128.8202 23.4870 76.1553 47.7044 235.7561 66.9362 147.3332 33.9475
78.9388 26.3316 31.8309 116.8947 118.5910 0.0000 117.3086 121.0847 26.8208 128.4229 110.7671 75.4007 32.1042 157.5668 47.8106 96.3601 102.3374 78.6191 152.6171 92.8333 46.5837 73.4946
45.9290 4.2246 132.6001 120.6893 104.1432 117.3086 0.0000 220.8247 123.7073 5.1579 142.0396 125.3921 26.2753 244.1006 94.8549 20.4639 146.1750 45.2305 80.0384 28.4212 43.3020 212.4533
111.9507 116.0692 183.2864 141.1234 64.5121 121.0847 220.8247 0.0000 35.1596 167.3639 92.9416 154.0202 141.4255 164.4644 84.0389 209.2753 245.7230 18.5018 25.0771 56.0555 111.3102 155.4259
82.9104 6.5385 184.1224 128.7426 69.0572 26.8208 123.7073 35.1596 0.0000 126.4604 46.3099 95.6235 29.9303 106.1858 64.6774 61.2642 94.6069 28.0241 168.1219 87.1600 43.1279 111.0267
173.8331 68.5919 7.1083 49.5520 52.9097 128.4229 5.1579 167.3639 126.4604 0.0000 148.4368 58.0180 178.2760 0.6652 162.6883 118.1319 90.4110 200.9851 137.8401 118.0630 32.9775 158.1952
150.2405 91.2414 50.0879 105.1802 67.1344 110.7671 142.0396 92.9416 46.3099 148.4368 0.0000 118.3035 106.1245 145.7270 32.1309 132.2419 99.1439 164.1755 34.4431 168.9446 161.5636 12.7122
89.0612 66.4725 71.9507 146.2132 48.6401 75.4007 125.3921 154.0202 95.6235 58.0180 118.3035 0.0000 124.1760 21.9009 73.4816 68.3077 49.8174 76.6653 136.8579 8.8673 129.2697 211.7445
137.6514 164.4358 147.8038 113.4373 100.2295 32.1042 26.2753 141.4255 29.9303 178.2760 106.1245 124.1760 0.0000 121.1640 83.0558 79.0504 124.2163 169.4980 78.0062 21.2794 60.3913 82.1965
55.8288 77.9862 172.9308 42.1268 68.1082 157.5668 244.1006 164.4644 106.1858 0.6652 145.7270 21.9009 121.1640 0.0000 13.6352 130.3378 84.4385 195.0548 112.0248 108.7117 7.3365 62.5079
209.3665 31.9774 64.6072 79.3864 128.8202 47.8106 94.8549 84.0389 64.6774 162.6883 32.1309 73.4816 83.0558 13.6352 0.0000 47.2469 101.9991 38.2395 143.1677 223.1475 84.1258 162.9319
58.6078 38.8063 193.7009 151.0270 23.4870 96.3601 20.4639 209.2753 61.2642 118.1319 132.2419 68.3077 79.0504 130.3378 47.2469 0.0000 1.6687 63.7180 23.6838 138.2481 44.6046 9.0618
163.3036 116.0356 169.0628 184.5263 76.1553 102.3374 146.1750 245.7230 94.6069 90.4110 99.1439 49.8174 124.2163 84.4385 101.9991 1.6687 0.0000 180.5399 80.1689 57.8943 132.3847 163.1145
50.8364 198.9399 183.8375 67.6985 47.7044 78.6191 45.2305 18.5018 28.0241 200.9851 164.1755 76.6653 169.4980 195.0548 38.2395 63.7180 180.5399 0.0000 137.0499 96.7025 113.7152 60.8997
58.5779 68.4308 58.2539 125.5766 235.7561 152.6171 80.0384 25.0771 168.1219 137.8401 34.4431 136.8579 78.0062 112.0248 143.1677 23.6838 80.1689 137.0499 0.0000 19.0020 52.3714 63.6631
163.2812 78.2886 201.1594 141.3858 66.9362 92.8333 28.4212 56.0555 87.1600 118.0630 168.9446 8.8673 21.2794 108.7117 223.1475 138.2481 57.8943 96.7025 19.0020 0.0000 84.4270 35.8825
133.2042 42.1268 78.8273 91.9289 147.3332 46.5837 43.3020 111.3102 43.1279 32.9775 161.5636 129.2697 60.3913 7.3365 84.1258 44.6046 132.3847 113.7152 52.3714 84.4270 0.0000 216.4961
106.6618 176.8272 140.2619 226.4580 33.9475 73.4946 212.4533 155.4259 111.0267 158.1952 12.7122 211.7445 82.1965 62.5079 162.9319 9.0618 163.1145 60.8997 63.6631 35.8825 216.4961 0.0000
