22
0.0000 157.6971 71.9633 11.7489 218.9124 79.9608 141.9422 11.0466 188.1400 72.8507 30.5710 134.9494 50.4551 212.8115 62.1177 165.5364 108.7190 94.3619 106.9031 111.6921 41.0836 163.0889
157.6971 0.0000 99.5367 210.6390 151.9616 30.3385 23.6571 215.8606 159.2242 95.5069 103.6791 83.9232 38.8783 157.9913 175.5735 37.9789 129.4622 66.6684 33.2184 132.2835 72.0127 83.8502
71.9633 99.5367 0.0000 68.6883 232.4124 9.3875 85.7653 140.6848 46.0865 32.8190 36.2271 179.5623 83.1250 139.9511 74.7325 213.8713 118.8879 50.4131 73.9696 53.0977 126.4808 81.7676
11.7489 210.6390 68.6883 0.0000 50.4809 41.6969 187.5667 46.7722 106.6392 111.1727 122.2284 100.3172 63.7677 184.6325 88.7666 94.2874 138.0038 103.4841 136.6431 90.3944 136.5980 28.0090
218.9124 151.9616 232.4124 50.4809 0.0000 73.2246 102.5532 246.2861 95.4757 197.1064 152.9370 43.0025 67.0233 39.2746 30.0016 138.1447 136.4654 130.7505 45.5260 117.3600 174.3270 93.8553
79.9608 30.3385 9.3875 41.6969 73.2246 0.0000 110.7015 154.3418 86.3122 95.2895 136.9900 54.8552 164.5385 121.0650 139.4823 83.6269 213.9751 150.9007 128.9670 127.7088 153.5256 82.6206
141.9422 23.6571 85.7653 187.5667 102.5532 110.7015 0.0000 129.5818 137.9347 62.0250 28.4124 84.4300 139.6502 116.0600 164.3769 86.5297 59.4821 118.1166 117.4483 108.1393 122.2507 42.6150
11.0466 215.8606 140.6848 46.7722 246.2861 154.3418 129.5818 0.0000 99.0847 80.2666 46.8564 85.7622 71.6503 54.2109 76.8148 146.0340 235.5187 166.1087 162.0409 192.3012 15.4563 32.0196
188.1400 159.2242 46.0865 106.6392 95.4757 86.3122 137.9347 99.0847 0.0000 63.7698 103.1649 100.6745 134.1511 61.2943 82.5147 108.6504 70.9963 11.7973 38.5267 145.0107 18.7629 108.6543
72.8507 95.5069 32.8190 111.1727 197.1064 95.2895 62.0250 80.2666 63.7698 0.0000 94.6282 127.3214 58.8018 103.4973 142.8112 194.1333 241.6315 223.2342 125.3445 52.7779 146.5188 12.5730
30.5710 103.6791 36.2271 122.2284 152.9370 136.9900 28.4124 46.8564 103.1649 94.6282 0.0000 8.1738 108.4253 210.5060 83.6364 54.2908 141.5020 82.2579 167.6078 50.2666 80.6777 146.2550
134.9494 83.9232 179.5623 100.3172 43.0025 54.8552 84.4300 85.7622 100.6745 127.3214 8.1738 0.0000 102.9216 104.9980 98.3581 61.1520 59.2002 99.4470 35.7986 69.5658 171.9263 65.4862
50.4551 38.8783 83.1250 63.7677 67.0233 164.5385 139.6502 71.6503 134.1511 58.8018 108.4253 102.9216 0.0000 175.2908 225.0429 153.6538 184.8463 85.0343 125.9254 42.5858 132.9102 116.1807
212.8115 157.9913 139.9511 184.6325 39.2746 121.0650 116.0600 54.2109 61.2943 103.4973 210.5060 104.9980 175.2908 0.0000 121.5963 13.1207 10.2609 17.2379 46.8977 121.1610 96.6870 78.3997
62.1177 175.5735 74.7325 88.7666 30.0016 139.4823 164.3769 76.8148 82.5147 142.8112 83.6364 98.3581 225.0429 121.5963 0.0000 98.6913 107.9594 124.6021 104.9640 38.9186 89.7437 100.1322
165.5364 37.9789 213.8713 94.2874 138.1447 83.6269 86.5297 146.0340 108.6504 194.1333 54.2908 61.1520 153.6538 13.1207 98.6913 0.0000 43.2774 62.1624 173.0807 131.1919 36.9370 99.4064
108.7190 129.4622 118.8879 138.0038 136.4654 213.9751 59.4821 235.5187 70.9963 241.6315 141.5020 59.2002 184.8463 10.2609 107.9594 43.2774 0.0000 231.1671 129.0658 213.7142 189.9034 70.1114
94.3619 66.6684 50.4131 103.4841 130.7505 150.9007 118.1166 166.1087 11.7973 223.2342 82.2579 99.4470 85.0343 17.2379 124.6021 62.1624 231.1671 0.0000 128.1440 125.8490 103.8209 104.4017
106.9031 33.2184 73.9696 136.6431 45.5260 128.9670 117.4483 162.0409 38.5267 125.3445 167.6078 35.7986 125.9254 46.8977 104.9640 173.0807 129.0658 128.1440 0.0000 143.7981 103.2160 203.3367
111.6921 132.2835 53.0977 90.3944 117.3600 127.7088 108.1393 192.3012 145.0107 52.7779 50.2666 69.5658 42.5858 121.1610 38.9186 131.1919 213.7142 125.8490 143.7981 0.0000 104.5429 139.2802
41.0836 72.0127 126.4808 136.5980 174.3270 153.5256 122.2507 15.4563 18.7629 146.5188 80.6777 171.9263 132.9102 96.6870 89.7437 36.9370 189.9034 103.8209 103.2160 104.5429 0.0000 53.9701
163.0889 83.8502 81.7676 28.0090 93.8553 82.6206 42.6150 32.0196 108.6543 12.5730 146.2550 65.4862 116.1807 78.3997 100.1322 99.4064 70.1114 104.4017 203.3367 139.2802 53.9701 0.0000
