22
0.0000 116.5700 18.7250 148.1215 73.0316 89.7419 86.8636 139.6436 161.3854 163.4370 134.6188 142.4867 64.9609 16.9829 43.5320 84.0925 94.6804 85.5035 38.1602 53.2429 47.7890 64.2978
116.5700 0.0000 54.1894 184.5141 85.3957 154.6520 110.8643 178.9666 119.1783 110.0316 36.7863 71.8569 76.8360 191.6654 9.6422 22.5753 56.0080 44.6213 4.2829 52.3725 192.7486 55.4700
18.7250 54.1894 0.0000 88.8338 141.6588 107.5045 114.0956 106.2663 97.6217 58.2625 102.1115 46.2115 83.6915 63.2114 43.7701 51.9703 159.0034 111.1852 134.9906 95.6701 116.6361 209.0570
148.1215 184.5141 88.8338 0.0000 19.2235 57.0038 208.9503 206.5340 50.1012 127.6061 34.3250 112.9728 72.5673 78.8328 126.3157 172.4680 109.0020 107.0439 186.3009 98.4155 187.0382 34.8046
73.0316 85.3957 141.6588 19.2235 0.0000 110.1199 78.0805 127.7991 127.8624 48.8142 58.2361 88.4604 89.0836 103.2212 52.3317 139.3986 29.0871 23.9049 67.7232 52.0512 151.9075 109.6617
89.7419 154.6520 107.5045 57.0038 110.1199 0.0000 129.5006 51.4584 116.4951 78.5316 141.0997 113.9771 44.7758 126.3233 77.1374 140.6180 52.2717 98.4218 82.7596 171.3238 118.5191 55.5206
86.8636 110.8643 114.0956 208.9503 78.0805 129.5006 0.0000 119.9706 81.5421 102.2947 134.0813 59.6650 114.5699 103.1672 23.5300 21.7249 186.7072 157.3967 205.3077 156.3108 32.2758 46.8389
139.6436 178.9666 106.2663 206.5340 127.7991 51.4584 119.9706 0.0000 79.8410 78.6596 139.8828 92.8325 101.3223 97.5043 146.3103 146.0270 124.1549 141.6351 183.6927 52.8419 34.3281 172.0929
161.3854 119.1783 97.6217 50.1012 127.8624 116.4951 81.5421 79.8410 0.0000 87.8776 131.2399 11.3429 106.6491 113.4420 171.3532 153.0771 22.0392 152.9908 76.0274 76.2569 122.4933 171.5162
163.4370 110.0316 58.2625 127.6061 48.8142 78.5316 102.2947 78.6596 87.8776 0.0000 127.2753 91.0874 133.4050 156.8804 244.1155 196.9100 123.0076 0.1465 25.2774 23.9826 127.9068 27.2233
134.6188 36.7863 102.1115 34.3250 58.2361 141.0997 134.0813 139.8828 131.2399 127.2753 0.0000 176.8263 62.9767 146.0713 80.3418 51.6149 145.7249 196.5282 37.1030 122.1699 149.8673 151.4003
142.4867 71.8569 46.2115 112.9728 88.4604 113.9771 59.6650 92.8325 11.3429 91.0874 176.8263 0.0000 174.0999 84.8692 125.2286 178.5597 52.9663 95.8419 68.2615 179.8377 155.8297 199.7765
64.9609 76.8360 83.6915 72.5673 89.0836 44.7758 114.5699 101.3223 106.6491 133.4050 62.9767 174.0999 0.0000 10.3266 51.6489 91.6722 85.3211 51.7405 76.6755 116.7591 70.9727 168.6115
16.9829 191.6654 63.2114 78.8328 103.2212 126.3233 103.1672 97.5043 113.4420 156.8804 146.0713 84.8692 10.3266 0.0000 39.8580 134.9064 118.9733 133.6733 73.4474 11.5144 107.8741 147.9904
43.5320 9.6422 43.7701 126.3157 52.3317 77.1374 23.5300 146.3103 171.3532 244.1155 80.3418 125.2286 51.6489 39.8580 0.0000 119.6162 153.5907 102.9687 16.9733 71.8999 186.6862 35.7268
84.0925 22.5753 51.9703 172.4680 139.3986 140.6180 21.7249 146.0270 153.0771 196.9100 51.6149 178.5597 91.6722 134.9064 119.6162 0.0000 31.2971 115.1954 209.8856 176.9080 128.7205 175.4867
94.6804 56.0080 159.0034 109.0020 29.0871 52.2717 186.7072 124.1549 22.0392 123.0076 145.7249 52.9663 85.3211 118.9733 153.5907 31.2971 0.0000 62.3029 71.5800 147.8458 162.8967 144.7769
85.5035 44.6213 111.1852 107.0439 23.9049 98.4218 157.3967 141.6351 152.9908 0.1465 196.5282 95.8419 51.7405 133.6733 102.9687 115.1954 62.3029 0.0000 132.4012 114.8851 109.7564 143.3864
38.1602 4.2829 134.9906 186.3009 67.7232 82.7596 205.3077 183.6927 76.0274 25.2774 37.1030 68.2615 76.6755 73.4474 16.9733 209.8856 71.5800 132.4012 0.0000 134.5682 165.6481 192.0165
53.2429 52.3725 95.6701 98.4155 52.0512 171.3238 156.3108 52.8419 76.2569 23.9826 122.1699 179.8377 116.7591 11.5144 71.8999 176.9080 147.8458 114.8851 134.5682 0.0000 103.5906 40.7603
47.7890 192.7486 116.6361 187.0382 151.9075 118.5191 32.2758 34.3281 122.4933 127.9068 149.8673 155.8297 70.9727 107.8741 186.6862 128.7205 162.8967 109.7564 165.6481 103.5906 0.0000 132.0250
64.2978 55.4700 209.0570 34.8046 109.6617 55.5206 46.8389 172.0929 171.5162 27.2233 151.4003 199.7765 168.6115 147.9904 35.7268 175.4867 144.7769 143.3864 192.0165 40.7603 132.0250 0.0000
