22
0.0000 158.0211 162.7826 169.9366 154.3511 117.5555 126.7069 155.6351 118.8521 139.9869 167.0857 98.9947 135.6073 232.5017 124.5840 18.0068 93.2705 102.9818 158.0116 89.9114 104.1934 146.2840
158.0211 0.0000 131.8457 55.7890 126.9745 130.1345 114.3350 122.7449 48.8888 175.2434 39.4905 150.3040 65.3451 94.8845 172.1032 180.1083 56.2092 101.6353 157.3922 149.1164 112.4613 50.2285
162.7826 131.8457 0.0000 81.5031 114.8689 91.7621 64.7819 76.5880 38.6269 74.4609 66.5355 109.2962 131.5588 121.8179 151.4219 104.1409 35.3223 151.1620 118.1608 112.1974 143.4558 142.4117
169.9366 55.7890 81.5031 0.0000 123.4841 143.4685 20.2813 125.7870 28.5380 148.8160 66.5368 115.4728 123.6470 134.7787 141.3900 84.3018 145.0536 92.7116 153.0010 85.2701 180.5946 113.5348
154.3511 126.9745 114.8689 123.4841 0.0000 32.6345 99.8491 141.4189 77.2595 41.0781 59.8676 192.5840 155.1125 64.0542 65.4616 156.3354 183.5238 134.7209 21.8691 44.1141 133.2135 172.9666
117.5555 130.1345 91.7621 143.4685 32.6345 0.0000 79.6579 135.6671 221.8198 101.1877 100.1743 66.9192 61.6794 16.2372 118.3354 120.1649 96.0423 84.8059 147.1791 165.5461 45.2070 3.4652
126.7069 114.3350 64.7819 20.2813 99.8491 79.6579 0.0000 113.4154 144.4741 160.9157 136.9476 61.8907 76.3427 84.4907 22.5612 22.1414 17.1802 119.6724 61.3309 126.4190 131.2361 109.4783
155.6351 122.7449 76.5880 125.7870 141.4189 135.6671 113.4154 0.0000 173.4583 159.9032 87.4619 73.2564 117.6331 75.6577 147.0695 90.9464 33.9189 152.0398 196.2696 225.9237 66.4999 103.5945
118.8521 48.8888 38.6269 28.5380 77.2595 221.8198 144.4741 173.4583 0.0000 25.8471 164.9128 47.1683 73.4479 144.5613 99.4410 41.9835 118.6956 62.9287 156.7421 103.7746 31.6001 99.1195
139.9869 175.2434 74.4609 148.8160 41.0781 101.1877 160.9157 159.9032 25.8471 0.0000 116.7371 218.4253 49.6308 154.6558 185.2605 142.8749 42.2765 89.9706 151.2451 94.3674 117.0693 218.0906
167.0857 39.4905 66.5355 66.5368 59.8676 100.1743 136.9476 87.4619 164.9128 116.7371 0.0000 19.9574 132.4859 138.5654 168.6972 116.3383 137.6429 1.0823 153.3769 66.9562 144.4131 164.8034
98.9947 150.3040 109.2962 115.4728 192.5840 66.9192 61.8907 73.2564 47.1683 218.4253 19.9574 0.0000 50.7010 75.1525 28.0266 112.8560 57.6103 197.7897 132.1820 97.0616 25.0141 112.6440
135.6073 65.3451 131.5588 123.6470 155.1125 61.6794 76.3427 117.6331 73.4479 49.6308 132.4859 50.7010 0.0000 83.7925 125.0086 180.0016 75.3860 186.4011 67.9989 140.4941 245.4791 61.4020
232.5017 94.8845 121.8179 134.7787 64.0542 16.2372 84.4907 75.6577 144.5613 154.6558 138.5654 75.1525 83.7925 0.0000 92.1376 53.2075 57.0633 148.9504 110.3274 130.3444 58.1581 57.2651
124.5840 172.1032 151.4219 141.3900 65.4616 118.3354 22.5612 147.0695 99.4410 185.2605 168.6972 28.0266 125.0086 92.1376 0.0000 90.3197 150.5848 114.6676 2.3810 39.5997 131.7022 193.4851
18.0068 180.1083 104.1409 84.3018 156.3354 120.1649 22.1414 90.9464 41.9835 142.8749 116.3383 112.8560 180.0016 53.2075 90.3197 0.0000 219.0522 182.0075 74.9832 78.8363 51.2982 110.1210
93.2705 56.2092 35.3223 145.0536 183.5238 96.0423 17.1802 33.9189 118.6956 42.2765 137.6429 57.6103 75.3860 57.0633 150.5848 219.0522 0.0000 129.2160 177.8538 59.0727 118.6635 111.7561
102.9818 101.6353 151.1620 92.7116 134.7209 84.8059 119.6724 152.0398 62.9287 89.9706 1.0823 197.7897 186.4011 148.9504 114.6676 182.0075 129.2160 0.0000 79.0414 115.6145 161.7718 90.8593
158.0116 157.3922 118.1608 153.0010 21.8691 147.1791 61.3309 196.2696 156.7421 151.2451 153.3769 132.1820 67.9989 110.3274 2.3810 74.9832 177.8538 79.0414 0.0000 73.6234 122.8233 46.2986
89.9114 149.1164 112.1974 85.2701 44.1141 165.5461 126.4190 225.9237 103.7746 94.3674 66.9562 97.0616 140.4941 130.3444 39.5997 78.8363 59.0727 115.6145 73.6234 0.0000 41.4556 169.7462
104.1934 112.4613 143.4558 180.5946 133.2135 45.2070 131.2361 66.4999 31.6001 117.0693 144.4131 25.0141 245.4791 58.1581 131.7022 51.2982 118.6635 161.7718 122.8233 41.4556 0.0000 208.3290
146.2840 50.2285 142.4117 113.5348 172.9666 3.4652 109.4783 103.5945 99.1195 218.0906 164.8034 112.6440 61.4020 57.2651 193.4851 110.1210 111.7561 90.8593 46.2986 169.7462 208.3290 0.0000
