22
0.0000 33.7584 43.9315 140.3930 105.5626 104.9502 184.9163 169.5923 48.9959 48.1782 212.2479 24.9170 120.7482 12.8545 142.4569 81.5502 89.8586 149.9621 54.3728 113.9400 27.4871 228.1335
33.7584 0.0000 120.1664 7.8943 182.6857 160.1646 103.2073 115.1342 85.0807 98.7083 151.4639 82.5395 150.3365 191.3412 36.5926 49.7110 135.1639 106.3381 143.9813 176.8649 87.5575 122.5192
43.9315 120.1664 0.0000 54.8706 63.9691 74.9380 146.0680 111.5656 88.9531 216.8281 118.4803 161.9341 138.8558 77.6913 114.6337 40.6030 172.2436 39.7173 98.7947 204.4178 76.2743 230.7200
140.3930 7.8943 54.8706 0.0000 124.7634 126.9000 16.9055 137.9059 183.0917 149.5726 49.8705 167.1598 41.2951 91.4485 117.1418 88.8129 132.0572 164.5266 131.0113 52.1812 99.7302 102.9943
105.5626 182.6857 63.9691 124.7634 0.0000 154.0993 65.1985 82.2455 231.9776 112.4973 109.8404 125.3469 199.5517 235.3888 224.7142 143.8021 107.0921 77.8986 77.2161 117.0565 63.3676 159.5597
104.9502 160.1646 74.9380 126.9000 154.0993 0.0000 53.9130 186.1289 52.7837 143.8303 256.9560 169.8262 33.6916 9.5134 159.3103 29.7933 39.1734 47.3659 134.9768 74.3282 108.7640 163.6473
184.9163 103.2073 146.0680 16.9055 65.1985 53.9130 0.0000 68.6759 172.6453 34.2794 215.0720 144.1757 83.1229 174.5150 119.7030 89.3167 21.6403 16.1798 103.2371 216.5453 146.9139 172.8339
169.5923 115.1342 111.5656 137.9059 82.2455 186.1289 68.6759 0.0000 216.9441 82.6530 127.6914 53.9532 129.0464 85.1578 44.5586 103.0287 91.9572 187.4998 53.6972 63.0250 114.1096 153.7659
48.9959 85.0807 88.9531 183.0917 231.9776 52.7837 172.6453 216.9441 0.0000 106.6782 184.4270 111.2356 91.6659 129.0422 72.8992 108.7117 41.3232 32.7988 219.5308 98.3868 53.6501 140.7608
48.1782 98.7083 216.8281 149.5726 112.4973 143.8303 34.2794 82.6530 106.6782 0.0000 86.0913 144.5222 77.5322 156.5573 130.5677 133.7622 98.5894 76.8763 154.4229 114.4095 76.8141 49.1607
212.2479 151.4639 118.4803 49.8705 109.8404 256.9560 215.0720 127.6914 184.4270 86.0913 0.0000 143.0169 171.6153 28.2860 136.0444 127.2516 17.8262 63.7145 129.5410 76.8459 149.3448 73.1606
24.9170 82.5395 161.9341 167.1598 125.3469 169.8262 144.1757 53.9532 111.2356 144.5222 143.0169 0.0000 117.5007 98.5077 134.9641 139.5957 209.1799 30.0714 107.9221 35.2273 158.2142 82.4846
120.7482 150.3365 138.8558 41.2951 199.5517 33.6916 83.1229 129.0464 91.6659 77.5322 171.6153 117.5007 0.0000 51.1732 82.8250 118.0428 149.7803 33.8149 193.7816 21.4530 113.7618 132.6459
12.8545 191.3412 77.6913 91.4485 235.3888 9.5134 174.5150 85.1578 129.0422 156.5573 28.2860 98.5077 51.1732 0.0000 5.1942 102.7849 6.8421 121.8704 92.4626 79.4548 198.6333 106.9481
142.4569 36.5926 114.6337 117.1418 224.7142 159.3103 119.7030 44.5586 72.8992 130.5677 136.0444 134.9641 82.8250 5.1942 0.0000 189.6198 142.8792 63.3201 121.7425 191.9763 133.9504 149.4688
81.5502 49.7110 40.6030 88.8129 143.8021 29.7933 89.3167 103.0287 108.7117 133.7622 127.2516 139.5957 118.0428 102.7849 189.6198 0.0000 132.8125 70.1711 89.1326 209.5135 70.3325 96.9388
89.8586 135.1639 172.2436 132.0572 107.0921 39.1734 21.6403 91.9572 41.3232 98.5894 17.8262 209.1799 149.7803 6.8421 142.8792 132.8125 0.0000 114.8869 213.3775 17.9585 156.2431 43.9670
149.9621 106.3381 39.7173 164.5266 77.8986 47.3659 16.1798 187.4998 32.7988 76.8763 63.7145 30.0714 33.8149 121.8704 63.3201 70.1711 114.8869 0.0000 50.3545 108.9965 128.9476 175.1350
54.3728 143.9813 98.7947 131.0113 77.2161 134.9768 103.2371 53.6972 219.5308 154.4229 129.5410 107.9221 193.7816 92.4626 121.7425 89.1326 213.3775 50.3545 0.0000 24.0111 118.6798 92.3809
113.9400 176.8649 204.4178 52.1812 117.0565 74.3282 216.5453 63.0250 98.3868 114.4095 76.8459 35.2273 21.4530 79.4548 191.9763 209.5135 17.9585 108.9965 24.0111 0.0000 178.0557 72.8977
27.4871 87.5575 76.2743 99.7302 63.3676 108.7640 146.9139 114.1096 53.6501 76.8141 149.3448 158.2142 113.7618 198.6333 133.9504 70.3325 156.2431 128.9476 118.6798 178.0557 0.0000 56.1751
228.1335 122.5192 230.7200 102.9943 159.5597 163.6473 172.8339 153.7659 140.7608 49.1607 73.1606 82.4846 132.6459 106.9481 149.4688 96.9388 43.9670 175.1350 92.3809 72.8977 56.1751 0.0000
