23
0.0000 139.8113 76.5461 144.5245 104.6217 134.5345 81.2219 99.6954 178.4835 73.2684 67.5319 101.3561 99.6711 19.9819 124.4085 164.5988 161.1701 37.1817 95.8172 15.5325 75.9946 96.1213 51.0879
139.8113 0.0000 151.8619 25.3278 96.2267 148.8331 90.7366 80.0927 91.0525 60.2661 118.0939 110.2539 77.7777 123.9766 122.7206 57.8228 107.7168 162.9423 25.7195 102.7091 9.4545 68.6510 264.1158
76.5461 151.8619 0.0000 154.3913 113.3508 136.7640 22.9976 188.4239 42.5288 88.6069 160.2433 85.7603 193.2429 127.6819 44.1764 159.0369 81.6875 217.5024 46.4823 84.7579 105.0075 156.3243 68.6790
144.5245 25.3278 154.3913 0.0000 159.9956 51.2925 146.0584 153.3314 156.4942 119.3472 106.4698 96.6425 117.4782 144.9028 86.8501 30.2211 24.3839 163.7599 149.2418 24.9918 76.6206 33.4956 116.4467
104.6217 96.2267 113.3508 159.9956 0.0000 121.0979 95.1472 53.6455 142.4047 44.8920 20.8853 203.9907 181.5696 101.4820 140.8561 20.2101 15.8254 53.6335 209.8749 151.6428 80.0952 54.5522 124.8159
134.5345 148.8331 136.7640 51.2925 121.0979 0.0000 123.5099 182.9320 107.9272 182.2597 217.0928 134.5964 165.6556 114.8855 18.0013 116.8308 123.1399 27.5539 88.0814 81.6738 110.6268 168.3112 142.1431
81.2219 90.7366 22.9976 146.0584 95.1472 123.5099 0.0000 199.2809 254.7931 7.2591 29.1849 24.4662 78.0701 225.8173 28.2040 79.9934 144.2326 138.2424 178.4359 83.0474 53.8105 274.1008 32.3553
99.6954 80.0927 188.4239 153.3314 53.6455 182.9320 199.2809 0.0000 71.5193 104.3320 44.9318 68.5075 107.9092 155.8331 197.9849 21.9051 123.9517 103.8986 160.1657 100.3428 144.1944 83.2709 59.4448
178.4835 91.0525 42.5288 156.4942 142.4047 107.9272 254.7931 71.5193 0.0000 32.5193 52.7906 10.5028 70.5617 169.2788 34.4051 106.9980 104.5257 60.9164 81.4509 92.0487 59.3062 72.5264 76.2078
73.2684 60.2661 88.6069 119.3472 44.8920 182.2597 7.2591 104.3320 32.5193 0.0000 104.9604 167.4116 95.6111 32.5175 69.6939 123.1827 101.0548 176.3828 203.0723 96.2599 209.7982 36.1257 158.3337
67.5319 118.0939 160.2433 106.4698 20.8853 217.0928 29.1849 44.9318 52.7906 104.9604 0.0000 192.7481 45.1182 117.0918 82.5586 53.7086 138.3360 106.3787 60.5555 30.3575 175.0436 187.4776 60.9817
101.3561 110.2539 85.7603 96.6425 203.9907 134.5964 24.4662 68.5075 10.5028 167.4116 192.7481 0.0000 45.3274 77.1288 194.9146 54.7113 110.8951 106.1772 207.6844 130.8238 121.4710 103.7116 59.3930
99.6711 77.7777 193.2429 117.4782 181.5696 165.6556 78.0701 107.9092 70.5617 95.6111 45.1182 45.3274 0.0000 149.6253 168.0912 140.5988 91.5371 169.8414 71.4917 46.8616 197.9484 76.0432 177.3431
19.9819 123.9766 127.6819 144.9028 101.4820 114.8855 225.8173 155.8331 169.2788 32.5175 117.0918 77.1288 149.6253 0.0000 55.2064 128.0159 221.3619 183.8608 15.5330 93.0416 59.9060 131.3625 114.7485
124.4085 122.7206 44.1764 86.8501 140.8561 18.0013 28.2040 197.9849 34.4051 69.6939 82.5586 194.9146 168.0912 55.2064 0.0000 33.8066 44.0111 82.8885 71.0594 85.5396 72.0671 67.3275 80.0489
164.5988 57.8228 159.0369 30.2211 20.2101 116.8308 79.9934 21.9051 106.9980 123.1827 53.7086 54.7113 140.5988 128.0159 33.8066 0.0000 130.8936 59.6033 129.2702 158.9279 23.7998 55.1817 128.4597
161.1701 107.7168 81.6875 24.3839 15.8254 123.1399 144.2326 123.9517 104.5257 101.0548 138.3360 110.8951 91.5371 221.3619 44.0111 130.8936 0.0000 81.4456 119.7732 114.5038 52.7765 82.1805 59.6999
37.1817 162.9423 217.5024 163.7599 53.6335 27.5539 138.2424 103.8986 60.9164 176.3828 106.3787 106.1772 169.8414 183.8608 82.8885 59.6033 81.4456 0.0000 103.7820 140.0161 78.7145 74.9027 196.1994
95.8172 25.7195 46.4823 149.2418 209.8749 88.0814 178.4359 160.1657 81.4509 203.0723 60.5555 207.6844 71.4917 15.5330 71.0594 129.2702 119.7732 103.7820 0.0000 56.6665 60.1398 48.5651 75.5423
15.5325 102.7091 84.7579 24.9918 151.6428 81.6738 83.0474 100.3428 92.0487 96.2599 30.3575 130.8238 46.8616 93.0416 85.5396 158.9279 114.5038 140.0161 56.6665 0.0000 226.7306 101.0478 128.1971
75.9946 9.4545 105.0075 76.6206 80.0952 110.6268 53.8105 144.1944 59.3062 209.7982 175.0436 121.4710 197.9484 59.9060 72.0671 23.7998 52.7765 78.7145 60.1398 226.7306 0.0000 25.5757 183.7227
96.1213 68.6510 156.3243 33.4956 54.5522 168.3112 274.1008 83.2709 72.5264 36.1257 187.4776 103.7116 76.0432 131.3625 67.3275 55.1817 82.1805 74.9027 48.5651 101.0478 25.5757 0.0000 172.5896
51.0879 264.1158 68.6790 116.4467 124.8159 142.1431 32.3553 59.4448 76.2078 158.3337 60.9817 59.3930 177.3431 114.7485 80.0489 128.4597 59.6999 196.1994 75.5423 128.1971 183.7227 172.5896 0.0000
