23
0.0000 42.2054 143.6829 48.5649 95.4010 159.7653 52.6621 218.7370 159.7793 111.0435 129.2057 124.9665 159.4448 127.4643 21.7709 103.4207 155.4502 168.1021 108.0765 12.0039 159.3780 12.8979 42.5702
42.2054 0.0000 70.4967 141.4087 54.9696 49.6052 117.8813 118.0729 25.6486 8.3464 150.0155 239.1224 168.3442 72.5050 28.0101 108.9847 93.3564 39.8469 4.4271 162.3619 112.1414 21.1266 112.7935
143.6829 70.4967 0.0000 79.8687 182.3772 242.0540 68.4685 214.2832 99.4221 64.4830 76.6564 163.9215 83.0311 37.9525 128.0454 96.0147 57.2858 102.3981 178.9997 39.9788 21.3160 89.2249 71.1299
48.5649 141.4087 79.8687 0.0000 102.6245 201.8859 111.6408 51.8221 98.4986 5.9956 184.1823 164.3531 132.2068 113.7498 49.1260 107.9870 103.3202 48.1119 90.3841 19.3387 116.1894 151.0425 83.2668
95.4010 54.9696 182.3772 102.6245 0.0000 161.6908 142.0203 89.9297 17.6340 77.8872 159.9166 52.7092 136.1820 63.8029 45.1625 178.2529 6.7896 164.9692 112.7661 78.8878 21.1166 94.9329 68.2595
159.7653 49.6052 242.0540 201.8859 161.6908 0.0000 80.1929 153.4037 52.1172 162.1366 69.9815 104.5875 79.3298 148.0986 100.3188 161.8444 99.1845 140.2622 112.3165 57.1196 159.7116 117.6404 200.5648
52.6621 117.8813 68.4685 111.6408 142.0203 80.1929 0.0000 143.6668 122.2001 151.1651 67.1600 30.9726 189.5701 59.6879 74.9307 107.2009 80.2177 90.9171 156.3924 67.2342 271.2707 139.8553 62.3066
218.7370 118.0729 214.2832 51.8221 89.9297 153.4037 143.6668 0.0000 134.6513 82.9897 127.8045 175.2769 14.3494 106.9205 24.6350 42.9080 178.2970 198.1745 11.9652 108.2034 166.0057 140.1735 5.2078
159.7793 25.6486 99.4221 98.4986 17.6340 52.1172 122.2001 134.6513 0.0000 134.8988 77.4493 187.5528 24.7091 110.9537 76.7414 139.6182 26.2445 115.9914 177.0941 201.4161 102.9840 31.8483 31.5123
111.0435 8.3464 64.4830 5.9956 77.8872 162.1366 151.1651 82.9897 134.8988 0.0000 61.4355 156.2292 104.6409 106.8787 240.4746 112.5436 18.5721 101.0488 169.9771 66.2056 71.8176 27.9126 155.3472
129.2057 150.0155 76.6564 184.1823 159.9166 69.9815 67.1600 127.8045 77.4493 61.4355 0.0000 93.6586 72.2309 12.2326 21.7360 55.2133 98.1264 36.5071 100.2591 158.7375 81.4917 130.7258 91.2626
124.9665 239.1224 163.9215 164.3531 52.7092 104.5875 30.9726 175.2769 187.5528 156.2292 93.6586 0.0000 80.1361 257.6347 43.1456 122.0494 52.1902 84.0830 261.3006 139.5397 26.1810 59.0164 197.2245
159.4448 168.3442 83.0311 132.2068 136.1820 79.3298 189.5701 14.3494 24.7091 104.6409 72.2309 80.1361 0.0000 35.0592 50.0874 79.3499 62.1893 1.8389 76.9337 126.4576 204.1948 93.5131 74.6875
127.4643 72.5050 37.9525 113.7498 63.8029 148.0986 59.6879 106.9205 110.9537 106.8787 12.2326 257.6347 35.0592 0.0000 116.9788 59.6207 79.0461 77.0560 168.4295 58.4935 90.9328 88.5549 135.3517
21.7709 28.0101 128.0454 49.1260 45.1625 100.3188 74.9307 24.6350 76.7414 240.4746 21.7360 43.1456 50.0874 116.9788 0.0000 146.8159 185.3291 133.2716 133.5013 161.0814 76.1531 80.0755 95.6525
103.4207 108.9847 96.0147 107.9870 178.2529 161.8444 107.2009 42.9080 139.6182 112.5436 55.2133 122.0494 79.3499 59.6207 146.8159 0.0000 103.0777 129.0959 210.5140 66.2564 124.6098 74.3505 77.0677
155.4502 93.3564 57.2858 103.3202 6.7896 99.1845 80.2177 178.2970 26.2445 18.5721 98.1264 52.1902 62.1893 79.0461 185.3291 103.0777 0.0000 220.9460 141.5222 126.3845 173.0824 198.4193 126.3092
168.1021 39.8469 102.3981 48.1119 164.9692 140.2622 90.9171 198.1745 115.9914 101.0488 36.5071 84.0830 1.8389 77.0560 133.2716 129.0959 220.9460 0.0000 92.9038 67.1633 115.5109 86.9244 42.6595
108.0765 4.4271 178.9997 90.3841 112.7661 112.3165 156.3924 11.9652 177.0941 169.9771 100.2591 261.3006 76.9337 168.4295 133.5013 210.5140 141.5222 92.9038 0.0000 53.3689 113.7817 34.2433 88.9993
12.0039 162.3619 39.9788 19.3387 78.8878 57.1196 67.2342 108.2034 201.4161 66.2056 158.7375 139.5397 126.4576 58.4935 161.0814 66.2564 126.3845 67.1633 53.3689 0.0000 122.3180 63.0931 89.8153
159.3780 112.1414 21.3160 116.1894 21.1166 159.7116 271.2707 166.0057 102.9840 71.8176 81.4917 26.1810 204.1948 90.9328 76.1531 124.6098 173.0824 115.5109 113.7817 122.3180 0.0000 30.9863 70.2480
12.8979 21.1266 89.2249 151.0425 94.9329 117.6404 139.8553 140.1735 31.8483 27.9126 130.7258 59.0164 93.5131 88.5549 80.0755 74.3505 198.4193 86.9244 34.2433 63.0931 30.9863 0.0000 136.9147
42.5702 112.7935 71.1299 83.2668 68.2595 200.5648 62.3066 5.2078 31.5123 155.3472 91.2626 197.2245 74.6875 135.3517 95.6525 77.0677 126.3092 42.6595 88.9993 89.8153 70.2480 136.9147 0.0000
