23
0.0000 111.6060 56.8111 100.8090 67.7325 101.0135 64.6894 165.4950 187.2676 222.5279 132.2860 141.2720 158.1745 100.8785 160.3081 20.0434 56.1077 25.1186 51.1391 134.6846 38.7161 129.7111 121.2556
111.6060 0.0000 77.7601 139.7551 112.4596 162.0697 123.6819 116.6239 0.2501 110.2532 64.1761 17.8782 20.3371 28.9223 118.9360 31.0519 77.0703 39.3884 21.6965 97.1110 10.3226 105.2839 108.9371
56.8111 77.7601 0.0000 66.7735 164.2794 36.8488 110.6762 179.1878 94.5330 62.2570 86.6983 27.7516 203.2401 108.4239 144.7186 49.6537 112.0184 96.2192 130.1387 46.9622 60.8252 89.6875 150.7818
100.8090 139.7551 66.7735 0.0000 122.8957 85.0654 65.4280 154.4356 95.0848 99.1104 126.6940 43.4309 67.1543 55.1745 91.3156 100.6439 55.1508 217.1395 138.0764 58.1315 67.3728 52.7030 170.6177
67.7325 112.4596 164.2794 122.8957 0.0000 65.4616 167.8145 105.8654 75.7299 174.9699 184.9317 230.6029 270.1766 164.7894 37.6161 74.6903 153.6037 122.0241 193.8251 40.1811 40.0948 167.6524 158.4564
101.0135 162.0697 36.8488 85.0654 65.4616 0.0000 116.8981 231.3365 152.3439 119.0395 137.9624 120.9082 115.0301 94.8137 77.5072 229.5261 158.0442 52.0415 180.1489 45.9496 78.8553 62.9276 55.4676
64.6894 123.6819 110.6762 65.4280 167.8145 116.8981 0.0000 162.7629 94.0221 89.4177 99.3247 131.3182 99.5340 187.5912 149.1126 47.1750 22.1238 64.3776 62.6958 140.1009 80.7624 55.0330 66.3458
165.4950 116.6239 179.1878 154.4356 105.8654 231.3365 162.7629 0.0000 18.3959 63.6615 108.3435 175.0201 76.1878 51.7431 205.4396 96.6445 162.7078 25.7991 182.6785 67.8106 38.8773 44.5419 60.9085
187.2676 0.2501 94.5330 95.0848 75.7299 152.3439 94.0221 18.3959 0.0000 46.1865 76.4173 115.2986 92.1557 121.7221 91.1707 141.7419 45.9291 158.2044 18.8732 198.5308 98.7669 212.8720 55.9157
222.5279 110.2532 62.2570 99.1104 174.9699 119.0395 89.4177 63.6615 46.1865 0.0000 61.1505 225.9438 113.5276 131.4151 21.6756 150.5698 184.5762 127.7821 69.7933 87.5936 152.9278 69.1633 67.1803
132.2860 64.1761 86.6983 126.6940 184.9317 137.9624 99.3247 108.3435 76.4173 61.1505 0.0000 212.3754 72.3536 55.7822 174.0311 36.8184 155.2030 108.3920 113.6490 66.4029 103.8460 152.6487 154.2772
141.2720 17.8782 27.7516 43.4309 230.6029 120.9082 131.3182 175.0201 115.2986 225.9438 212.3754 0.0000 125.0905 94.5916 44.9948 68.8461 213.8008 188.6991 61.9936 167.8235 16.5405 68.0830 103.3911
158.1745 20.3371 203.2401 67.1543 270.1766 115.0301 99.5340 76.1878 92.1557 113.5276 72.3536 125.0905 0.0000 113.5933 82.0451 53.5417 62.9160 59.2587 126.6586 66.5590 167.2994 137.8118 156.3483
100.8785 28.9223 108.4239 55.1745 164.7894 94.8137 187.5912 51.7431 121.7221 131.4151 55.7822 94.5916 113.5933 0.0000 139.7528 108.0714 58.6956 152.4442 133.8490 80.8624 48.2148 96.1423 117.3916
160.3081 118.9360 144.7186 91.3156 37.6161 77.5072 149.1126 205.4396 91.1707 21.6756 174.0311 44.9948 82.0451 139.7528 0.0000 147.0132 121.7707 172.9838 102.5391 130.0145 21.1914 221.0051 48.7039
20.0434 31.0519 49.6537 100.6439 74.6903 229.5261 47.1750 96.6445 141.7419 150.5698 36.8184 68.8461 53.5417 108.0714 147.0132 0.0000 143.2300 130.7687 72.7560 140.4085 38.1157 3.4130 95.6562
56.1077 77.0703 112.0184 55.1508 153.6037 158.0442 22.1238 162.7078 45.9291 184.5762 155.2030 213.8008 62.9160 58.6956 121.7707 143.2300 0.0000 113.2619 165.4534 194.9723 59.8968 142.6152 123.2498
25.1186 39.3884 96.2192 217.1395 122.0241 52.0415 64.3776 25.7991 158.2044 127.7821 108.3920 188.6991 59.2587 152.4442 172.9838 130.7687 113.2619 0.0000 152.5674 47.2698 177.4414 86.1096 86.1906
51.1391 21.6965 130.1387 138.0764 193.8251 180.1489 62.6958 182.6785 18.8732 69.7933 113.6490 61.9936 126.6586 133.8490 102.5391 72.7560 165.4534 152.5674 0.0000 89.7195 39.3351 35.6228 135.2533
134.6846 97.1110 46.9622 58.1315 40.1811 45.9496 140.1009 67.8106 198.5308 87.5936 66.4029 167.8235 66.5590 80.8624 130.0145 140.4085 194.9723 47.2698 89.7195 0.0000 140.2990 155.6042 112.2284
38.7161 10.3226 60.8252 67.3728 40.0948 78.8553 80.7624 38.8773 98.7669 152.9278 103.8460 16.5405 167.2994 48.2148 21.1914 38.1157 59.8968 177.4414 39.3351 140.2990 0.0000 114.4427 22.0827
129.7111 105.2839 89.6875 52.7030 167.6524 62.9276 55.0330 44.5419 212.8720 69.1633 152.6487 68.0830 137.8118 96.1423 221.0051 3.4130 142.6152 86.1096 35.6228 155.6042 114.4427 0.0000 17.4630
121.2556 108.9371 150.7818 170.6177 158.4564 55.4676 66.3458 60.9085 55.9157 67.1803 154.2772 103.3911 156.3483 117.3916 48.7039 95.6562 123.2498 86.1906 135.2533 112.2284 22.0827 17.4630 0.0000
