23
0.0000 100.5247 151.5692 23.4993 60.6227 120.6530 82.4072 168.8562 25.7766 64.3313 87.6083 223.4460 49.1542 173.7155 2.3619 75.0879 118.3002 131.4952 73.8309 55.2119 160.2676 11.3626 107.5813
100.5247 0.0000 128.9468 82.4186 199.3369 67.1460 97.9836 52.3770 1.5050 51.7209 130.8372 126.9585 158.6753 127.9233 64.0965 87.2423 100.3280 19.6737 86.4548 202.8303 146.9840 73.1169 50.3930
151.5692 128.9468 0.0000 126.2359 181.1772 108.4835 36.8442 51.2783 51.9556 140.1468 93.1097 47.3344 87.0392 45.3801 219.1295 183.9955 145.7983 169.2545 58.0466 173.1435 31.3307 58.6613 30.8754
23.4993 82.4186 126.2359 0.0000 107.5869 165.8825 56.7738 188.0453 95.4155 117.1931 89.7249 102.6044 128.0830 23.2687 122.0456 54.0209 83.6592 138.2792 77.9381 85.9870 23.3415 13.2756 149.3661
60.6227 199.3369 181.1772 107.5869 0.0000 135.8934 80.6374 68.5806 97.5505 54.7842 133.8501 150.1167 71.8959 116.4878 144.7392 158.3422 76.2438 95.5171 95.1360 158.8611 177.1019 127.1860 76.1755
120.6530 67.1460 108.4835 165.8825 135.8934 0.0000 114.0033 52.5806 83.7621 104.6034 141.9047 34.2491 140.7617 139.1969 178.3542 81.4455 48.9796 98.8142 195.9945 116.7657 114.5266 64.4803 99.7791
82.4072 97.9836 36.8442 56.7738 80.6374 114.0033 0.0000 140.3982 46.3893 91.0108 128.8744 43.1965 54.7791 85.5132 140.9110 98.5580 16.3924 91.8954 242.0850 99.3289 160.8290 198.0207 63.1083
168.8562 52.3770 51.2783 188.0453 68.5806 52.5806 140.3982 0.0000 69.3008 136.0959 155.2834 98.9727 118.2958 2.1448 94.4268 62.8287 29.0848 249.9070 23.7545 109.4269 199.6608 88.9168 156.7373
25.7766 1.5050 51.9556 95.4155 97.5505 83.7621 46.3893 69.3008 0.0000 58.8331 107.3888 55.1814 154.3454 164.3359 127.8959 6.3790 96.6888 103.5329 123.8521 73.8279 144.1755 169.2493 110.5583
64.3313 51.7209 140.1468 117.1931 54.7842 104.6034 91.0108 136.0959 58.8331 0.0000 61.9757 66.6063 204.3423 152.7418 61.0215 112.3067 178.0152 73.1713 143.2957 8.9175 64.0253 155.3296 44.9909
87.6083 130.8372 93.1097 89.7249 133.8501 141.9047 128.8744 155.2834 107.3888 61.9757 0.0000 151.9031 126.7963 128.3359 78.6046 108.6980 176.9768 102.4477 112.4786 35.6940 205.7823 60.6693 116.6167
223.4460 126.9585 47.3344 102.6044 150.1167 34.2491 43.1965 98.9727 55.1814 66.6063 151.9031 0.0000 188.1399 144.5413 189.1357 176.5246 155.2718 152.3209 96.4966 95.0423 190.1569 89.0047 159.0582
49.1542 158.6753 87.0392 128.0830 71.8959 140.7617 54.7791 118.2958 154.3454 204.3423 126.7963 188.1399 0.0000 210.4579 118.3193 111.3031 32.3689 110.3645 107.9492 191.5237 180.7888 71.6521 107.0261
173.7155 127.9233 45.3801 23.2687 116.4878 139.1969 85.5132 2.1448 164.3359 152.7418 128.3359 144.5413 210.4579 0.0000 190.6634 60.3683 130.3458 89.7407 141.1786 202.1956 104.8839 146.3591 88.9514
2.3619 64.0965 219.1295 122.0456 144.7392 178.3542 140.9110 94.4268 127.8959 61.0215 78.6046 189.1357 118.3193 190.6634 0.0000 120.9085 36.7788 129.6427 85.8640 157.6661 105.4456 104.7172 63.0377
75.0879 87.2423 183.9955 54.0209 158.3422 81.4455 98.5580 62.8287 6.3790 112.3067 108.6980 176.5246 111.3031 60.3683 120.9085 0.0000 80.8346 96.4209 100.6166 81.3566 62.9010 63.7860 90.9543
118.3002 100.3280 145.7983 83.6592 76.2438 48.9796 16.3924 29.0848 96.6888 178.0152 176.9768 155.2718 32.3689 130.3458 36.7788 80.8346 0.0000 10.9499 16.7472 49.5070 123.3812 136.6091 45.2446
131.4952 19.6737 169.2545 138.2792 95.5171 98.8142 91.8954 249.9070 103.5329 73.1713 102.4477 152.3209 110.3645 89.7407 129.6427 96.4209 10.9499 0.0000 91.5582 58.5090 109.1269 95.8647 155.6609
73.8309 86.4548 58.0466 77.9381 95.1360 195.9945 242.0850 23.7545 123.8521 143.2957 112.4786 96.4966 107.9492 141.1786 85.8640 100.6166 16.7472 91.5582 0.0000 117.2229 77.2504 114.9555 4.5049
55.2119 202.8303 173.1435 85.9870 158.8611 116.7657 99.3289 109.4269 73.8279 8.9175 35.6940 95.0423 191.5237 202.1956 157.6661 81.3566 49.5070 58.5090 117.2229 0.0000 56.3385 97.3100 104.7674
160.2676 146.9840 31.3307 23.3415 177.1019 114.5266 160.8290 199.6608 144.1755 64.0253 205.7823 190.1569 180.7888 104.8839 105.4456 62.9010 123.3812 109.1269 77.2504 56.3385 0.0000 40.7472 86.9584
11.3626 73.1169 58.6613 13.2756 127.1860 64.4803 198.0207 88.9168 169.2493 155.3296 60.6693 89.0047 71.6521 146.3591 104.7172 63.7860 136.6091 95.8647 114.9555 97.3100 40.7472 0.0000 125.3219
107.5813 50.3930 30.8754 149.3661 76.1755 99.7791 63.1083 156.7373 110.5583 44.9909 116.6167 159.0582 107.0261 88.9514 63.0377 90.9543 45.2446 155.6609 4.5049 104.7674 86.9584 125.3219 0.0000
