23
0.0000 128.9407 65.2748 99.4486 58.5351 38.4465 54.0792 57.3257 46.9993 88.9273 95.2308 205.2090 70.5207 116.8091 188.0738 118.5853 2.2347 186.3177 109.2659 129.6606 138.0171 76.4571 227.4246
128.9407 0.0000 1.1045 119.3080 117.3931 103.1141 63.4442 183.0808 122.0146 188.9196 190.4057 74.1653 39.9769 2.9699 86.0240 49.4335 64.0658 190.3758 103.4799 142.2587 42.9024 93.7699 104.2192
65.2748 1.1045 0.0000 82.6310 235.0261 42.7892 179.7638 102.4201 100.6720 26.7456 116.5414 113.8584 99.5049 115.4118 107.1156 254.4648 82.8284 152.1199 12.5021 88.7022 9.7503 113.7613 86.6892
99.4486 119.3080 82.6310 0.0000 117.4990 206.9085 140.4171 163.4075 76.3187 154.5725 87.6113 9.0834 155.9903 124.6424 89.3818 16.7174 110.1708 141.8638 205.8351 164.6092 122.0226 93.3021 66.6732
58.5351 117.3931 235.0261 117.4990 0.0000 72.6273 98.2578 146.9368 83.0623 54.7696 160.2855 92.4996 106.3242 52.3429 20.1996 154.4104 63.0374 75.2950 170.5186 149.8250 65.5839 82.4662 131.1103
38.4465 103.1141 42.7892 206.9085 72.6273 0.0000 33.6085 44.2852 105.3388 128.9597 98.6131 5.9823 96.5648 106.8040 143.4403 130.1081 145.7206 47.0215 40.5372 29.0000 23.0485 165.2763 122.2435
54.0792 63.4442 179.7638 140.4171 98.2578 33.6085 0.0000 108.5258 122.9895 161.7663 178.7454 91.7101 183.2812 96.0703 198.6654 148.9934 134.6322 41.9051 18.7402 72.3468 82.5719 88.5196 136.3635
57.3257 183.0808 102.4201 163.4075 146.9368 44.2852 108.5258 0.0000 41.3438 106.7174 42.2770 58.2367 86.0635 73.2135 77.1811 169.3817 140.0498 54.3730 98.5678 113.6212 127.3286 122.2483 122.9349
46.9993 122.0146 100.6720 76.3187 83.0623 105.3388 122.9895 41.3438 0.0000 124.2014 28.2707 174.6231 113.2582 189.7437 107.6822 156.3151 207.8848 11.4454 137.2121 64.5435 44.0394 63.3166 100.4465
88.9273 188.9196 26.7456 154.5725 54.7696 128.9597 161.7663 106.7174 124.2014 0.0000 70.7269 216.7480 128.1529 98.8735 128.4118 52.3528 184.3361 103.5091 15.6343 40.1090 262.0567 54.2944 192.1781
95.2308 190.4057 116.5414 87.6113 160.2855 98.6131 178.7454 42.2770 28.2707 70.7269 0.0000 98.6963 14.8565 55.5462 143.5923 39.6289 85.4133 98.4701 101.5283 151.2018 106.5433 59.9701 34.5848
205.2090 74.1653 113.8584 9.0834 92.4996 5.9823 91.7101 58.2367 174.6231 216.7480 98.6963 0.0000 36.3122 123.8469 33.6705 66.6292 89.4161 112.3118 115.7558 64.2748 137.5594 103.4099 137.1106
70.5207 39.9769 99.5049 155.9903 106.3242 96.5648 183.2812 86.0635 113.2582 128.1529 14.8565 36.3122 0.0000 172.7391 176.4860 228.0181 31.9475 166.3991 35.7518 117.7799 141.0967 146.9494 89.3988
116.8091 2.9699 115.4118 124.6424 52.3429 106.8040 96.0703 73.2135 189.7437 98.8735 55.5462 123.8469 172.7391 0.0000 145.2928 92.1111 18.6959 26.3543 98.8306 14.8379 97.4399 103.4684 85.0804
188.0738 86.0240 107.1156 89.3818 20.1996 143.4403 198.6654 77.1811 107.6822 128.4118 143.5923 33.6705 176.4860 145.2928 0.0000 80.5206 62.2270 118.4877 85.1607 21.1120 205.0353 149.5464 156.7096
118.5853 49.4335 254.4648 16.7174 154.4104 130.1081 148.9934 169.3817 156.3151 52.3528 39.6289 66.6292 228.0181 92.1111 80.5206 0.0000 194.0244 44.8751 64.2969 164.6203 71.5339 94.6768 112.9697
2.2347 64.0658 82.8284 110.1708 63.0374 145.7206 134.6322 140.0498 207.8848 184.3361 85.4133 89.4161 31.9475 18.6959 62.2270 194.0244 0.0000 107.7681 3.4367 115.5378 61.3132 99.5592 128.7615
186.3177 190.3758 152.1199 141.8638 75.2950 47.0215 41.9051 54.3730 11.4454 103.5091 98.4701 112.3118 166.3991 26.3543 118.4877 44.8751 107.7681 0.0000 140.5184 138.6756 112.3250 163.5366 106.5391
109.2659 103.4799 12.5021 205.8351 170.5186 40.5372 18.7402 98.5678 137.2121 15.6343 101.5283 115.7558 35.7518 98.8306 85.1607 64.2969 3.4367 140.5184 0.0000 104.4615 117.0459 204.6355 136.2718
129.6606 142.2587 88.7022 164.6092 149.8250 29.0000 72.3468 113.6212 64.5435 40.1090 151.2018 64.2748 117.7799 14.8379 21.1120 164.6203 115.5378 138.6756 104.4615 0.0000 119.1578 33.4958 184.9105
138.0171 42.9024 9.7503 122.0226 65.5839 23.0485 82.5719 127.3286 44.0394 262.0567 106.5433 137.5594 141.0967 97.4399 205.0353 71.5339 61.3132 112.3250 117.0459 119.1578 0.0000 167.7367 242.0796
76.4571 93.7699 113.7613 93.3021 82.4662 165.2763 88.5196 122.2483 63.3166 54.2944 59.9701 103.4099 146.9494 103.4684 149.5464 94.6768 99.5592 163.5366 204.6355 33.4958 167.7367 0.0000 78.6950
227.4246 104.2192 86.6892 66.6732 131.1103 122.2435 136.3635 122.9349 100.4465 192.1781 34.5848 137.1106 89.3988 85.0804 156.7096 112.9697 128.7615 106.5391 136.2718 184.9105 242.0796 78.6950 0.0000
