23
0.0000 140.9215 89.8128 37.5813 139.4495 154.3465 84.5796 168.9383 78.2435 118.3135 63.2223 113.9722 105.4482 117.5826 49.5273 75.3154 83.7450 92.9156 14.8008 19.9075 85.6165 60.7951 140.2172
140.9215 0.0000 80.0721 153.9982 166.3988 145.0286 175.7394 129.7788 35.6277 124.3012 32.2004 36.2358 11.3634 83.2525 160.0542 115.3761 34.1422 127.6327 81.2329 71.1673 88.5357 41.9357 103.5182
89.8128 80.0721 0.0000 158.4366 122.1474 84.9453 96.3550 73.4827 54.8954 106.6620 62.8515 39.4471 35.1588 197.1524 219.3761 121.2263 24.8750 124.2192 47.8668 67.5437 237.1172 64.2350 29.1639
37.5813 153.9982 158.4366 0.0000 49.2017 82.4632 114.6078 104.2273 95.0088 299.9488 133.5421 161.2409 126.4536 57.6451 79.1719 47.2504 116.0808 171.0238 94.7871 40.6560 25.8286 116.0731 49.6393
139.4495 166.3988 122.1474 49.2017 0.0000 109.1296 15.4384 76.6127 79.3363 78.0209 55.8087 66.2287 106.7333 120.1253 259.3831 52.1019 169.5923 102.8025 150.8357 37.0648 75.4351 120.0018 203.4928
154.3465 145.0286 84.9453 82.4632 109.1296 0.0000 21.3805 93.8113 68.6301 123.4483 31.8271 190.6460 117.1017 108.3111 105.4401 25.0650 77.8806 40.7895 57.4189 81.2165 30.9669 14.6361 109.1019
84.5796 175.7394 96.3550 114.6078 15.4384 21.3805 0.0000 30.1430 43.3030 74.5137 104.4146 128.3840 210.7933 86.8948 59.2674 119.6998 204.2442 103.1511 122.9570 70.7947 152.8206 47.9747 61.0390
168.9383 129.7788 73.4827 104.2273 76.6127 93.8113 30.1430 0.0000 117.7748 217.1749 77.1696 181.1151 35.9648 95.0384 137.1160 77.4611 97.1681 6.0035 93.0690 165.3033 73.7333 24.3577 105.3032
78.2435 35.6277 54.8954 95.0088 79.3363 68.6301 43.3030 117.7748 0.0000 58.7904 126.1402 115.2463 95.9093 87.3267 91.1080 124.0493 179.3987 13.3191 126.3363 59.9668 164.8822 145.6977 20.0298
118.3135 124.3012 106.6620 299.9488 78.0209 123.4483 74.5137 217.1749 58.7904 0.0000 53.2196 161.5480 85.5466 58.3482 142.6554 71.4768 127.2472 73.5537 108.2340 208.5927 199.8468 112.6312 148.7231
63.2223 32.2004 62.8515 133.5421 55.8087 31.8271 104.4146 77.1696 126.1402 53.2196 0.0000 48.3705 77.7324 142.5156 38.7757 19.3650 148.4275 151.0125 159.9631 102.8402 142.6322 140.7554 22.5811
113.9722 36.2358 39.4471 161.2409 66.2287 190.6460 128.3840 181.1151 115.2463 161.5480 48.3705 0.0000 122.9980 65.3571 71.7850 153.9701 196.2607 192.3712 196.9707 198.2458 93.6052 25.0278 75.6918
105.4482 11.3634 35.1588 126.4536 106.7333 117.1017 210.7933 35.9648 95.9093 85.5466 77.7324 122.9980 0.0000 56.2371 140.0732 95.2994 5.5048 124.8207 85.9104 68.6076 109.9099 132.4026 140.6197
117.5826 83.2525 197.1524 57.6451 120.1253 108.3111 86.8948 95.0384 87.3267 58.3482 142.5156 65.3571 56.2371 0.0000 92.3217 199.9722 120.1543 141.3545 74.6901 167.9903 125.6926 118.8530 189.7149
49.5273 160.0542 219.3761 79.1719 259.3831 105.4401 59.2674 137.1160 91.1080 142.6554 38.7757 71.7850 140.0732 92.3217 0.0000 147.5104 212.5333 59.1900 27.5591 204.4678 83.4296 86.9587 99.9972
75.3154 115.3761 121.2263 47.2504 52.1019 25.0650 119.6998 77.4611 124.0493 71.4768 19.3650 153.9701 95.2994 199.9722 147.5104 0.0000 162.8503 141.2648 60.4382 72.2761 78.2973 126.1847 80.3217
83.7450 34.1422 24.8750 116.0808 169.5923 77.8806 204.2442 97.1681 179.3987 127.2472 148.4275 196.2607 5.5048 120.1543 212.5333 162.8503 0.0000 19.3989 149.4305 164.3443 64.4633 216.8466 4.0534
92.9156 127.6327 124.2192 171.0238 102.8025 40.7895 103.1511 6.0035 13.3191 73.5537 151.0125 192.3712 124.8207 141.3545 59.1900 141.2648 19.3989 0.0000 209.6415 130.6505 79.5192 25.9854 96.5022
14.8008 81.2329 47.8668 94.7871 150.8357 57.4189 122.9570 93.0690 126.3363 108.2340 159.9631 196.9707 85.9104 74.6901 27.5591 60.4382 149.4305 209.6415 0.0000 142.3472 62.0602 100.2856 164.1930
19.9075 71.1673 67.5437 40.6560 37.0648 81.2165 70.7947 165.3033 59.9668 208.5927 102.8402 198.2458 68.6076 167.9903 204.4678 72.2761 164.3443 130.6505 142.3472 0.0000 52.9781 75.6467 100.8552
85.6165 88.5357 237.1172 25.8286 75.4351 30.9669 152.8206 73.7333 164.8822 199.8468 142.6322 93.6052 109.9099 125.6926 83.4296 78.2973 64.4633 79.5192 62.0602 52.9781 0.0000 141.5311 117.0730
60.7951 41.9357 64.2350 116.0731 120.0018 14.6361 47.9747 24.3577 145.6977 112.6312 140.7554 25.0278 132.4026 118.8530 86.9587 126.1847 216.8466 25.9854 100.2856 75.6467 141.5311 0.0000 20.8745
140.2172 103.5182 29.1639 49.6393 203.4928 109.1019 61.0390 105.3032 20.0298 148.7231 22.5811 75.6918 140.6197 189.7149 99.9972 80.3217 4.0534 96.5022 164.1930 100.8552 117.0730 20.8745 0.0000
