23
0.0000 145.8089 90.2540 59.6588 164.3356 137.8943 62.5475 128.8680 133.3341 38.4093 125.8350 192.5863 158.0833 3.7050 197.7604 138.5994 101.0106 106.4512 63.1616 171.5456 173.3646 17.6865 148.0308
145.8089 0.0000 103.6216 154.4722 199.4030 74.7829 191.2495 86.0107 141.2080 152.0815 197.2538 65.1561 143.9826 62.6972 89.7027 180.7197 56.5939 122.1861 5.3455 30.9563 148.5332 30.8789 60.7715
90.2540 103.6216 0.0000 13.2363 34.5470 55.3720 123.6115 156.9160 123.9558 167.4049 116.2406 72.8327 199.7168 149.7434 21.3648 80.2683 130.3094 89.2167 89.7906 100.7110 30.3421 132.3660 71.8361
59.6588 154.4722 13.2363 0.0000 167.0624 148.1570 187.7412 155.1284 91.0724 45.3170 88.4615 131.0497 56.6725 191.1801 122.5516 189.8665 107.8525 111.2234 108.2125 131.0856 130.3834 37.2486 135.4115
164.3356 199.4030 34.5470 167.0624 0.0000 136.0304 37.2655 130.4818 209.2715 17.8045 136.4624 223.1894 104.2343 132.3954 47.6010 104.2886 44.5224 218.8222 219.9207 127.8729 145.5602 91.2127 81.0425
137.8943 74.7829 55.3720 148.1570 136.0304 0.0000 132.4002 95.4512 79.2021 78.4615 161.0774 32.5984 17.4339 125.3260 62.4216 90.9717 89.2656 128.5929 42.7678 124.8170 106.0298 59.9425 198.6641
62.5475 191.2495 123.6115 187.7412 37.2655 132.4002 0.0000 41.0705 109.0561 145.0270 134.7916 131.6049 20.6763 51.8443 129.2527 73.3199 2.1867 92.1713 158.4091 81.6483 40.1572 60.0235 109.9163
128.8680 86.0107 156.9160 155.1284 130.4818 95.4512 41.0705 0.0000 48.0185 158.6755 44.9268 120.9517 224.3153 58.8172 106.9730 215.6682 91.6603 46.8246 116.0104 189.9517 133.9221 200.6487 192.0592
133.3341 141.2080 123.9558 91.0724 209.2715 79.2021 109.0561 48.0185 0.0000 57.2028 143.3928 143.2212 14.1909 110.6658 31.3016 135.2877 103.3258 131.4018 120.0962 76.5541 16.1089 35.0330 123.0939
38.4093 152.0815 167.4049 45.3170 17.8045 78.4615 145.0270 158.6755 57.2028 0.0000 201.4037 117.3894 132.8430 76.0335 66.6059 92.9879 157.7291 169.5778 189.9266 150.8715 35.5289 91.1526 6.6471
125.8350 197.2538 116.2406 88.4615 136.4624 161.0774 134.7916 44.9268 143.3928 201.4037 0.0000 95.1955 256.4574 109.5617 83.5378 225.5373 134.7476 149.5208 23.9376 94.3223 154.1766 68.5384 133.4394
192.5863 65.1561 72.8327 131.0497 223.1894 32.5984 131.6049 120.9517 143.2212 117.3894 95.1955 0.0000 30.1634 13.8252 50.9551 35.4907 206.6690 128.7205 128.1195 107.9848 158.9082 73.5298 177.8664
158.0833 143.9826 199.7168 56.6725 104.2343 17.4339 20.6763 224.3153 14.1909 132.8430 256.4574 30.1634 0.0000 159.6599 137.8196 75.3289 219.1699 45.8561 134.4790 17.5891 73.4822 21.3201 102.3069
3.7050 62.6972 149.7434 191.1801 132.3954 125.3260 51.8443 58.8172 110.6658 76.0335 109.5617 13.8252 159.6599 0.0000 92.7992 81.6302 45.1407 30.4599 21.1575 75.2507 8.2052 10.8251 47.1160
197.7604 89.7027 21.3648 122.5516 47.6010 62.4216 129.2527 106.9730 31.3016 66.6059 83.5378 50.9551 137.8196 92.7992 0.0000 169.5170 126.4729 89.7933 72.4960 108.7103 147.8108 41.2682 135.7512
138.5994 180.7197 80.2683 189.8665 104.2886 90.9717 73.3199 215.6682 135.2877 92.9879 225.5373 35.4907 75.3289 81.6302 169.5170 0.0000 122.4549 196.6862 91.0908 136.4899 65.8006 204.7358 156.4086
101.0106 56.5939 130.3094 107.8525 44.5224 89.2656 2.1867 91.6603 103.3258 157.7291 134.7476 206.6690 219.1699 45.1407 126.4729 122.4549 0.0000 145.7605 140.1705 104.5975 109.9912 196.3815 85.8842
106.4512 122.1861 89.2167 111.2234 218.8222 128.5929 92.1713 46.8246 131.4018 169.5778 149.5208 128.7205 45.8561 30.4599 89.7933 196.6862 145.7605 0.0000 128.9879 98.3236 91.6988 130.5913 103.4589
63.1616 5.3455 89.7906 108.2125 219.9207 42.7678 158.4091 116.0104 120.0962 189.9266 23.9376 128.1195 134.4790 21.1575 72.4960 91.0908 140.1705 128.9879 0.0000 97.4574 129.4745 263.6324 102.5568
171.5456 30.9563 100.7110 131.0856 127.8729 124.8170 81.6483 189.9517 76.5541 150.8715 94.3223 107.9848 17.5891 75.2507 108.7103 136.4899 104.5975 98.3236 97.4574 0.0000 240.5925 59.8371 11.1683
173.3646 148.5332 30.3421 130.3834 145.5602 106.0298 40.1572 133.9221 16.1089 35.5289 154.1766 158.9082 73.4822 8.2052 147.8108 65.8006 109.9912 91.6988 129.4745 240.5925 0.0000 30.6221 69.6131
17.6865 30.8789 132.3660 37.2486 91.2127 59.9425 60.0235 200.6487 35.0330 91.1526 68.5384 73.5298 21.3201 10.8251 41.2682 204.7358 196.3815 130.5913 263.6324 59.8371 30.6221 0.0000 192.5139
148.0308 60.7715 71.8361 135.4115 81.0425 198.6641 109.9163 192.0592 123.0939 6.6471 133.4394 177.8664 102.3069 47.1160 135.7512 156.4086 85.8842 103.4589 102.5568 11.1683 69.6131 192.5139 0.0000
