23
0.0000 157.0868 85.6896 165.7851 51.9958 81.2715 50.9094 9.7639 118.5872 71.8492 243.0695 134.7362 73.4950 30.6088 216.0986 162.7774 174.4059 1.9994 38.2920 77.3470 62.3180 144.5611 204.9601
157.0868 0.0000 40.2476 174.6198 77.6709 163.1722 16.7570 148.7312 105.6607 84.6627 222.6343 145.9090 179.0932 232.0013 125.8765 179.1801 221.6889 91.2804 175.9705 287.0902 149.1986 102.3956 163.2126
85.6896 40.2476 0.0000 42.7220 108.2007 82.1160 82.4000 54.4792 57.1597 33.8161 46.6502 139.4321 154.2497 24.5589 147.5160 77.5853 124.7457 108.4476 250.1410 118.1047 114.3552 139.2738 89.4640
165.7851 174.6198 42.7220 0.0000 28.1795 101.2491 137.7109 114.7071 121.1248 159.9084 44.3307 79.3573 151.3199 171.6697 40.0748 125.9361 54.8731 84.1665 100.3777 48.7362 140.6545 158.5022 200.5453
51.9958 77.6709 108.2007 28.1795 0.0000 14.3414 150.8396 53.9302 151.3211 61.6543 125.6482 117.5547 59.8207 74.8509 182.0064 172.1415 6.0339 207.1611 88.5732 82.2424 125.7353 128.0460 135.0736
81.2715 163.1722 82.1160 101.2491 14.3414 0.0000 123.5365 96.3896 74.1640 217.3199 113.2245 121.9569 96.1450 108.7849 68.5143 136.8446 42.3971 73.4074 65.9828 19.8554 161.7853 127.9608 147.8117
50.9094 16.7570 82.4000 137.7109 150.8396 123.5365 0.0000 77.4693 151.6259 117.8266 148.6438 33.9608 141.8970 86.2635 80.9953 66.0171 124.2994 7.5512 35.9801 8.6438 135.2231 22.9814 133.0070
9.7639 148.7312 54.4792 114.7071 53.9302 96.3896 77.4693 0.0000 102.9435 102.0571 122.7899 196.6794 114.5010 92.2663 70.8516 42.9571 199.4670 58.7680 84.2840 96.7904 127.1919 123.7856 77.6581
118.5872 105.6607 57.1597 121.1248 151.3211 74.1640 151.6259 102.9435 0.0000 117.7574 107.8122 264.3087 190.6744 188.5519 97.0723 145.7268 128.4274 121.3756 153.5491 80.1782 149.1624 137.0403 139.7053
71.8492 84.6627 33.8161 159.9084 61.6543 217.3199 117.8266 102.0571 117.7574 0.0000 105.4787 108.3273 7.9908 93.5018 176.6381 13.4623 133.4754 1.0947 27.8385 207.3190 115.1525 47.4051 84.0500
243.0695 222.6343 46.6502 44.3307 125.6482 113.2245 148.6438 122.7899 107.8122 105.4787 0.0000 76.0322 48.6865 19.2104 38.4814 122.5392 253.8947 71.8654 93.8837 130.8601 130.8282 84.3744 166.1733
134.7362 145.9090 139.4321 79.3573 117.5547 121.9569 33.9608 196.6794 264.3087 108.3273 76.0322 0.0000 103.2734 151.4484 50.0502 200.7877 71.4858 47.7326 130.8213 35.1857 132.8720 145.4101 50.4636
73.4950 179.0932 154.2497 151.3199 59.8207 96.1450 141.8970 114.5010 190.6744 7.9908 48.6865 103.2734 0.0000 148.5881 196.1511 138.8499 63.7839 99.0107 188.2258 189.7188 155.6606 34.3723 86.2332
30.6088 232.0013 24.5589 171.6697 74.8509 108.7849 86.2635 92.2663 188.5519 93.5018 19.2104 151.4484 148.5881 0.0000 37.8490 43.7460 251.3449 146.9449 85.8996 156.8566 40.4220 70.5566 93.2503
216.0986 125.8765 147.5160 40.0748 182.0064 68.5143 80.9953 70.8516 97.0723 176.6381 38.4814 50.0502 196.1511 37.8490 0.0000 1.0385 171.4990 93.0963 90.7718 152.7752 125.0922 122.4722 13.6609
162.7774 179.1801 77.5853 125.9361 172.1415 136.8446 66.0171 42.9571 145.7268 13.4623 122.5392 200.7877 138.8499 43.7460 1.0385 0.0000 106.0787 59.5229 259.9137 62.0473 71.0763 133.7717 109.6325
174.4059 221.6889 124.7457 54.8731 6.0339 42.3971 124.2994 199.4670 128.4274 133.4754 253.8947 71.4858 63.7839 251.3449 171.4990 106.0787 0.0000 172.3708 48.3964 123.4763 159.0791 137.8764 22.7236
1.9994 91.2804 108.4476 84.1665 207.1611 73.4074 7.5512 58.7680 121.3756 1.0947 71.8654 47.7326 99.0107 146.9449 93.0963 59.5229 172.3708 0.0000 135.5950 144.4214 59.5381 69.8730 6.9942
38.2920 175.9705 250.1410 100.3777 88.5732 65.9828 35.9801 84.2840 153.5491 27.8385 93.8837 130.8213 188.2258 85.8996 90.7718 259.9137 48.3964 135.5950 0.0000 65.8641 154.5870 37.9061 26.2000
77.3470 287.0902 118.1047 48.7362 82.2424 19.8554 8.6438 96.7904 80.1782 207.3190 130.8601 35.1857 189.7188 156.8566 152.7752 62.0473 123.4763 144.4214 65.8641 0.0000 23.2797 29.3570 48.2775
62.3180 149.1986 114.3552 140.6545 125.7353 161.7853 135.2231 127.1919 149.1624 115.1525 130.8282 132.8720 155.6606 40.4220 125.0922 71.0763 159.0791 59.5381 154.5870 23.2797 0.0000 18.5611 140.8908
144.5611 102.3956 139.2738 158.5022 128.0460 127.9608 22.9814 123.7856 137.0403 47.4051 84.3744 145.4101 34.3723 70.5566 122.4722 133.7717 137.8764 69.8730 37.9061 29.3570 18.5611 0.0000 3.7485
204.9601 163.2126 89.4640 200.5453 135.0736 147.8117 133.0070 77.6581 139.7053 84.0500 166.1733 50.4636 86.2332 93.2503 13.6609 109.6325 22.7236 6.9942 26.2000 48.2775 140.8908 3.7485 0.0000
