13
0.0000 97.0372 166.7584 78.7116 66.9659 92.1504 136.1338 192.4553 58.4566 88.6167 81.9799 92.7593 194.8781
97.0372 0.0000 53.3083 166.5400 8.2480 30.8427 58.7328 121.4878 55.2837 115.2413 39.7418 179.4069 89.1742
166.7584 53.3083 0.0000 56.5084 144.8948 80.6564 170.5564 142.1793 79.5621 93.6196 100.2988 68.5062 28.8655
78.7116 166.5400 56.5084 0.0000 107.5919 132.6134 102.7396 0.3117 198.0697 42.5590 97.4426 184.5140 66.5891
66.9659 8.2480 144.8948 107.5919 0.0000 115.2473 187.0237 90.1792 97.9297 144.4618 160.8446 86.6681 98.3361
92.1504 30.8427 80.6564 132.6134 115.2473 0.0000 146.5008 129.4895 191.9398 123.8126 128.9246 138.4829 131.3056
136.1338 58.7328 170.5564 102.7396 187.0237 146.5008 0.0000 159.7768 129.8253 177.6534 129.6279 180.4754 46.1997
192.4553 121.4878 142.1793 0.3117 90.1792 129.4895 159.7768 0.0000 117.8897 25.9645 104.3025 179.8789 144.8984
58.4566 55.2837 79.5621 198.0697 97.9297 191.9398 129.8253 117.8897 0.0000 100.5007 74.2074 116.6167 145.3338
88.6167 115.2413 93.6196 42.5590 144.4618 123.8126 177.6534 25.9645 100.5007 0.0000 137.3481 61.1941 125.3860
81.9799 39.7418 100.2988 97.4426 160.8446 128.9246 129.6279 104.3025 74.2074 137.3481 0.0000 80.6551 184.5965
92.7593 179.4069 68.5062 184.5140 86.6681 138.4829 180.4754 179.8789 116.6167 61.1941 80.6551 0.0000 74.9716
194.8781 89.1742 28.8655 66.5891 98.3361 131.3056 46.1997 144.8984 145.3338 125.3860 184.5965 74.9716 0.0000
