13
0.0000 79.6123 165.3750 44.1886 122.1245 102.9658 145.3233 157.2489 97.3248 120.4880 219.7580 127.2577 189.7577
79.6123 0.0000 41.0218 114.1532 140.0776 65.6424 40.8640 23.7245 144.4657 55.8141 80.6339 134.5506 141.9657
165.3750 41.0218 0.0000 194.2665 76.6815 39.6677 107.7507 99.4361 32.5065 224.2677 85.3180 66.6164 97.5570
44.1886 114.1532 194.2665 0.0000 3.4522 234.2973 99.4622 9.5395 119.0402 151.4304 2.0197 86.4193 64.7488
122.1245 140.0776 76.6815 3.4522 0.0000 137.7752 220.2374 192.5292 118.5071 57.9996 78.3104 77.5354 168.3237
102.9658 65.6424 39.6677 234.2973 137.7752 0.0000 74.1520 178.7548 46.3108 57.9088 124.2152 106.2760 199.9554
145.3233 40.8640 107.7507 99.4622 220.2374 74.1520 0.0000 84.4167 59.0533 97.7119 136.9050 88.0197 5.9680
157.2489 23.7245 99.4361 9.5395 192.5292 178.7548 84.4167 0.0000 151.2739 109.1783 36.8035 142.0623 102.4361
97.3248 144.4657 32.5065 119.0402 118.5071 46.3108 59.0533 151.2739 0.0000 119.3473 51.7380 124.6425 35.8847
120.4880 55.8141 224.2677 151.4304 57.9996 57.9088 97.7119 109.1783 119.3473 0.0000 173.8683 102.8683 100.9103
219.7580 80.6339 85.3180 2.0197 78.3104 124.2152 136.9050 36.8035 51.7380 173.8683 0.0000 18.3415 95.8591
127.2577 134.5506 66.6164 86.4193 77.5354 106.2760 88.0197 142.0623 124.6425 102.8683 18.3415 0.0000 63.7095
189.7577 141.9657 97.5570 64.7488 168.3237 199.9554 5.9680 102.4361 35.8847 100.9103 95.8591 63.7095 0.0000
