13
0.0000 183.9519 84.2351 90.1830 104.4720 133.3272 135.9483 180.3522 200.7873 132.2700 147.3238 129.6882 81.8599
183.9519 0.0000 117.5024 35.4299 79.4230 105.4546 168.1890 135.6943 156.6383 24.1549 116.3903 182.4585 213.9600
84.2351 117.5024 0.0000 232.6932 4.1326 86.4800 95.4475 111.9694 176.5681 90.8912 105.7486 173.9240 30.9227
90.1830 35.4299 232.6932 0.0000 77.9405 118.9790 170.8725 76.4770 209.9147 89.1175 89.0060 162.3148 79.2207
104.4720 79.4230 4.1326 77.9405 0.0000 133.7826 131.5884 222.8016 50.2526 85.5169 29.4860 78.7649 5.2429
133.3272 105.4546 86.4800 118.9790 133.7826 0.0000 41.5748 57.6097 79.0596 80.7931 45.1364 63.2402 176.9394
135.9483 168.1890 95.4475 170.8725 131.5884 41.5748 0.0000 79.3822 169.8242 29.3452 114.7948 110.9315 61.4885
180.3522 135.6943 111.9694 76.4770 222.8016 57.6097 79.3822 0.0000 74.9508 138.7455 92.4931 163.7598 49.8740
200.7873 156.6383 176.5681 209.9147 50.2526 79.0596 169.8242 74.9508 0.0000 75.7451 120.1188 31.8973 2.1796
132.2700 24.1549 90.8912 89.1175 85.5169 80.7931 29.3452 138.7455 75.7451 0.0000 92.8277 144.2384 143.9771
147.3238 116.3903 105.7486 89.0060 29.4860 45.1364 114.7948 92.4931 120.1188 92.8277 0.0000 128.9735 98.9304
129.6882 182.4585 173.9240 162.3148 78.7649 63.2402 110.9315 163.7598 31.8973 144.2384 128.9735 0.0000 70.2314
81.8599 213.9600 30.9227 79.2207 5.2429 176.9394 61.4885 49.8740 2.1796 143.9771 98.9304 70.2314 0.0000
