13
0.0000 114.7060 102.3813 210.1104 86.3769 110.9109 44.9418 160.6910 106.6264 9.4313 67.3488 111.3873 152.8079
114.7060 0.0000 98.0807 77.6900 47.4506 134.7800 16.8140 75.6152 137.0073 129.4531 135.4729 171.2775 109.7445
102.3813 98.0807 0.0000 126.1951 146.8832 180.8971 88.3003 81.8947 160.8932 155.7315 37.8477 134.2893 106.0160
210.1104 77.6900 126.1951 0.0000 181.6708 115.9074 194.6406 32.4265 65.0209 94.2141 47.5550 127.4366 71.4808
86.3769 47.4506 146.8832 181.6708 0.0000 46.8513 73.3656 186.2610 54.7670 75.8570 38.9042 125.1924 27.7915
110.9109 134.7800 180.8971 115.9074 46.8513 0.0000 116.6610 25.3932 126.0744 82.8097 125.7840 63.8948 52.8082
44.9418 16.8140 88.3003 194.6406 73.3656 116.6610 0.0000 24.4373 115.7248 94.4587 191.9586 107.2208 148.5564
160.6910 75.6152 81.8947 32.4265 186.2610 25.3932 24.4373 0.0000 103.9780 146.9303 179.4233 104.8842 123.1108
106.6264 137.0073 160.8932 65.0209 54.7670 126.0744 115.7248 103.9780 0.0000 212.7911 23.4090 244.7044 171.6667
9.4313 129.4531 155.7315 94.2141 75.8570 82.8097 94.4587 146.9303 212.7911 0.0000 151.8192 78.0120 233.0603
67.3488 135.4729 37.8477 47.5550 38.9042 125.7840 191.9586 179.4233 23.4090 151.8192 0.0000 20.8906 143.6730
111.3873 171.2775 134.2893 127.4366 125.1924 63.8948 107.2208 104.8842 244.7044 78.0120 20.8906 0.0000 114.4267
152.8079 109.7445 106.0160 71.4808 27.7915 52.8082 148.5564 123.1108 171.6667 233.0603 143.6730 114.4267 0.0000
