13
0.0000 131.4556 235.8644 149.8292 213.2722 136.5830 64.3665 108.0335 101.6420 127.2221 207.8322 27.8508 70.5653
131.4556 0.0000 44.3362 146.5299 165.6639 29.9228 213.1859 54.3925 213.6459 198.7597 168.8232 34.5073 102.1494
235.8644 44.3362 0.0000 149.2223 72.6895 113.1518 106.2211 113.5868 89.4941 132.5190 62.4594 166.4875 60.2881
149.8292 146.5299 149.2223 0.0000 120.5486 145.4898 145.1743 93.4302 88.8468 70.7702 87.5123 125.0629 153.2285
213.2722 165.6639 72.6895 120.5486 0.0000 65.1054 62.1342 197.0260 108.8581 62.5975 149.1579 127.4421 130.3774
136.5830 29.9228 113.1518 145.4898 65.1054 0.0000 74.6532 105.6063 174.2486 130.6792 105.6629 10.5883 95.6026
64.3665 213.1859 106.2211 145.1743 62.1342 74.6532 0.0000 139.6683 106.3300 40.2255 107.0977 46.2489 153.6711
108.0335 54.3925 113.5868 93.4302 197.0260 105.6063 139.6683 0.0000 154.0757 87.6059 137.2040 113.6578 91.1960
101.6420 213.6459 89.4941 88.8468 108.8581 174.2486 106.3300 154.0757 0.0000 117.4976 193.0671 1.2584 121.7884
127.2221 198.7597 132.5190 70.7702 62.5975 130.6792 40.2255 87.6059 117.4976 0.0000 59.8596 46.5894 275.8265
207.8322 168.8232 62.4594 87.5123 149.1579 105.6629 107.0977 137.2040 193.0671 59.8596 0.0000 121.5523 30.7839
27.8508 34.5073 166.4875 125.0629 127.4421 10.5883 46.2489 113.6578 1.2584 46.5894 121.5523 0.0000 92.1865
70.5653 102.1494 60.2881 153.2285 130.3774 95.6026 153.6711 91.1960 121.7884 275.8265 30.7839 92.1865 0.0000
