13
0.0000 69.6876 105.2257 83.1781 128.1656 134.2403 42.8048 53.6514 116.1646 253.7529 172.6977 84.6929 110.4893
69.6876 0.0000 205.0640 193.1676 20.6607 201.3393 156.5081 193.0578 116.2405 30.0834 33.0228 211.0655 163.8821
105.2257 205.0640 0.0000 72.0018 38.5159 81.5880 67.2856 48.7062 90.3639 121.3451 59.8515 149.2329 131.1065
83.1781 193.1676 72.0018 0.0000 67.7933 116.3633 112.0782 63.9478 62.7260 186.3880 180.8668 68.2171 83.6533
128.1656 20.6607 38.5159 67.7933 0.0000 161.5874 33.0231 57.8247 11.1732 212.9095 26.4220 118.4951 225.3668
134.2403 201.3393 81.5880 116.3633 161.5874 0.0000 85.9469 211.0260 115.5487 48.4717 91.8817 126.1249 140.0273
42.8048 156.5081 67.2856 112.0782 33.0231 85.9469 0.0000 109.3701 97.3441 70.4552 116.8370 156.5617 100.4290
53.6514 193.0578 48.7062 63.9478 57.8247 211.0260 109.3701 0.0000 100.1090 228.6427 107.4216 160.9579 114.0085
116.1646 116.2405 90.3639 62.7260 11.1732 115.5487 97.3441 100.1090 0.0000 203.5204 54.5608 41.9395 159.6231
253.7529 30.0834 121.3451 186.3880 212.9095 48.4717 70.4552 228.6427 203.5204 0.0000 113.9516 12.0641 201.6698
172.6977 33.0228 59.8515 180.8668 26.4220 91.8817 116.8370 107.4216 54.5608 113.9516 0.0000 94.2406 138.0301
84.6929 211.0655 149.2329 68.2171 118.4951 126.1249 156.5617 160.9579 41.9395 12.0641 94.2406 0.0000 94.8222
110.4893 163.8821 131.1065 83.6533 225.3668 140.0273 100.4290 114.0085 159.6231 201.6698 138.0301 94.8222 0.0000
