13
0.0000 141.2098 77.6405 85.9966 187.7852 19.8113 23.3814 119.7773 85.4658 95.2013 59.1239 73.7188 64.3996
141.2098 0.0000 94.6180 31.3091 139.8358 78.0390 194.7793 209.9997 85.4444 50.3542 172.1732 110.9645 237.7232
77.6405 94.6180 0.0000 159.5864 51.1164 136.1636 114.0974 120.5035 46.2682 81.4945 82.2350 184.8459 33.2534
85.9966 31.3091 159.5864 0.0000 114.4796 158.5320 204.1274 68.5851 186.9671 147.4920 41.7401 121.2335 126.8455
187.7852 139.8358 51.1164 114.4796 0.0000 73.5725 87.7039 37.9792 148.4125 114.1403 151.9463 129.6004 21.9538
19.8113 78.0390 136.1636 158.5320 73.5725 0.0000 131.2252 72.3698 48.8840 93.0346 235.5008 193.4083 51.9429
23.3814 194.7793 114.0974 204.1274 87.7039 131.2252 0.0000 136.6526 160.7112 223.6675 53.5172 119.5239 264.9570
119.7773 209.9997 120.5035 68.5851 37.9792 72.3698 136.6526 0.0000 149.7004 93.1550 65.9559 143.1653 106.4630
85.4658 85.4444 46.2682 186.9671 148.4125 48.8840 160.7112 149.7004 0.0000 110.6254 40.9005 90.0517 121.2283
95.2013 50.3542 81.4945 147.4920 114.1403 93.0346 223.6675 93.1550 110.6254 0.0000 137.7394 136.2332 60.1446
59.1239 172.1732 82.2350 41.7401 151.9463 235.5008 53.5172 65.9559 40.9005 137.7394 0.0000 44.6639 153.1462
73.7188 110.9645 184.8459 121.2335 129.6004 193.4083 119.5239 143.1653 90.0517 136.2332 44.6639 0.0000 63.2530
64.3996 237.7232 33.2534 126.8455 21.9538 51.9429 264.9570 106.4630 121.2283 60.1446 153.1462 63.2530 0.0000
