13
0.0000 70.0353 177.0766 24.1045 130.6435 91.3053 218.2277 200.4930 99.6005 85.2010 124.2419 129.4495 61.4442
70.0353 0.0000 125.4404 103.7254 53.0165 168.4797 91.5129 126.4936 12.2755 98.7430 104.2085 133.5433 155.5474
177.0766 125.4404 0.0000 159.5149 73.1493 181.0466 160.7483 27.7034 163.8730 105.0468 90.6351 120.0593 182.8001
24.1045 103.7254 159.5149 0.0000 126.8198 183.0451 79.9388 191.6043 46.1302 92.4206 106.7340 64.2597 59.9205
130.6435 53.0165 73.1493 126.8198 0.0000 151.5972 72.4245 78.0320 139.8887 154.0238 104.3449 134.5142 104.3984
91.3053 168.4797 181.0466 183.0451 151.5972 0.0000 86.3085 26.5430 137.1468 110.0944 117.6570 134.5616 148.5247
218.2277 91.5129 160.7483 79.9388 72.4245 86.3085 0.0000 27.6926 112.6118 263.2646 91.0568 69.0558 102.4573
200.4930 126.4936 27.7034 191.6043 78.0320 26.5430 27.6926 0.0000 34.9867 214.1929 147.6306 70.8212 63.9305
99.6005 12.2755 163.8730 46.1302 139.8887 137.1468 112.6118 34.9867 0.0000 181.7404 8.4684 93.5097 174.0044
85.2010 98.7430 105.0468 92.4206 154.0238 110.0944 263.2646 214.1929 181.7404 0.0000 134.3732 85.8060 207.7932
124.2419 104.2085 90.6351 106.7340 104.3449 117.6570 91.0568 147.6306 8.4684 134.3732 0.0000 48.7357 159.8336
129.4495 133.5433 120.0593 64.2597 134.5142 134.5616 69.0558 70.8212 93.5097 85.8060 48.7357 0.0000 63.7723
61.4442 155.5474 182.8001 59.9205 104.3984 148.5247 102.4573 63.9305 174.0044 207.7932 159.8336 63.7723 0.0000
