13
0.0000 35.0674 121.0911 189.1637 167.1811 66.4524 57.9549 73.1080 128.0077 71.0777 55.7853 123.7860 108.3381
35.0674 0.0000 229.3406 28.9255 117.1172 200.1045 78.1494 40.8155 115.7900 52.7876 89.4372 159.6822 91.2031
121.0911 229.3406 0.0000 79.4487 91.3620 100.3823 86.3427 131.0428 172.5721 72.5422 135.5483 155.7970 52.0036
189.1637 28.9255 79.4487 0.0000 81.2141 127.6215 110.9632 85.7056 116.2302 63.7408 45.4169 118.3494 184.3223
167.1811 117.1172 91.3620 81.2141 0.0000 147.3528 116.0289 76.8815 140.3491 143.8035 145.2275 134.9249 122.7249
66.4524 200.1045 100.3823 127.6215 147.3528 0.0000 139.7251 74.1298 29.9055 122.8466 22.3855 80.3681 151.4092
57.9549 78.1494 86.3427 110.9632 116.0289 139.7251 0.0000 17.3767 107.3339 120.6485 31.4896 0.5560 179.9416
73.1080 40.8155 131.0428 85.7056 76.8815 74.1298 17.3767 0.0000 184.3557 81.5635 118.7750 126.5440 125.2462
128.0077 115.7900 172.5721 116.2302 140.3491 29.9055 107.3339 184.3557 0.0000 46.4499 89.1482 29.7774 126.1068
71.0777 52.7876 72.5422 63.7408 143.8035 122.8466 120.6485 81.5635 46.4499 0.0000 138.0130 217.5856 103.2770
55.7853 89.4372 135.5483 45.4169 145.2275 22.3855 31.4896 118.7750 89.1482 138.0130 0.0000 128.2449 117.3064
123.7860 159.6822 155.7970 118.3494 134.9249 80.3681 0.5560 126.5440 29.7774 217.5856 128.2449 0.0000 201.8842
108.3381 91.2031 52.0036 184.3223 122.7249 151.4092 179.9416 125.2462 126.1068 103.2770 117.3064 201.8842 0.0000
