13
0.0000 114.1181 100.1259 78.4693 168.3859 108.1135 68.4158 94.3706 6.2749 45.9801 141.3003 128.1518 46.0221
114.1181 0.0000 13.9319 60.0869 160.5654 186.6928 96.7112 151.1157 165.7099 162.2947 165.1561 144.1000 76.1205
100.1259 13.9319 0.0000 56.4543 119.4590 61.9257 185.6947 4.5801 32.5098 202.2269 117.3283 107.5093 78.3419
78.4693 60.0869 56.4543 0.0000 136.2005 158.7661 52.9186 124.3590 138.5441 126.4681 92.4428 107.1052 247.7410
168.3859 160.5654 119.4590 136.2005 0.0000 110.1965 155.1285 10.8959 224.6986 124.7856 146.5084 188.8642 197.0930
108.1135 186.6928 61.9257 158.7661 110.1965 0.0000 104.3044 108.3149 101.2665 152.2651 70.7902 14.7344 142.3862
68.4158 96.7112 185.6947 52.9186 155.1285 104.3044 0.0000 4.2481 106.6250 260.6383 45.4189 62.8612 72.0567
94.3706 151.1157 4.5801 124.3590 10.8959 108.3149 4.2481 0.0000 184.0125 189.1187 39.3955 74.5921 1.6108
6.2749 165.7099 32.5098 138.5441 224.6986 101.2665 106.6250 184.0125 0.0000 127.3723 108.5993 139.9134 61.4966
45.9801 162.2947 202.2269 126.4681 124.7856 152.2651 260.6383 189.1187 127.3723 0.0000 54.6040 102.0530 136.1010
141.3003 165.1561 117.3283 92.4428 146.5084 70.7902 45.4189 39.3955 108.5993 54.6040 0.0000 105.5637 103.1431
128.1518 144.1000 107.5093 107.1052 188.8642 14.7344 62.8612 74.5921 139.9134 102.0530 105.5637 0.0000 52.6730
46.0221 76.1205 78.3419 247.7410 197.0930 142.3862 72.0567 1.6108 61.4966 136.1010 103.1431 52.6730 0.0000
