29
0.0000 175.2607 63.0161 171.3217 127.5881 291.9349 145.9395 72.5664 165.5566 125.1299 125.9748 124.9162 111.6977 36.1672 84.8057 147.3285 125.3396 16.5504 89.6243 152.8845 68.4757 95.4020 10.6793 87.5543 162.6746 36.3717 184.1227 42.2088 119.4068
175.2607 0.0000 66.1095 159.3828 109.0729 39.3978 101.2941 149.0730 41.4630 19.0073 159.7083 137.7464 84.7296 97.8062 101.3919 190.7272 234.6789 40.7476 121.0375 66.4698 26.5057 110.9833 126.2257 79.7832 61.5344 50.8490 118.5193 138.5835 165.2109
63.0161 66.1095 0.0000 148.4931 38.7853 161.2453 102.5339 149.5550 129.1605 111.3547 54.2991 139.5539 108.3545 173.9056 170.7988 118.2513 64.2157 110.4951 131.4342 93.4555 37.4150 92.1530 126.9569 121.9885 130.4804 92.7551 103.5858 71.6157 142.4536
171.3217 159.3828 148.4931 0.0000 147.8164 186.3966 175.7413 91.5842 111.6071 19.3356 107.8588 76.3426 100.1263 243.6925 50.9091 37.6735 54.3801 35.2646 32.7584 28.6201 222.2043 110.1258 71.0247 100.1262 158.2108 78.3754 79.3384 220.9426 47.1536
127.5881 109.0729 38.7853 147.8164 0.0000 187.9006 56.2617 107.4273 228.7156 8.7042 131.6814 92.6326 149.5455 107.5855 110.6065 126.0304 87.1403 169.4144 163.2864 127.9491 196.8932 52.4823 120.5777 27.8529 179.4650 68.8444 103.2060 194.1368 68.5084
291.9349 39.3978 161.2453 186.3966 187.9006 0.0000 81.4528 93.1050 151.7163 97.2702 42.2974 11.7070 87.9718 192.4843 134.0825 204.0401 213.0356 91.5980 56.6451 47.5695 169.3256 101.4364 114.8893 43.6580 35.6006 71.8967 17.8877 145.7763 86.6755
145.9395 101.2941 102.5339 175.7413 56.2617 81.4528 0.0000 58.4957 89.8182 36.1441 14.5638 14.9722 93.3789 101.0546 71.0202 110.7789 94.9602 71.8153 105.2021 114.1595 142.3395 124.0069 154.4997 34.3609 111.1787 81.8517 112.4533 142.8943 78.7451
72.5664 149.0730 149.5550 91.5842 107.4273 93.1050 58.4957 0.0000 100.2860 92.3066 71.5879 132.7072 147.7025 103.7912 91.8643 131.7759 44.8218 134.0103 128.5132 65.0330 144.9607 179.7528 72.6461 218.3989 96.0708 40.9415 81.7776 129.8971 104.5105
165.5566 41.4630 129.1605 111.6071 228.7156 151.7163 89.8182 100.2860 0.0000 134.6813 53.4590 228.8137 39.6518 58.4439 123.6672 108.0437 204.4666 121.7174 95.1485 199.5485 184.7681 133.6906 144.0555 105.0994 161.1365 159.8220 63.1202 121.3115 12.8127
125.1299 19.0073 111.3547 19.3356 8.7042 97.2702 36.1441 92.3066 134.6813 0.0000 199.3755 142.4318 106.1960 43.5605 101.0339 128.6200 104.0668 189.6266 108.5564 51.8541 157.5786 53.1049 86.9722 62.7888 179.5845 76.7212 6.3846 127.6599 127.3264
125.9748 159.7083 54.2991 107.8588 131.6814 42.2974 14.5638 71.5879 53.4590 199.3755 0.0000 92.6461 193.1907 121.7661 100.3382 89.7535 93.8353 95.6361 169.3646 55.2633 201.4468 150.1430 141.8530 93.9211 78.5852 145.7854 111.2013 46.1702 114.3701
124.9162 137.7464 139.5539 76.3426 92.6326 11.7070 14.9722 132.7072 228.8137 142.4318 92.6461 0.0000 148.4355 132.4002 91.5213 38.0614 78.9695 112.9386 78.7743 131.7665 54.6162 88.1316 83.6354 106.1858 82.5800 110.1524 129.8791 159.0445 170.9440
111.6977 84.7296 108.3545 100.1263 149.5455 87.9718 93.3789 147.7025 39.6518 106.1960 193.1907 148.4355 0.0000 30.0029 143.5962 46.3343 84.6739 124.8369 137.5593 43.8552 149.5451 121.9691 127.5096 72.0011 10.2501 159.1653 189.2152 104.7230 59.3721
36.1672 97.8062 173.9056 243.6925 107.5855 192.4843 101.0546 103.7912 58.4439 43.5605 121.7661 132.4002 30.0029 0.0000 82.1066 100.0649 65.8187 82.7728 15.2573 41.0656 38.3520 89.1248 127.9469 130.4180 20.4102 106.9914 101.9241 56.7285 36.3142
84.8057 101.3919 170.7988 50.9091 110.6065 134.0825 71.0202 91.8643 123.6672 101.0339 100.3382 91.5213 143.5962 82.1066 0.0000 160.1568 157.8239 156.9005 95.8302 100.6262 57.5921 127.8069 165.6158 47.2946 176.0660 101.6027 143.9865 144.3626 165.9724
147.3285 190.7272 118.2513 37.6735 126.0304 204.0401 110.7789 131.7759 108.0437 128.6200 89.7535 38.0614 46.3343 100.0649 160.1568 0.0000 85.4556 202.0772 44.4671 121.4333 51.3879 60.8296 32.4508 183.2652 69.0855 39.6569 143.0036 159.3570 218.6434
125.3396 234.6789 64.2157 54.3801 87.1403 213.0356 94.9602 44.8218 204.4666 104.0668 93.8353 78.9695 84.6739 65.8187 157.8239 85.4556 0.0000 116.6561 93.1576 56.6805 33.6963 99.5711 30.0366 163.3726 33.0917 150.6811 93.1402 90.0148 147.4582
16.5504 40.7476 110.4951 35.2646 169.4144 91.5980 71.8153 134.0103 121.7174 189.6266 95.6361 112.9386 124.8369 82.7728 156.9005 202.0772 116.6561 0.0000 9.9185 81.7784 102.7466 206.4317 45.7306 33.7691 163.9134 156.8485 69.7206 108.9621 70.9982
89.6243 121.0375 131.4342 32.7584 163.2864 56.6451 105.2021 128.5132 95.1485 108.5564 169.3646 78.7743 137.5593 15.2573 95.8302 44.4671 93.1576 9.9185 0.0000 240.0025 43.7164 117.0805 231.8616 91.5550 17.1833 89.6290 164.4893 71.7717 207.4743
152.8845 66.4698 93.4555 28.6201 127.9491 47.5695 114.1595 65.0330 199.5485 51.8541 55.2633 131.7665 43.8552 41.0656 100.6262 121.4333 56.6805 81.7784 240.0025 0.0000 40.0277 135.0966 72.2707 192.4343 128.0735 163.1953 105.3869 61.7455 80.6450
68.4757 26.5057 37.4150 222.2043 196.8932 169.3256 142.3395 144.9607 184.7681 157.5786 201.4468 54.6162 149.5451 38.3520 57.5921 51.3879 33.6963 102.7466 43.7164 40.0277 0.0000 193.3273 112.1647 14.8270 83.1744 68.4066 38.7843 126.1905 86.0496
95.4020 110.9833 92.1530 110.1258 52.4823 101.4364 124.0069 179.7528 133.6906 53.1049 150.1430 88.1316 121.9691 89.1248 127.8069 60.8296 99.5711 206.4317 117.0805 135.0966 193.3273 0.0000 187.6092 120.2018 70.1995 7.9416 100.5297 0.7619 27.4124
10.6793 126.2257 126.9569 71.0247 120.5777 114.8893 154.4997 72.6461 144.0555 86.9722 141.8530 83.6354 127.5096 127.9469 165.6158 32.4508 30.0366 45.7306 231.8616 72.2707 112.1647 187.6092 0.0000 43.7460 166.9530 154.2115 11.7952 86.0905 19.7296
87.5543 79.7832 121.9885 100.1262 27.8529 43.6580 34.3609 218.3989 105.0994 62.7888 93.9211 106.1858 72.0011 130.4180 47.2946 183.2652 163.3726 33.7691 91.5550 192.4343 14.8270 120.2018 43.7460 0.0000 193.3936 7.4025 114.7850 145.9849 119.5968
162.6746 61.5344 130.4804 158.2108 179.4650 35.6006 111.1787 96.0708 161.1365 179.5845 78.5852 82.5800 10.2501 20.4102 176.0660 69.0855 33.0917 163.9134 17.1833 128.0735 83.1744 70.1995 166.9530 193.3936 0.0000 41.4763 150.1254 226.8049 27.2501
36.3717 50.8490 92.7551 78.3754 68.8444 71.8967 81.8517 40.9415 159.8220 76.7212 145.7854 110.1524 159.1653 106.9914 101.6027 39.6569 150.6811 156.8485 89.6290 163.1953 68.4066 7.9416 154.2115 7.4025 41.4763 0.0000 212.9325 117.4526 50.4857
184.1227 118.5193 103.5858 79.3384 103.2060 17.8877 112.4533 81.7776 63.1202 6.3846 111.2013 129.8791 189.2152 101.9241 143.9865 143.0036 93.1402 69.7206 164.4893 105.3869 38.7843 100.5297 11.7952 114.7850 150.1254 212.9325 0.0000 119.0983 22.4697
42.2088 138.5835 71.6157 220.9426 194.1368 145.7763 142.8943 129.8971 121.3115 127.6599 46.1702 159.0445 104.7230 56.7285 144.3626 159.3570 90.0148 108.9621 71.7717 61.7455 126.1905 0.7619 86.0905 145.9849 226.8049 117.4526 119.0983 0.0000 62.3969
119.4068 165.2109 142.4536 47.1536 68.5084 86.6755 78.7451 104.5105 12.8127 127.3264 114.3701 170.9440 59.3721 36.3142 165.9724 218.6434 147.4582 70.9982 207.4743 80.6450 86.0496 27.4124 19.7296 119.5968 27.2501 50.4857 22.4697 62.3969 0.0000
