29
0.0000 120.6402 60.5951 143.5948 81.2917 138.1213 106.8274 5.3724 24.2226 28.3775 159.5922 61.6224 79.6535 91.6432 57.1853 77.0714 31.0614 11.2014 33.6566 140.2193 101.7399 202.1262 97.2080 144.7487 102.2957 129.1404 17.0725 80.3770 130.8116
120.6402 0.0000 118.7795 22.7200 115.5614 29.5246 78.9346 123.1652 201.2129 74.1763 43.4002 226.9261 57.6514 102.8177 10.1419 40.1722 145.9048 23.6940 133.5549 40.8485 50.5092 98.3369 6.4472 134.7440 46.7715 63.9493 133.2707 187.3876 96.8863
60.5951 118.7795 0.0000 115.8121 100.2885 99.9958 162.3058 106.7012 66.8630 62.2777 45.2241 74.8965 61.8453 79.9492 95.7150 190.2443 266.9246 136.5957 61.6405 96.2749 143.1993 141.2659 112.5725 156.1598 79.6569 21.7808 4.1205 146.8047 143.7677
143.5948 22.7200 115.8121 0.0000 53.0567 90.6074 112.4833 20.6894 142.5102 70.9473 54.9110 9.5525 70.7033 105.8308 103.7127 108.0102 58.6619 72.8141 38.5330 69.0539 206.9843 92.0383 169.7273 78.7139 178.4990 116.6542 8.7966 64.8653 162.6581
81.2917 115.5614 100.2885 53.0567 0.0000 21.6097 119.2153 87.3245 155.8035 75.3543 15.6799 142.6057 153.7275 130.4260 153.6614 92.3557 172.5686 111.5463 105.9576 94.5502 103.8795 48.8954 148.7007 46.5585 135.0028 103.8779 93.9428 182.0164 98.2172
138.1213 29.5246 99.9958 90.6074 21.6097 0.0000 81.1595 216.8167 136.8434 162.9100 108.4183 69.5531 140.4909 190.4529 107.8007 150.3216 84.9199 103.5278 210.2228 97.8227 107.7328 105.0109 138.8207 40.6736 102.2963 211.1238 71.8881 44.6420 222.4538
106.8274 78.9346 162.3058 112.4833 119.2153 81.1595 0.0000 120.7291 117.6205 55.7875 67.5579 220.5061 15.6892 59.8719 78.2052 183.0831 95.9746 104.4557 104.4364 41.9765 181.5670 90.0606 146.7002 233.7262 46.6658 100.9760 41.9228 95.3630 121.7422
5.3724 123.1652 106.7012 20.6894 87.3245 216.8167 120.7291 0.0000 76.2207 80.9199 34.4494 101.8374 93.0844 13.8542 40.5749 32.3385 106.5590 112.2673 234.7286 79.9392 44.9628 71.0244 124.1143 90.9026 99.1918 121.2859 47.4515 96.6596 41.2904
24.2226 201.2129 66.8630 142.5102 155.8035 136.8434 117.6205 76.2207 0.0000 213.7888 168.6500 208.7919 103.0374 5.5767 30.6012 25.1620 113.6828 107.2274 141.8788 69.4337 98.1692 94.3220 47.3767 114.5802 210.5238 70.2177 82.6268 14.5483 96.8685
28.3775 74.1763 62.2777 70.9473 75.3543 162.9100 55.7875 80.9199 213.7888 0.0000 160.3425 73.5129 28.5101 15.1837 95.2399 40.5279 54.0241 163.9355 66.6526 52.1253 17.4711 44.9368 123.3722 117.3547 29.8695 234.0890 141.0774 152.0379 18.0109
159.5922 43.4002 45.2241 54.9110 15.6799 108.4183 67.5579 34.4494 168.6500 160.3425 0.0000 184.4170 129.8849 48.0876 114.6704 86.3822 63.4966 133.1394 188.6431 90.2883 33.1456 82.7049 3.2151 208.8925 165.0683 79.2088 192.7323 149.4128 68.7546
61.6224 226.9261 74.8965 9.5525 142.6057 69.5531 220.5061 101.8374 208.7919 73.5129 184.4170 0.0000 66.3517 58.9122 125.8905 105.7614 120.0017 115.5638 67.6974 124.2024 97.5938 83.4890 161.2908 195.4027 109.3459 133.4643 131.2523 24.3426 144.1283
79.6535 57.6514 61.8453 70.7033 153.7275 140.4909 15.6892 93.0844 103.0374 28.5101 129.8849 66.3517 0.0000 96.0208 75.4655 70.0800 105.9019 173.3257 56.8863 100.3035 140.4637 74.2054 116.9170 213.4196 48.0890 150.0767 124.4297 130.8882 105.9248
91.6432 102.8177 79.9492 105.8308 130.4260 190.4529 59.8719 13.8542 5.5767 15.1837 48.0876 58.9122 96.0208 0.0000 94.3584 202.0704 201.0910 87.1239 145.0127 43.5515 128.5897 150.8311 172.5451 131.5918 170.5194 130.0735 1.9132 75.7635 160.5345
57.1853 10.1419 95.7150 103.7127 153.6614 107.8007 78.2052 40.5749 30.6012 95.2399 114.6704 125.8905 75.4655 94.3584 0.0000 102.4372 9.6177 110.9677 57.2644 78.3074 106.5458 137.3319 28.7277 105.4394 122.5099 127.1637 96.2309 28.5115 83.0026
77.0714 40.1722 190.2443 108.0102 92.3557 150.3216 183.0831 32.3385 25.1620 40.5279 86.3822 105.7614 70.0800 202.0704 102.4372 0.0000 118.8029 57.4583 92.7692 83.0722 94.7793 36.3199 98.5666 165.0832 77.3987 73.2958 134.2205 296.0343 43.0779
31.0614 145.9048 266.9246 58.6619 172.5686 84.9199 95.9746 106.5590 113.6828 54.0241 63.4966 120.0017 105.9019 201.0910 9.6177 118.8029 0.0000 96.7641 83.2021 102.9267 129.5772 141.6870 186.8157 75.3175 184.1319 105.1479 123.4523 76.8839 155.1772
11.2014 23.6940 136.5957 72.8141 111.5463 103.5278 104.4557 112.2673 107.2274 163.9355 133.1394 115.5638 173.3257 87.1239 110.9677 57.4583 96.7641 0.0000 111.6610 161.5834 138.4524 131.1116 219.6044 28.3229 97.7648 182.1022 115.8526 36.1552 127.3874
33.6566 133.5549 61.6405 38.5330 105.9576 210.2228 104.4364 234.7286 141.8788 66.6526 188.6431 67.6974 56.8863 145.0127 57.2644 92.7692 83.2021 111.6610 0.0000 132.6925 25.8252 131.2096 103.1795 100.2864 96.0688 115.3823 89.6178 119.3815 141.8803
140.2193 40.8485 96.2749 69.0539 94.5502 97.8227 41.9765 79.9392 69.4337 52.1253 90.2883 124.2024 100.3035 43.5515 78.3074 83.0722 102.9267 161.5834 132.6925 0.0000 237.0539 40.3273 140.5180 34.8045 39.4097 137.4642 65.4092 85.0991 178.1708
101.7399 50.5092 143.1993 206.9843 103.8795 107.7328 181.5670 44.9628 98.1692 17.4711 33.1456 97.5938 140.4637 128.5897 106.5458 94.7793 129.5772 138.4524 25.8252 237.0539 0.0000 78.0374 229.6261 73.7106 86.4692 55.6643 141.5326 31.1325 125.1095
202.1262 98.3369 141.2659 92.0383 48.8954 105.0109 90.0606 71.0244 94.3220 44.9368 82.7049 83.4890 74.2054 150.8311 137.3319 36.3199 141.6870 131.1116 131.2096 40.3273 78.0374 0.0000 76.9329 157.6154 69.2307 154.7794 123.2378 53.2697 168.6633
97.2080 6.4472 112.5725 169.7273 148.7007 138.8207 146.7002 124.1143 47.3767 123.3722 3.2151 161.2908 116.9170 172.5451 28.7277 98.5666 186.8157 219.6044 103.1795 140.5180 229.6261 76.9329 0.0000 122.6947 135.3695 137.7822 26.7601 143.3238 105.3404
144.7487 134.7440 156.1598 78.7139 46.5585 40.6736 233.7262 90.9026 114.5802 117.3547 208.8925 195.4027 213.4196 131.5918 105.4394 165.0832 75.3175 28.3229 100.2864 34.8045 73.7106 157.6154 122.6947 0.0000 82.4192 221.4146 102.6141 11.9344 111.4736
102.2957 46.7715 79.6569 178.4990 135.0028 102.2963 46.6658 99.1918 210.5238 29.8695 165.0683 109.3459 48.0890 170.5194 122.5099 77.3987 184.1319 97.7648 96.0688 39.4097 86.4692 69.2307 135.3695 82.4192 0.0000 89.1007 99.6746 63.3150 50.8924
129.1404 63.9493 21.7808 116.6542 103.8779 211.1238 100.9760 121.2859 70.2177 234.0890 79.2088 133.4643 150.0767 130.0735 127.1637 73.2958 105.1479 182.1022 115.3823 137.4642 55.6643 154.7794 137.7822 221.4146 89.1007 0.0000 110.3048 159.0240 311.4487
17.0725 133.2707 4.1205 8.7966 93.9428 71.8881 41.9228 47.4515 82.6268 141.0774 192.7323 131.2523 124.4297 1.9132 96.2309 134.2205 123.4523 115.8526 89.6178 65.4092 141.5326 123.2378 26.7601 102.6141 99.6746 110.3048 0.0000 171.1521 150.5860
80.3770 187.3876 146.8047 64.8653 182.0164 44.6420 95.3630 96.6596 14.5483 152.0379 149.4128 24.3426 130.8882 75.7635 28.5115 296.0343 76.8839 36.1552 119.3815 85.0991 31.1325 53.2697 143.3238 11.9344 63.3150 159.0240 171.1521 0.0000 135.6163
130.8116 96.8863 143.7677 162.6581 98.2172 222.4538 121.7422 41.2904 96.8685 18.0109 68.7546 144.1283 105.9248 160.5345 83.0026 43.0779 155.1772 127.3874 141.8803 178.1708 125.1095 168.6633 105.3404 111.4736 50.8924 311.4487 150.5860 135.6163 0.0000
