29
0.0000 157.3986 81.5260 233.4696 10.8009 161.6698 24.8997 60.4443 166.8168 105.1365 123.8923 89.4086 177.0612 129.6016 141.2890 146.3218 51.9302 43.4945 147.0854 50.0571 167.8171 89.9201 117.9983 60.9360 18.1363 131.3644 109.1597 162.1829 54.1822
157.3986 0.0000 76.5669 76.2881 129.8469 37.3945 139.2974 19.6209 108.6975 142.1801 31.5373 173.1878 17.1291 99.4474 62.3497 121.0314 142.9441 110.6901 143.8320 82.2107 150.4592 34.9538 53.3316 96.0002 92.6524 117.5401 142.2906 119.7733 196.0991
81.5260 76.5669 0.0000 69.5178 176.9879 139.6133 128.4533 112.9459 95.6945 98.4910 89.2697 103.1886 197.0406 83.4496 70.3757 90.1698 121.2525 29.6724 82.6234 89.6052 26.8434 62.6610 158.5902 157.2177 57.6801 130.6476 78.8656 131.7955 136.9188
233.4696 76.2881 69.5178 0.0000 103.0436 100.7566 176.0091 81.5462 20.3362 24.7568 62.5142 5.7647 162.8829 147.9477 123.2993 68.8907 157.3351 46.0162 119.8137 119.2867 80.8291 22.1655 106.2508 150.6207 94.4232 141.4380 143.7022 173.3024 140.2423
10.8009 129.8469 176.9879 103.0436 0.0000 183.8196 154.9311 67.8755 215.4795 120.0906 134.4986 205.7385 23.8836 67.8558 135.8505 72.8161 76.8160 101.9170 54.1415 79.9973 59.4041 148.0675 147.2380 73.3816 87.0048 131.3102 21.9930 104.9680 86.1506
161.6698 37.3945 139.6133 100.7566 183.8196 0.0000 17.8999 185.2602 104.4735 139.5050 149.4606 38.7855 25.8505 93.1539 27.7714 107.0799 179.4886 125.5888 237.4273 111.9477 7.0888 5.6103 118.4791 158.8105 104.6616 142.8033 117.6146 84.9365 99.9600
24.8997 139.2974 128.4533 176.0091 154.9311 17.8999 0.0000 78.4719 116.0792 223.5517 174.0817 62.5723 62.1456 123.9301 80.3364 227.4471 92.4686 115.0561 56.1100 213.0181 34.4593 93.4639 110.8083 77.3840 14.3971 118.6697 121.5132 102.3057 135.4177
60.4443 19.6209 112.9459 81.5462 67.8755 185.2602 78.4719 0.0000 94.3979 193.5385 178.3514 83.3653 136.3007 144.7997 141.9780 69.2756 69.1255 26.1939 65.1459 148.7654 122.6786 51.9146 166.7338 5.1619 69.4924 123.5184 2.6714 111.2005 65.8156
166.8168 108.6975 95.6945 20.3362 215.4795 104.4735 116.0792 94.3979 0.0000 158.9896 103.9942 113.8697 200.0805 113.7040 69.4670 193.9775 46.8281 118.4583 46.8608 107.3070 21.7913 100.5190 128.8423 67.4821 212.1829 197.6433 87.2076 154.8043 74.1535
105.1365 142.1801 98.4910 24.7568 120.0906 139.5050 223.5517 193.5385 158.9896 0.0000 136.3285 136.7707 118.7352 199.7049 119.0071 115.9298 107.5922 117.9619 116.0627 83.9161 201.1085 60.5275 61.6336 6.4379 219.0561 68.9252 146.1273 180.9912 149.8536
123.8923 31.5373 89.2697 62.5142 134.4986 149.4606 174.0817 178.3514 103.9942 136.3285 0.0000 58.2995 106.4268 85.8939 66.0628 99.0478 116.0883 96.9306 154.7962 211.0762 29.1003 198.4832 135.6439 92.5193 125.3531 57.6278 141.2970 69.4391 62.9074
89.4086 173.1878 103.1886 5.7647 205.7385 38.7855 62.5723 83.3653 113.8697 136.7707 58.2995 0.0000 46.8089 98.8807 72.3608 178.3807 14.4563 211.9766 138.2820 44.5185 79.5352 163.1350 154.9131 104.1821 125.2359 29.8852 88.4140 147.7940 175.0753
177.0612 17.1291 197.0406 162.8829 23.8836 25.8505 62.1456 136.3007 200.0805 118.7352 106.4268 46.8089 0.0000 158.2108 72.6317 127.7185 53.8348 107.7601 144.8649 39.3608 83.2711 114.8585 13.8910 93.6785 54.6544 98.4052 130.9038 131.4625 61.0794
129.6016 99.4474 83.4496 147.9477 67.8558 93.1539 123.9301 144.7997 113.7040 199.7049 85.8939 98.8807 158.2108 0.0000 71.0697 35.8358 172.0194 176.7821 51.8777 1.3348 92.7244 72.8399 203.9685 129.7050 58.4944 110.8154 153.0324 51.6468 14.4521
141.2890 62.3497 70.3757 123.2993 135.8505 27.7714 80.3364 141.9780 69.4670 119.0071 66.0628 72.3608 72.6317 71.0697 0.0000 70.8484 145.8431 158.4170 187.0323 160.6547 134.7996 9.8370 76.1720 59.3013 202.9079 109.4730 94.3953 0.1515 67.4759
146.3218 121.0314 90.1698 68.8907 72.8161 107.0799 227.4471 69.2756 193.9775 115.9298 99.0478 178.3807 127.7185 35.8358 70.8484 0.0000 198.3600 198.8016 134.9036 82.2030 48.2232 153.8958 157.3229 32.1663 167.2729 165.5345 179.2809 7.2779 79.1259
51.9302 142.9441 121.2525 157.3351 76.8160 179.4886 92.4686 69.1255 46.8281 107.5922 116.0883 14.4563 53.8348 172.0194 145.8431 198.3600 0.0000 169.5359 11.4678 31.2340 16.6625 93.7726 216.2455 192.0318 70.1409 146.0869 187.0029 117.5363 66.5483
43.4945 110.6901 29.6724 46.0162 101.9170 125.5888 115.0561 26.1939 118.4583 117.9619 96.9306 211.9766 107.7601 176.7821 158.4170 198.8016 169.5359 0.0000 23.3644 118.1616 29.0115 112.6077 129.6519 70.6211 163.8910 168.8360 69.9551 50.8266 48.4825
147.0854 143.8320 82.6234 119.8137 54.1415 237.4273 56.1100 65.1459 46.8608 116.0627 154.7962 138.2820 144.8649 51.8777 187.0323 134.9036 11.4678 23.3644 0.0000 85.0743 116.1132 105.0579 126.2880 44.9740 100.4276 55.5631 123.0106 151.9964 111.7560
50.0571 82.2107 89.6052 119.2867 79.9973 111.9477 213.0181 148.7654 107.3070 83.9161 211.0762 44.5185 39.3608 1.3348 160.6547 82.2030 31.2340 118.1616 85.0743 0.0000 68.0283 129.0627 166.5486 147.3001 175.7642 113.8117 107.3082 126.5176 150.0081
167.8171 150.4592 26.8434 80.8291 59.4041 7.0888 34.4593 122.6786 21.7913 201.1085 29.1003 79.5352 83.2711 92.7244 134.7996 48.2232 16.6625 29.0115 116.1132 68.0283 0.0000 181.5207 72.5804 67.7756 61.2353 24.2708 167.5434 90.3145 52.4475
89.9201 34.9538 62.6610 22.1655 148.0675 5.6103 93.4639 51.9146 100.5190 60.5275 198.4832 163.1350 114.8585 72.8399 9.8370 153.8958 93.7726 112.6077 105.0579 129.0627 181.5207 0.0000 175.6604 183.5444 219.1642 73.0993 52.0709 173.9402 42.1865
117.9983 53.3316 158.5902 106.2508 147.2380 118.4791 110.8083 166.7338 128.8423 61.6336 135.6439 154.9131 13.8910 203.9685 76.1720 157.3229 216.2455 129.6519 126.2880 166.5486 72.5804 175.6604 0.0000 30.8442 88.3321 19.6340 77.1275 181.9180 42.0905
60.9360 96.0002 157.2177 150.6207 73.3816 158.8105 77.3840 5.1619 67.4821 6.4379 92.5193 104.1821 93.6785 129.7050 59.3013 32.1663 192.0318 70.6211 44.9740 147.3001 67.7756 183.5444 30.8442 0.0000 56.2558 64.9618 165.2209 109.6692 166.3614
18.1363 92.6524 57.6801 94.4232 87.0048 104.6616 14.3971 69.4924 212.1829 219.0561 125.3531 125.2359 54.6544 58.4944 202.9079 167.2729 70.1409 163.8910 100.4276 175.7642 61.2353 219.1642 88.3321 56.2558 0.0000 159.9248 89.1493 68.3721 78.1799
131.3644 117.5401 130.6476 141.4380 131.3102 142.8033 118.6697 123.5184 197.6433 68.9252 57.6278 29.8852 98.4052 110.8154 109.4730 165.5345 146.0869 168.8360 55.5631 113.8117 24.2708 73.0993 19.6340 64.9618 159.9248 0.0000 104.9431 147.3693 144.5974
109.1597 142.2906 78.8656 143.7022 21.9930 117.6146 121.5132 2.6714 87.2076 146.1273 141.2970 88.4140 130.9038 153.0324 94.3953 179.2809 187.0029 69.9551 123.0106 107.3082 167.5434 52.0709 77.1275 165.2209 89.1493 104.9431 0.0000 26.8413 80.2758
162.1829 119.7733 131.7955 173.3024 104.9680 84.9365 102.3057 111.2005 154.8043 180.9912 69.4391 147.7940 131.4625 51.6468 0.1515 7.2779 117.5363 50.8266 151.9964 126.5176 90.3145 173.9402 181.9180 109.6692 68.3721 147.3693 26.8413 0.0000 134.5964
54.1822 196.0991 136.9188 140.2423 86.1506 99.9600 135.4177 65.8156 74.1535 149.8536 62.9074 175.0753 61.0794 14.4521 67.4759 79.1259 66.5483 48.4825 111.7560 150.0081 52.4475 42.1865 42.0905 166.3614 78.1799 144.5974 80.2758 134.5964 0.0000
