29
0.0000 107.8486 43.9462 76.6097 125.4125 63.5303 147.2557 129.0723 113.0796 85.8207 228.0571 49.3170 228.8348 91.2013 35.7278 62.9353 111.6232 4.7490 209.1055 124.1868 46.7962 9.7000 166.9553 48.5666 82.9324 183.8412 124.3546 100.6137 126.5548
107.8486 0.0000 204.4690 7.2421 88.6077 36.1364 113.0973 101.6632 235.2301 99.6281 127.5575 116.9526 181.0449 89.9492 160.8079 81.7438 64.4439 98.9362 79.7275 108.2865 60.3721 81.4739 96.9341 66.1393 70.7876 87.1141 145.4991 111.9801 121.2547
43.9462 204.4690 0.0000 106.0430 158.6773 24.3000 163.5185 98.4244 205.6442 68.9518 129.1013 69.6036 237.7938 59.6666 131.8627 131.0804 128.5648 105.6836 63.8971 137.8417 131.0505 44.3584 134.4176 101.4659 179.7874 10.8561 30.8731 91.6034 104.4741
76.6097 7.2421 106.0430 0.0000 46.1259 27.8134 77.8051 83.6195 168.9261 134.0686 28.1554 108.1793 110.5688 74.9935 125.3285 153.8783 184.1371 53.2100 52.4499 39.8709 9.9092 133.6305 121.3963 62.2483 119.2913 82.3406 115.6054 180.4468 160.1080
125.4125 88.6077 158.6773 46.1259 0.0000 131.2502 186.8176 44.5686 113.9505 22.8270 63.2357 25.3179 84.0807 155.8393 91.5253 133.9544 50.3334 14.8722 43.4541 91.0057 81.1887 16.8893 88.4255 165.6835 91.9684 73.5207 181.5031 135.0911 132.8558
63.5303 36.1364 24.3000 27.8134 131.2502 0.0000 136.5680 99.5493 59.4036 33.5788 96.1896 173.2633 88.0174 20.6459 118.8191 130.1618 77.8583 153.7734 140.9553 232.9998 132.5889 34.6764 73.0297 65.5753 86.1673 13.2981 100.4914 124.2144 54.3698
147.2557 113.0973 163.5185 77.8051 186.8176 136.5680 0.0000 109.9317 57.0306 17.9674 116.0338 94.0611 211.0855 151.2665 139.5500 41.0366 174.8196 64.4463 108.9381 103.8580 39.8321 135.3880 82.6946 114.5848 62.6596 112.3883 46.9016 111.2689 192.0471
129.0723 101.6632 98.4244 83.6195 44.5686 99.5493 109.9317 0.0000 161.0379 75.4116 249.3852 94.8843 116.4575 135.6649 225.2049 91.9924 103.7121 214.2333 119.8297 157.5940 187.4592 50.8102 111.6882 153.9962 4.8156 90.1587 200.1572 64.2040 32.1862
113.0796 235.2301 205.6442 168.9261 113.9505 59.4036 57.0306 161.0379 0.0000 97.2811 96.5505 77.5447 50.8742 99.8370 112.5675 118.5716 67.8832 114.7751 219.6287 154.8354 75.0392 47.2831 59.2891 116.3083 36.2954 47.9311 44.0671 19.1638 26.9771
85.8207 99.6281 68.9518 134.0686 22.8270 33.5788 17.9674 75.4116 97.2811 0.0000 97.6497 77.7292 68.4108 56.4084 120.7276 53.5009 172.2698 175.0301 153.9613 27.4670 51.2395 135.5742 92.1000 72.0287 94.7085 4.1541 101.6913 102.4367 69.2547
228.0571 127.5575 129.1013 28.1554 63.2357 96.1896 116.0338 249.3852 96.5505 97.6497 0.0000 95.6673 125.6370 95.1394 125.4135 142.3110 79.6524 78.8662 140.2092 23.2998 183.7530 131.4155 126.0122 106.7974 44.1508 133.6351 143.2767 119.6766 176.0754
49.3170 116.9526 69.6036 108.1793 25.3179 173.2633 94.0611 94.8843 77.5447 77.7292 95.6673 0.0000 45.7670 140.7014 10.1168 40.3643 6.0815 173.6240 67.1593 1.2891 31.5204 70.5552 105.7282 79.0777 104.5202 70.1927 3.8851 144.8712 146.9826
228.8348 181.0449 237.7938 110.5688 84.0807 88.0174 211.0855 116.4575 50.8742 68.4108 125.6370 45.7670 0.0000 129.0770 54.4160 210.1581 148.1420 207.9083 249.2812 42.5025 57.3212 155.1254 30.5297 50.5076 33.9228 149.4328 66.5268 156.7409 143.0618
91.2013 89.9492 59.6666 74.9935 155.8393 20.6459 151.2665 135.6649 99.8370 56.4084 95.1394 140.7014 129.0770 0.0000 167.0434 28.8911 49.3840 127.1546 126.2212 157.9011 97.3925 180.8445 77.5969 98.6526 232.6608 191.7426 79.5121 75.9945 179.1852
35.7278 160.8079 131.8627 125.3285 91.5253 118.8191 139.5500 225.2049 112.5675 120.7276 125.4135 10.1168 54.4160 167.0434 0.0000 54.2811 67.7716 119.4717 108.9042 37.0212 203.2302 184.1220 198.1205 75.6796 54.5852 46.7994 1.6258 155.6386 131.9103
62.9353 81.7438 131.0804 153.8783 133.9544 130.1618 41.0366 91.9924 118.5716 53.5009 142.3110 40.3643 210.1581 28.8911 54.2811 0.0000 86.2552 131.7035 101.5224 53.7413 110.7426 83.2046 108.2882 179.1828 137.5691 237.2577 218.3440 81.1573 74.4325
111.6232 64.4439 128.5648 184.1371 50.3334 77.8583 174.8196 103.7121 67.8832 172.2698 79.6524 6.0815 148.1420 49.3840 67.7716 86.2552 0.0000 12.0179 75.2892 125.3780 39.4584 29.9179 205.2041 58.9210 48.9627 267.4493 116.1758 116.4127 123.8170
4.7490 98.9362 105.6836 53.2100 14.8722 153.7734 64.4463 214.2333 114.7751 175.0301 78.8662 173.6240 207.9083 127.1546 119.4717 131.7035 12.0179 0.0000 165.8574 104.2321 103.3261 30.3348 118.9880 80.0261 84.1841 54.3537 60.4753 34.8126 36.9910
209.1055 79.7275 63.8971 52.4499 43.4541 140.9553 108.9381 119.8297 219.6287 153.9613 140.2092 67.1593 249.2812 126.2212 108.9042 101.5224 75.2892 165.8574 0.0000 101.4279 70.5736 79.9652 130.8319 50.9932 174.4841 63.3883 180.0534 111.0121 85.5096
124.1868 108.2865 137.8417 39.8709 91.0057 232.9998 103.8580 157.5940 154.8354 27.4670 23.2998 1.2891 42.5025 157.9011 37.0212 53.7413 125.3780 104.2321 101.4279 0.0000 167.8572 124.2139 87.8314 136.9351 86.3988 74.2342 116.9590 100.5384 107.8128
46.7962 60.3721 131.0505 9.9092 81.1887 132.5889 39.8321 187.4592 75.0392 51.2395 183.7530 31.5204 57.3212 97.3925 203.2302 110.7426 39.4584 103.3261 70.5736 167.8572 0.0000 179.9816 104.9991 78.0615 83.0716 24.8263 89.0675 124.6726 80.8137
9.7000 81.4739 44.3584 133.6305 16.8893 34.6764 135.3880 50.8102 47.2831 135.5742 131.4155 70.5552 155.1254 180.8445 184.1220 83.2046 29.9179 30.3348 79.9652 124.2139 179.9816 0.0000 61.1466 133.2461 54.5277 115.4191 49.5984 48.0360 194.4179
166.9553 96.9341 134.4176 121.3963 88.4255 73.0297 82.6946 111.6882 59.2891 92.1000 126.0122 105.7282 30.5297 77.5969 198.1205 108.2882 205.2041 118.9880 130.8319 87.8314 104.9991 61.1466 0.0000 47.5050 50.0323 56.3797 153.5505 13.2115 170.3715
48.5666 66.1393 101.4659 62.2483 165.6835 65.5753 114.5848 153.9962 116.3083 72.0287 106.7974 79.0777 50.5076 98.6526 75.6796 179.1828 58.9210 80.0261 50.9932 136.9351 78.0615 133.2461 47.5050 0.0000 60.2294 123.0270 91.3118 34.5652 260.8325
82.9324 70.7876 179.7874 119.2913 91.9684 86.1673 62.6596 4.8156 36.2954 94.7085 44.1508 104.5202 33.9228 232.6608 54.5852 137.5691 48.9627 84.1841 174.4841 86.3988 83.0716 54.5277 50.0323 60.2294 0.0000 134.9024 144.3698 97.9515 95.8531
183.8412 87.1141 10.8561 82.3406 73.5207 13.2981 112.3883 90.1587 47.9311 4.1541 133.6351 70.1927 149.4328 191.7426 46.7994 237.2577 267.4493 54.3537 63.3883 74.2342 24.8263 115.4191 56.3797 123.0270 134.9024 0.0000 92.9254 54.8604 67.7259
124.3546 145.4991 30.8731 115.6054 181.5031 100.4914 46.9016 200.1572 44.0671 101.6913 143.2767 3.8851 66.5268 79.5121 1.6258 218.3440 116.1758 60.4753 180.0534 116.9590 89.0675 49.5984 153.5505 91.3118 144.3698 92.9254 0.0000 155.5145 17.6357
100.6137 111.9801 91.6034 180.4468 135.0911 124.2144 111.2689 64.2040 19.1638 102.4367 119.6766 144.8712 156.7409 75.9945 155.6386 81.1573 116.4127 34.8126 111.0121 100.5384 124.6726 48.0360 13.2115 34.5652 97.9515 54.8604 155.5145 0.0000 0.4169
126.5548 121.2547 104.4741 160.1080 132.8558 54.3698 192.0471 32.1862 26.9771 69.2547 176.0754 146.9826 143.0618 179.1852 131.9103 74.4325 123.8170 36.9910 85.5096 107.8128 80.8137 194.4179 170.3715 260.8325 95.8531 67.7259 17.6357 0.4169 0.0000
