29
0.0000 98.0178 166.8414 67.3731 69.7658 1.0541 109.2030 224.0788 262.7009 92.0079 42.6983 97.7742 144.6934 114.2801 139.2531 115.3284 84.7122 105.8651 124.5532 100.7040 140.1139 189.6633 6.0622 84.5056 206.1142 106.5279 78.2787 81.8166 138.3807
98.0178 0.0000 129.2273 72.1568 128.3790 118.8439 49.4471 78.8955 83.7518 144.0937 104.3089 94.9051 93.9880 180.4341 77.6849 223.4686 55.3707 46.5645 6.3006 103.9310 150.2300 217.4120 159.7136 91.0117 22.4895 142.0184 219.2813 122.0534 41.1231
166.8414 129.2273 0.0000 65.9644 113.7735 126.1277 30.1825 89.0190 124.5836 34.0020 80.4853 196.6132 104.5244 110.4466 231.8774 114.7986 154.6039 156.5804 194.0294 130.5931 39.9271 102.9074 170.4592 171.8103 217.5325 147.9102 113.8272 89.4076 154.8253
67.3731 72.1568 65.9644 0.0000 143.2269 84.4769 81.0383 33.0064 172.2114 82.6023 161.6615 3.7370 79.7102 117.9954 57.6445 95.2756 125.3693 97.4395 98.5720 178.3616 60.5466 103.5386 8.9682 108.4892 55.3884 153.3540 92.4810 108.4016 104.7372
69.7658 128.3790 113.7735 143.2269 0.0000 39.1944 201.0288 27.0880 82.9631 83.4187 85.1286 171.6248 133.9514 46.0727 233.7209 155.7370 81.8545 64.1550 88.8295 65.8603 85.8471 62.1410 1.5482 167.0079 135.4504 73.8199 157.0509 129.0162 78.1679
1.0541 118.8439 126.1277 84.4769 39.1944 0.0000 70.8059 137.2002 44.5753 130.3138 144.4846 165.3435 156.0742 106.2401 103.0862 143.3114 78.5667 170.6485 39.8303 96.9157 164.2397 38.9318 112.9652 145.7730 71.4664 87.9685 143.1109 156.5101 94.9559
109.2030 49.4471 30.1825 81.0383 201.0288 70.8059 0.0000 155.0315 64.0029 175.4760 116.4550 124.6447 38.0130 175.2784 151.1014 92.7897 88.2256 199.0761 151.3985 70.3107 12.6730 159.3121 110.1711 169.9999 93.2141 63.5918 91.2315 20.8000 101.5382
224.0788 78.8955 89.0190 33.0064 27.0880 137.2002 155.0315 0.0000 5.8009 146.9166 204.6550 41.2746 121.6116 192.3115 217.2700 141.5973 170.0369 182.3075 69.9976 149.4627 150.2716 74.9541 127.5161 149.1672 215.5119 101.4431 48.9085 90.0739 66.8339
262.7009 83.7518 124.5836 172.2114 82.9631 44.5753 64.0029 5.8009 0.0000 22.7436 131.2413 64.4961 65.0885 87.2553 124.9754 127.9996 101.3691 47.0831 77.3573 254.0492 60.2894 119.7732 184.7818 95.6636 150.2023 62.7946 99.7655 104.4986 79.3613
92.0079 144.0937 34.0020 82.6023 83.4187 130.3138 175.4760 146.9166 22.7436 0.0000 143.0077 187.3010 214.6188 65.1384 97.1835 34.3883 49.9314 55.1490 77.1203 68.1985 95.9254 52.7786 23.6403 184.2279 57.7328 114.1534 51.2979 136.5161 83.8028
42.6983 104.3089 80.4853 161.6615 85.1286 144.4846 116.4550 204.6550 131.2413 143.0077 0.0000 104.3951 46.2199 108.1279 120.5362 78.7078 46.7370 77.5313 95.2514 223.4452 148.7648 93.7755 139.9690 139.0081 20.8213 98.0141 17.8353 181.8545 52.5832
97.7742 94.9051 196.6132 3.7370 171.6248 165.3435 124.6447 41.2746 64.4961 187.3010 104.3951 0.0000 113.9027 153.8560 110.6906 103.5062 122.3378 110.8735 140.4849 188.6945 18.0812 83.4270 122.9659 139.0870 57.3147 45.6144 130.4539 149.0689 132.5896
144.6934 93.9880 104.5244 79.7102 133.9514 156.0742 38.0130 121.6116 65.0885 214.6188 46.2199 113.9027 0.0000 117.6818 94.6202 38.4240 50.1259 117.1368 74.8295 57.7019 117.7581 158.1607 45.5910 105.5692 54.4320 88.0868 138.0861 73.0211 172.6990
114.2801 180.4341 110.4466 117.9954 46.0727 106.2401 175.2784 192.3115 87.2553 65.1384 108.1279 153.8560 117.6818 0.0000 119.5037 163.0618 113.2562 70.2220 27.5059 9.3645 60.6467 128.3880 170.8196 90.2063 98.0640 77.5403 95.1675 97.1764 55.9179
139.2531 77.6849 231.8774 57.6445 233.7209 103.0862 151.1014 217.2700 124.9754 97.1835 120.5362 110.6906 94.6202 119.5037 0.0000 20.8455 101.1714 229.3323 48.7423 96.8513 105.7037 116.7751 78.1932 158.0891 113.9401 75.4355 108.7844 116.9144 166.2479
115.3284 223.4686 114.7986 95.2756 155.7370 143.3114 92.7897 141.5973 127.9996 34.3883 78.7078 103.5062 38.4240 163.0618 20.8455 0.0000 170.9953 88.6845 110.9497 54.6790 189.5668 26.7215 213.8187 48.0815 152.6439 71.8013 24.3183 26.6926 131.4260
84.7122 55.3707 154.6039 125.3693 81.8545 78.5667 88.2256 170.0369 101.3691 49.9314 46.7370 122.3378 50.1259 113.2562 101.1714 170.9953 0.0000 176.9279 98.9055 153.5142 164.9160 183.5062 51.8311 112.8509 149.7912 136.0987 148.4002 72.3394 34.9554
105.8651 46.5645 156.5804 97.4395 64.1550 170.6485 199.0761 182.3075 47.0831 55.1490 77.5313 110.8735 117.1368 70.2220 229.3323 88.6845 176.9279 0.0000 57.6215 96.1516 156.0342 62.5408 142.0698 137.0244 140.3730 96.7449 53.9864 87.2810 116.5965
124.5532 6.3006 194.0294 98.5720 88.8295 39.8303 151.3985 69.9976 77.3573 77.1203 95.2514 140.4849 74.8295 27.5059 48.7423 110.9497 98.9055 57.6215 0.0000 137.9681 72.9466 145.5138 52.6032 207.3277 80.0986 46.7652 237.6159 156.1761 30.1972
100.7040 103.9310 130.5931 178.3616 65.8603 96.9157 70.3107 149.4627 254.0492 68.1985 223.4452 188.6945 57.7019 9.3645 96.8513 54.6790 153.5142 96.1516 137.9681 0.0000 105.2979 94.1497 73.1678 12.3486 50.3303 73.7494 71.7497 55.6791 62.8884
140.1139 150.2300 39.9271 60.5466 85.8471 164.2397 12.6730 150.2716 60.2894 95.9254 148.7648 18.0812 117.7581 60.6467 105.7037 189.5668 164.9160 156.0342 72.9466 105.2979 0.0000 26.0010 3.2932 100.1778 64.6239 202.3031 121.1686 147.0468 117.4350
189.6633 217.4120 102.9074 103.5386 62.1410 38.9318 159.3121 74.9541 119.7732 52.7786 93.7755 83.4270 158.1607 128.3880 116.7751 26.7215 183.5062 62.5408 145.5138 94.1497 26.0010 0.0000 57.1128 14.3948 100.2405 56.5542 99.0916 133.2430 98.4765
6.0622 159.7136 170.4592 8.9682 1.5482 112.9652 110.1711 127.5161 184.7818 23.6403 139.9690 122.9659 45.5910 170.8196 78.1932 213.8187 51.8311 142.0698 52.6032 73.1678 3.2932 57.1128 0.0000 123.6091 89.8698 157.8689 74.9464 160.3476 84.3551
84.5056 91.0117 171.8103 108.4892 167.0079 145.7730 169.9999 149.1672 95.6636 184.2279 139.0081 139.0870 105.5692 90.2063 158.0891 48.0815 112.8509 137.0244 207.3277 12.3486 100.1778 14.3948 123.6091 0.0000 36.2562 69.5750 114.2946 11.3106 121.8960
206.1142 22.4895 217.5325 55.3884 135.4504 71.4664 93.2141 215.5119 150.2023 57.7328 20.8213 57.3147 54.4320 98.0640 113.9401 152.6439 149.7912 140.3730 80.0986 50.3303 64.6239 100.2405 89.8698 36.2562 0.0000 45.7206 114.8448 235.5236 83.2247
106.5279 142.0184 147.9102 153.3540 73.8199 87.9685 63.5918 101.4431 62.7946 114.1534 98.0141 45.6144 88.0868 77.5403 75.4355 71.8013 136.0987 96.7449 46.7652 73.7494 202.3031 56.5542 157.8689 69.5750 45.7206 0.0000 75.0710 138.7257 82.1992
78.2787 219.2813 113.8272 92.4810 157.0509 143.1109 91.2315 48.9085 99.7655 51.2979 17.8353 130.4539 138.0861 95.1675 108.7844 24.3183 148.4002 53.9864 237.6159 71.7497 121.1686 99.0916 74.9464 114.2946 114.8448 75.0710 0.0000 70.9472 126.4818
81.8166 122.0534 89.4076 108.4016 129.0162 156.5101 20.8000 90.0739 104.4986 136.5161 181.8545 149.0689 73.0211 97.1764 116.9144 26.6926 72.3394 87.2810 156.1761 55.6791 147.0468 133.2430 160.3476 11.3106 235.5236 138.7257 70.9472 0.0000 73.0657
138.3807 41.1231 154.8253 104.7372 78.1679 94.9559 101.5382 66.8339 79.3613 83.8028 52.5832 132.5896 172.6990 55.9179 166.2479 131.4260 34.9554 116.5965 30.1972 62.8884 117.4350 98.4765 84.3551 121.8960 83.2247 82.1992 126.4818 73.0657 0.0000
