29
0.0000 109.4659 178.3864 70.6796 53.4586 258.7476 94.9529 64.5990 155.1034 158.6818 172.4634 146.7619 70.5831 152.6949 67.3843 62.4834 74.6349 70.1716 99.5193 109.3594 50.5624 241.5830 189.2854 121.0091 99.8966 182.1601 149.5226 140.0179 174.7439
109.4659 0.0000 152.9496 151.7831 88.4230 121.5158 168.7203 41.3023 15.7291 144.9717 95.0304 93.0591 73.9375 251.6856 236.3877 133.1062 85.1422 150.9372 136.5514 44.3239 46.3629 37.6652 71.2724 57.1144 119.0579 141.9433 142.6189 61.4532 138.3047
178.3864 152.9496 0.0000 46.3532 150.4445 80.6749 90.4763 24.7042 115.9204 130.1321 114.4255 113.3085 102.4318 135.8157 83.4682 148.8337 195.8486 116.3774 86.6263 107.3936 42.7215 48.4082 76.5571 69.4404 144.4737 133.7432 95.9914 29.3502 202.8677
70.6796 151.7831 46.3532 0.0000 48.3213 146.9053 97.1177 164.8476 83.4338 112.1191 43.1266 135.9986 77.3032 199.1518 81.7573 16.8944 146.5527 121.5853 121.5755 163.5100 128.9598 92.8893 111.8776 110.6695 38.7273 0.3455 78.4180 89.4792 147.8810
53.4586 88.4230 150.4445 48.3213 0.0000 78.7484 132.1247 16.8796 133.7596 70.8666 45.0101 154.4007 58.4770 211.1914 86.5718 10.8298 78.0064 69.3490 151.7198 73.5904 119.8104 120.6910 80.1641 75.9745 232.0015 143.1240 17.4795 6.2980 18.1789
258.7476 121.5158 80.6749 146.9053 78.7484 0.0000 163.0586 118.5527 137.4832 108.9731 159.8377 83.7139 29.9310 17.7275 208.4603 98.4318 45.3050 170.0571 108.9123 83.5049 153.3931 90.6748 180.0057 86.4620 137.3404 91.1522 118.3743 139.0382 186.5089
94.9529 168.7203 90.4763 97.1177 132.1247 163.0586 0.0000 116.8336 60.9675 133.9363 102.7022 159.2040 111.8524 179.6320 246.6599 63.7589 104.8562 101.6590 21.8167 154.4493 52.0308 100.1243 214.9694 86.2940 150.1997 163.6803 113.4624 89.8378 108.9348
64.5990 41.3023 24.7042 164.8476 16.8796 118.5527 116.8336 0.0000 53.9315 135.4819 212.0035 55.5012 110.0879 162.9248 120.6103 73.0297 86.1016 144.5971 94.7898 91.7237 153.8937 43.0247 2.0145 64.4235 71.5547 105.3375 113.4436 99.0159 101.9983
155.1034 15.7291 115.9204 83.4338 133.7596 137.4832 60.9675 53.9315 0.0000 77.7451 83.6466 146.4989 66.0080 61.5074 102.4553 165.8873 108.2260 113.1747 39.2250 177.9925 98.0668 44.9081 46.4101 135.1288 65.9742 172.5924 115.3823 56.1084 177.8903
158.6818 144.9717 130.1321 112.1191 70.8666 108.9731 133.9363 135.4819 77.7451 0.0000 121.5716 32.0552 159.3280 122.6863 119.8379 57.5249 37.6729 9.4466 188.4392 160.8384 171.4187 226.5594 141.3352 25.0444 71.3102 22.0441 86.5103 131.3678 244.5045
172.4634 95.0304 114.4255 43.1266 45.0101 159.8377 102.7022 212.0035 83.6466 121.5716 0.0000 105.0055 110.4533 153.9978 69.1561 169.0173 57.1848 76.2833 267.5122 41.1525 209.2734 53.2985 101.8633 133.8946 107.5888 53.3963 165.5759 106.3297 144.7207
146.7619 93.0591 113.3085 135.9986 154.4007 83.7139 159.2040 55.5012 146.4989 32.0552 105.0055 0.0000 10.1746 174.8654 7.9667 54.8320 121.2003 44.3664 163.3948 114.5800 30.9256 78.0396 167.2979 220.4140 129.2970 142.9362 51.0796 94.7406 48.2462
70.5831 73.9375 102.4318 77.3032 58.4770 29.9310 111.8524 110.0879 66.0080 159.3280 110.4533 10.1746 0.0000 128.9201 265.9134 152.8983 65.6360 121.5741 77.9794 53.1234 77.9121 130.1018 158.1830 189.7782 62.9143 104.4150 144.9975 59.1193 21.1622
152.6949 251.6856 135.8157 199.1518 211.1914 17.7275 179.6320 162.9248 61.5074 122.6863 153.9978 174.8654 128.9201 0.0000 160.0199 118.5925 51.8796 170.7152 41.1733 74.2782 27.7993 107.8805 217.0278 95.6927 76.5301 73.1072 134.3111 106.7147 101.4407
67.3843 236.3877 83.4682 81.7573 86.5718 208.4603 246.6599 120.6103 102.4553 119.8379 69.1561 7.9667 265.9134 160.0199 0.0000 49.6746 66.8472 162.7805 56.3456 52.5726 134.6795 85.0440 151.8597 162.2347 198.5259 40.7245 28.7326 125.4589 206.5830
62.4834 133.1062 148.8337 16.8944 10.8298 98.4318 63.7589 73.0297 165.8873 57.5249 169.0173 54.8320 152.8983 118.5925 49.6746 0.0000 95.9889 72.3230 212.1293 179.4536 49.7057 154.1976 181.1023 88.2593 65.9576 42.8977 223.5067 7.4619 135.6332
74.6349 85.1422 195.8486 146.5527 78.0064 45.3050 104.8562 86.1016 108.2260 37.6729 57.1848 121.2003 65.6360 51.8796 66.8472 95.9889 0.0000 40.6554 159.8212 40.4863 125.2568 82.6134 112.6047 46.6843 130.0821 45.2644 200.4744 0.2297 140.4289
70.1716 150.9372 116.3774 121.5853 69.3490 170.0571 101.6590 144.5971 113.1747 9.4466 76.2833 44.3664 121.5741 170.7152 162.7805 72.3230 40.6554 0.0000 77.1893 169.1854 139.1979 121.5453 78.0163 101.9573 26.2686 98.1951 59.5381 113.1381 27.0353
99.5193 136.5514 86.6263 121.5755 151.7198 108.9123 21.8167 94.7898 39.2250 188.4392 267.5122 163.3948 77.9794 41.1733 56.3456 212.1293 159.8212 77.1893 0.0000 80.4375 131.8457 147.7594 45.1327 36.2466 112.1367 142.7009 218.1687 142.8236 88.2101
109.3594 44.3239 107.3936 163.5100 73.5904 83.5049 154.4493 91.7237 177.9925 160.8384 41.1525 114.5800 53.1234 74.2782 52.5726 179.4536 40.4863 169.1854 80.4375 0.0000 175.9083 177.7034 75.0517 144.6118 32.5913 74.4976 185.6182 52.8839 132.1702
50.5624 46.3629 42.7215 128.9598 119.8104 153.3931 52.0308 153.8937 98.0668 171.4187 209.2734 30.9256 77.9121 27.7993 134.6795 49.7057 125.2568 139.1979 131.8457 175.9083 0.0000 23.0381 165.4823 107.1857 152.0368 30.1493 144.2598 44.4654 169.9811
241.5830 37.6652 48.4082 92.8893 120.6910 90.6748 100.1243 43.0247 44.9081 226.5594 53.2985 78.0396 130.1018 107.8805 85.0440 154.1976 82.6134 121.5453 147.7594 177.7034 23.0381 0.0000 15.6672 127.9380 12.3472 74.5872 145.8516 219.4319 113.3751
189.2854 71.2724 76.5571 111.8776 80.1641 180.0057 214.9694 2.0145 46.4101 141.3352 101.8633 167.2979 158.1830 217.0278 151.8597 181.1023 112.6047 78.0163 45.1327 75.0517 165.4823 15.6672 0.0000 37.2407 156.3479 151.6457 94.1441 115.0895 59.1242
121.0091 57.1144 69.4404 110.6695 75.9745 86.4620 86.2940 64.4235 135.1288 25.0444 133.8946 220.4140 189.7782 95.6927 162.2347 88.2593 46.6843 101.9573 36.2466 144.6118 107.1857 127.9380 37.2407 0.0000 71.7875 43.6026 198.9850 82.9866 89.6521
99.8966 119.0579 144.4737 38.7273 232.0015 137.3404 150.1997 71.5547 65.9742 71.3102 107.5888 129.2970 62.9143 76.5301 198.5259 65.9576 130.0821 26.2686 112.1367 32.5913 152.0368 12.3472 156.3479 71.7875 0.0000 124.4832 117.8089 87.1715 103.5212
182.1601 141.9433 133.7432 0.3455 143.1240 91.1522 163.6803 105.3375 172.5924 22.0441 53.3963 142.9362 104.4150 73.1072 40.7245 42.8977 45.2644 98.1951 142.7009 74.4976 30.1493 74.5872 151.6457 43.6026 124.4832 0.0000 8.2192 62.4066 127.5461
149.5226 142.6189 95.9914 78.4180 17.4795 118.3743 113.4624 113.4436 115.3823 86.5103 165.5759 51.0796 144.9975 134.3111 28.7326 223.5067 200.4744 59.5381 218.1687 185.6182 144.2598 145.8516 94.1441 198.9850 117.8089 8.2192 0.0000 66.1580 64.8275
140.0179 61.4532 29.3502 89.4792 6.2980 139.0382 89.8378 99.0159 56.1084 131.3678 106.3297 94.7406 59.1193 106.7147 125.4589 7.4619 0.2297 113.1381 142.8236 52.8839 44.4654 219.4319 115.0895 82.9866 87.1715 62.4066 66.1580 0.0000 115.3260
174.7439 138.3047 202.8677 147.8810 18.1789 186.5089 108.9348 101.9983 177.8903 244.5045 144.7207 48.2462 21.1622 101.4407 206.5830 135.6332 140.4289 27.0353 88.2101 132.1702 169.9811 113.3751 59.1242 89.6521 103.5212 127.5461 64.8275 115.3260 0.0000
