29
0.0000 93.6479 190.0808 64.2068 122.1511 79.0165 133.3010 230.8251 157.6998 93.9073 99.3196 73.4858 160.8986 72.4730 218.2112 75.3592 134.4039 99.8733 86.8208 111.7480 117.6675 106.6585 106.4633 235.9063 194.2584 126.8679 173.6562 82.5657 96.9334
93.6479 0.0000 123.5795 29.6547 58.4033 117.7296 70.0281 99.5026 146.1751 82.2737 83.7962 59.9172 24.1197 83.4553 83.8949 147.2094 92.9531 76.5504 93.7362 1.5172 114.4319 171.9426 78.1953 37.3391 75.2678 122.5846 64.2363 120.6928 165.0743
190.0808 123.5795 0.0000 79.1885 105.0176 46.2847 190.7201 209.7788 40.8775 87.8760 227.0486 44.3431 52.4989 40.1141 118.1178 110.3754 206.0416 23.8206 30.4592 207.5630 18.0901 92.3486 114.3050 135.6339 209.8021 151.7427 100.0378 175.9359 65.1241
64.2068 29.6547 79.1885 0.0000 125.0277 71.0605 198.1254 107.5973 175.3627 68.2029 100.1070 86.8329 35.8274 101.3194 111.9962 128.1563 173.4602 100.8824 87.6041 118.2322 125.4701 93.0111 152.0960 79.6027 59.4242 166.8263 123.1626 117.4364 12.2732
122.1511 58.4033 105.0176 125.0277 0.0000 100.9406 56.6604 155.2525 112.9466 57.2481 37.7369 101.5848 29.9021 33.6807 126.9073 176.1315 73.5804 189.1235 62.6373 55.1196 91.1027 126.4340 59.5540 121.2683 122.8431 88.7692 67.9535 126.2246 101.3128
79.0165 117.7296 46.2847 71.0605 100.9406 0.0000 109.7700 181.9238 115.8316 59.6967 77.5536 99.2022 38.1376 94.9194 21.9677 198.7833 96.9865 298.6476 52.9422 41.4038 98.6449 89.3003 52.9004 175.0528 67.1284 206.4284 201.7675 116.2484 171.7041
133.3010 70.0281 190.7201 198.1254 56.6604 109.7700 0.0000 88.1425 136.9250 114.5733 99.5411 98.2224 49.3647 38.8061 177.7209 168.0719 204.8206 157.8618 154.3271 7.6482 105.8583 87.2769 100.5428 122.2378 164.2466 209.5678 68.0826 73.7619 42.7897
230.8251 99.5026 209.7788 107.5973 155.2525 181.9238 88.1425 0.0000 200.5075 150.4345 127.3280 103.8069 157.9596 4.4739 215.3680 134.5428 64.0303 55.9286 159.5275 159.9164 51.4710 170.9455 138.4650 73.6668 116.6016 84.1283 90.8094 25.2083 244.5831
157.6998 146.1751 40.8775 175.3627 112.9466 115.8316 136.9250 200.5075 0.0000 117.8173 271.9636 132.2639 114.6730 64.5928 83.0051 223.7837 168.4959 115.7472 113.7960 83.5874 116.2877 88.8023 199.4152 51.9935 57.2559 91.4738 82.6972 189.4718 41.8766
93.9073 82.2737 87.8760 68.2029 57.2481 59.6967 114.5733 150.4345 117.8173 0.0000 133.3452 92.6191 162.3340 87.6153 73.3280 175.7580 21.5816 134.2755 85.2166 40.2340 80.5382 30.3741 185.8156 27.1573 124.7183 21.3934 6.2196 127.0968 84.6659
99.3196 83.7962 227.0486 100.1070 37.7369 77.5536 99.5411 127.3280 271.9636 133.3452 0.0000 136.0904 80.8401 33.8340 60.3627 93.1530 148.9744 104.4705 69.8704 136.3865 58.0814 73.4155 143.7382 41.9050 2.8324 166.9904 108.0286 169.4009 24.8030
73.4858 59.9172 44.3431 86.8329 101.5848 99.2022 98.2224 103.8069 132.2639 92.6191 136.0904 0.0000 123.1693 90.0161 122.8792 69.2638 173.1050 84.5078 110.7986 202.0253 76.5033 24.0919 125.9705 60.8351 185.4178 213.0824 87.7332 94.3236 24.7976
160.8986 24.1197 52.4989 35.8274 29.9021 38.1376 49.3647 157.9596 114.6730 162.3340 80.8401 123.1693 0.0000 96.9954 156.7620 92.3307 146.1895 51.6103 104.2171 51.6538 141.9857 117.2164 158.7255 93.4168 8.8813 53.6115 118.6945 41.6552 58.0830
72.4730 83.4553 40.1141 101.3194 33.6807 94.9194 38.8061 4.4739 64.5928 87.6153 33.8340 90.0161 96.9954 0.0000 30.2824 81.5253 152.0658 180.7106 108.8150 193.0040 64.2887 112.6579 179.4844 189.0237 49.5104 181.4280 116.0218 143.6036 88.1768
218.2112 83.8949 118.1178 111.9962 126.9073 21.9677 177.7209 215.3680 83.0051 73.3280 60.3627 122.8792 156.7620 30.2824 0.0000 116.0354 99.4878 256.6836 110.0670 81.0063 94.5091 78.7695 106.3202 83.6198 233.4927 132.1008 128.6039 57.7908 91.7664
75.3592 147.2094 110.3754 128.1563 176.1315 198.7833 168.0719 134.5428 223.7837 175.7580 93.1530 69.2638 92.3307 81.5253 116.0354 0.0000 88.4356 127.3787 117.2421 126.8900 131.5901 61.6640 115.6744 61.6188 118.2801 101.1029 101.1535 71.3004 195.1824
134.4039 92.9531 206.0416 173.4602 73.5804 96.9865 204.8206 64.0303 168.4959 21.5816 148.9744 173.1050 146.1895 152.0658 99.4878 88.4356 0.0000 130.7561 129.1946 90.5793 71.9269 96.5137 162.4324 48.7961 26.1422 185.1144 90.4024 83.4023 114.7079
99.8733 76.5504 23.8206 100.8824 189.1235 298.6476 157.8618 55.9286 115.7472 134.2755 104.4705 84.5078 51.6103 180.7106 256.6836 127.3787 130.7561 0.0000 3.5185 91.0082 41.4825 136.2846 140.0187 112.7017 133.3218 123.9810 119.2053 82.5578 153.1460
86.8208 93.7362 30.4592 87.6041 62.6373 52.9422 154.3271 159.5275 113.7960 85.2166 69.8704 110.7986 104.2171 108.8150 110.0670 117.2421 129.1946 3.5185 0.0000 98.5407 11.7459 131.3661 97.3057 72.2040 52.3709 152.0119 70.5265 126.0090 23.0489
111.7480 1.5172 207.5630 118.2322 55.1196 41.4038 7.6482 159.9164 83.5874 40.2340 136.3865 202.0253 51.6538 193.0040 81.0063 126.8900 90.5793 91.0082 98.5407 0.0000 97.6662 70.4493 144.8416 101.0570 216.2169 141.5149 117.8897 110.6252 127.6133
117.6675 114.4319 18.0901 125.4701 91.1027 98.6449 105.8583 51.4710 116.2877 80.5382 58.0814 76.5033 141.9857 64.2887 94.5091 131.5901 71.9269 41.4825 11.7459 97.6662 0.0000 120.9820 90.7582 253.2829 102.3043 78.3437 155.3787 115.6359 118.4776
106.6585 171.9426 92.3486 93.0111 126.4340 89.3003 87.2769 170.9455 88.8023 30.3741 73.4155 24.0919 117.2164 112.6579 78.7695 61.6640 96.5137 136.2846 131.3661 70.4493 120.9820 0.0000 217.6124 71.6366 96.7170 57.4074 101.6409 44.7872 72.9926
106.4633 78.1953 114.3050 152.0960 59.5540 52.9004 100.5428 138.4650 199.4152 185.8156 143.7382 125.9705 158.7255 179.4844 106.3202 115.6744 162.4324 140.0187 97.3057 144.8416 90.7582 217.6124 0.0000 139.8087 81.2742 67.6537 66.0159 65.1419 130.3188
235.9063 37.3391 135.6339 79.6027 121.2683 175.0528 122.2378 73.6668 51.9935 27.1573 41.9050 60.8351 93.4168 189.0237 83.6198 61.6188 48.7961 112.7017 72.2040 101.0570 253.2829 71.6366 139.8087 0.0000 160.8842 149.9925 140.5544 237.1556 207.0598
194.2584 75.2678 209.8021 59.4242 122.8431 67.1284 164.2466 116.6016 57.2559 124.7183 2.8324 185.4178 8.8813 49.5104 233.4927 118.2801 26.1422 133.3218 52.3709 216.2169 102.3043 96.7170 81.2742 160.8842 0.0000 137.7799 87.0436 161.6018 114.7329
126.8679 122.5846 151.7427 166.8263 88.7692 206.4284 209.5678 84.1283 91.4738 21.3934 166.9904 213.0824 53.6115 181.4280 132.1008 101.1029 185.1144 123.9810 152.0119 141.5149 78.3437 57.4074 67.6537 149.9925 137.7799 0.0000 136.1835 18.1429 71.4481
173.6562 64.2363 100.0378 123.1626 67.9535 201.7675 68.0826 90.8094 82.6972 6.2196 108.0286 87.7332 118.6945 116.0218 128.6039 101.1535 90.4024 119.2053 70.5265 117.8897 155.3787 101.6409 66.0159 140.5544 87.0436 136.1835 0.0000 228.5720 101.3059
82.5657 120.6928 175.9359 117.4364 126.2246 116.2484 73.7619 25.2083 189.4718 127.0968 169.4009 94.3236 41.6552 143.6036 57.7908 71.3004 83.4023 82.5578 126.0090 110.6252 115.6359 44.7872 65.1419 237.1556 161.6018 18.1429 228.5720 0.0000 5.6555
96.9334 165.0743 65.1241 12.2732 101.3128 171.7041 42.7897 244.5831 41.8766 84.6659 24.8030 24.7976 58.0830 88.1768 91.7664 195.1824 114.7079 153.1460 23.0489 127.6133 118.4776 72.9926 130.3188 207.0598 114.7329 71.4481 101.3059 5.6555 0.0000
