29
0.0000 161.4288 112.2937 132.4716 134.7478 54.0884 126.6971 92.4752 78.1684 177.9397 83.8662 145.0470 121.6569 119.4965 103.5191 93.8529 103.2481 30.3808 54.1663 182.8095 75.2677 147.8787 4.6337 98.2172 194.2192 80.2034 125.1302 95.5149 63.7190
161.4288 0.0000 183.3753 163.9958 95.7776 143.1429 163.0568 188.1859 110.6053 54.6816 183.1075 46.8191 149.8859 115.3491 103.4613 104.0331 180.2994 87.8012 28.3409 110.7555 179.0814 44.4466 152.1634 19.9152 42.3608 98.1085 173.2307 150.6683 59.4796
112.2937 183.3753 0.0000 177.4771 126.5090 148.2340 81.8148 77.3091 144.6866 21.1617 51.5379 17.4097 111.6395 108.4447 37.1916 100.1229 122.1202 118.5021 244.0988 74.9070 96.2620 223.6628 27.8512 15.0159 83.8478 157.4119 89.5797 75.4296 104.5612
132.4716 163.9958 177.4771 0.0000 134.2430 83.9177 199.4836 2.0127 201.9098 117.6633 123.6888 60.2152 122.1531 134.7986 140.0067 202.0402 107.2535 77.4601 151.1331 50.0260 156.5371 129.3294 132.1295 152.1271 101.8781 90.4107 76.5891 81.7884 150.3152
134.7478 95.7776 126.5090 134.2430 0.0000 109.0629 46.7966 79.6194 100.8471 173.9107 120.2132 8.6178 157.2613 154.7961 67.7401 135.8194 155.3104 131.2197 52.4724 52.6200 117.8386 78.4064 122.2027 204.1332 79.4310 116.5251 140.5015 131.7860 63.9338
54.0884 143.1429 148.2340 83.9177 109.0629 0.0000 40.6812 99.1495 162.1241 115.1710 121.4102 93.8181 106.7287 28.0205 128.2717 49.3634 43.4135 13.4429 142.2967 139.4417 60.2020 110.7717 150.7538 130.4555 70.8201 7.5598 146.3573 142.7616 21.2577
126.6971 163.0568 81.8148 199.4836 46.7966 40.6812 0.0000 51.7876 112.9833 168.7549 21.0306 124.1309 189.8286 120.6483 133.2718 101.8778 91.9473 103.7563 133.7520 185.3259 198.6251 166.2864 136.5331 136.7392 10.5777 105.4512 90.1210 135.1655 80.9790
92.4752 188.1859 77.3091 2.0127 79.6194 99.1495 51.7876 0.0000 185.0582 119.2078 66.0210 80.0222 144.3731 96.1360 50.1393 132.0857 131.1192 85.9580 91.5611 198.9786 158.1980 118.6980 166.1917 70.5754 147.5164 65.0941 83.2966 26.2416 107.8921
78.1684 110.6053 144.6866 201.9098 100.8471 162.1241 112.9833 185.0582 0.0000 78.0134 154.6531 56.7565 148.6034 192.6689 15.4297 70.8769 29.5364 93.2542 129.2170 171.9629 153.2239 127.4678 106.7549 29.8753 149.4624 142.4473 98.6923 117.1814 165.4133
177.9397 54.6816 21.1617 117.6633 173.9107 115.1710 168.7549 119.2078 78.0134 0.0000 61.5327 16.4227 42.7180 52.2466 144.7667 3.8974 183.7534 73.9989 80.6661 156.6503 72.7658 84.3943 172.1614 138.5205 58.7789 173.6545 138.3705 38.7211 79.4273
83.8662 183.1075 51.5379 123.6888 120.2132 121.4102 21.0306 66.0210 154.6531 61.5327 0.0000 103.9562 94.5957 42.3276 47.1293 59.1495 46.3712 141.9878 46.8159 97.7334 90.4386 62.5778 123.1863 105.4438 146.6085 90.3184 186.1898 57.9219 190.5199
145.0470 46.8191 17.4097 60.2152 8.6178 93.8181 124.1309 80.0222 56.7565 16.4227 103.9562 0.0000 63.4116 87.8845 109.8592 114.5829 124.0325 59.3760 119.5339 111.2947 50.9699 42.9243 76.7244 179.5487 199.2535 172.4487 142.4059 56.4155 119.1761
121.6569 149.8859 111.6395 122.1531 157.2613 106.7287 189.8286 144.3731 148.6034 42.7180 94.5957 63.4116 0.0000 116.1692 119.6597 45.9352 176.1272 42.4629 111.7433 90.4867 212.8763 141.8714 99.9654 30.7390 172.0364 99.7046 31.2386 117.0583 86.8773
119.4965 115.3491 108.4447 134.7986 154.7961 28.0205 120.6483 96.1360 192.6689 52.2466 42.3276 87.8845 116.1692 0.0000 47.0455 54.2187 27.5953 118.0422 122.6586 244.2901 230.4641 63.9199 159.9849 79.6471 148.3251 111.8288 191.8859 137.9692 86.9828
103.5191 103.4613 37.1916 140.0067 67.7401 128.2717 133.2718 50.1393 15.4297 144.7667 47.1293 109.8592 119.6597 47.0455 0.0000 120.6314 66.9899 113.4223 172.1996 66.0823 104.9213 92.1434 54.0497 124.5089 230.4028 128.5043 70.6457 76.3094 11.2453
93.8529 104.0331 100.1229 202.0402 135.8194 49.3634 101.8778 132.0857 70.8769 3.8974 59.1495 114.5829 45.9352 54.2187 120.6314 0.0000 52.3324 112.6220 18.5187 319.8370 79.0667 54.4054 9.3406 87.1595 62.8256 95.3051 218.9556 28.4597 96.8576
103.2481 180.2994 122.1202 107.2535 155.3104 43.4135 91.9473 131.1192 29.5364 183.7534 46.3712 124.0325 176.1272 27.5953 66.9899 52.3324 0.0000 141.6381 115.5769 135.3386 115.2653 44.8293 36.8929 151.1736 146.5540 76.7571 81.4833 31.6071 99.4077
30.3808 87.8012 118.5021 77.4601 131.2197 13.4429 103.7563 85.9580 93.2542 73.9989 141.9878 59.3760 42.4629 118.0422 113.4223 112.6220 141.6381 0.0000 204.8633 109.0793 75.1964 142.9868 75.1185 102.4145 147.7947 158.0593 142.5287 175.7247 68.8105
54.1663 28.3409 244.0988 151.1331 52.4724 142.2967 133.7520 91.5611 129.2170 80.6661 46.8159 119.5339 111.7433 122.6586 172.1996 18.5187 115.5769 204.8633 0.0000 69.3790 91.4300 94.4042 110.6268 50.1673 83.6891 46.6010 131.2175 76.0049 70.2362
182.8095 110.7555 74.9070 50.0260 52.6200 139.4417 185.3259 198.9786 171.9629 156.6503 97.7334 111.2947 90.4867 244.2901 66.0823 319.8370 135.3386 109.0793 69.3790 0.0000 127.6338 56.5502 95.7554 78.7856 141.1604 123.8101 116.5019 106.0377 282.1034
75.2677 179.0814 96.2620 156.5371 117.8386 60.2020 198.6251 158.1980 153.2239 72.7658 90.4386 50.9699 212.8763 230.4641 104.9213 79.0667 115.2653 75.1964 91.4300 127.6338 0.0000 72.9713 126.9357 57.4247 59.8890 120.8846 201.6398 134.4534 80.9857
147.8787 44.4466 223.6628 129.3294 78.4064 110.7717 166.2864 118.6980 127.4678 84.3943 62.5778 42.9243 141.8714 63.9199 92.1434 54.4054 44.8293 142.9868 94.4042 56.5502 72.9713 0.0000 191.6951 25.8341 172.9045 65.5461 55.4563 78.9532 98.8244
4.6337 152.1634 27.8512 132.1295 122.2027 150.7538 136.5331 166.1917 106.7549 172.1614 123.1863 76.7244 99.9654 159.9849 54.0497 9.3406 36.8929 75.1185 110.6268 95.7554 126.9357 191.6951 0.0000 71.3251 203.6928 69.4126 149.4575 195.0441 16.0682
98.2172 19.9152 15.0159 152.1271 204.1332 130.4555 136.7392 70.5754 29.8753 138.5205 105.4438 179.5487 30.7390 79.6471 124.5089 87.1595 151.1736 102.4145 50.1673 78.7856 57.4247 25.8341 71.3251 0.0000 126.1619 94.2982 227.8568 118.2458 67.1509
194.2192 42.3608 83.8478 101.8781 79.4310 70.8201 10.5777 147.5164 149.4624 58.7789 146.6085 199.2535 172.0364 148.3251 230.4028 62.8256 146.5540 147.7947 83.6891 141.1604 59.8890 172.9045 203.6928 126.1619 0.0000 165.6556 29.1964 78.7765 212.0050
80.2034 98.1085 157.4119 90.4107 116.5251 7.5598 105.4512 65.0941 142.4473 173.6545 90.3184 172.4487 99.7046 111.8288 128.5043 95.3051 76.7571 158.0593 46.6010 123.8101 120.8846 65.5461 69.4126 94.2982 165.6556 0.0000 70.4942 75.6092 153.7244
125.1302 173.2307 89.5797 76.5891 140.5015 146.3573 90.1210 83.2966 98.6923 138.3705 186.1898 142.4059 31.2386 191.8859 70.6457 218.9556 81.4833 142.5287 131.2175 116.5019 201.6398 55.4563 149.4575 227.8568 29.1964 70.4942 0.0000 63.7200 85.8836
95.5149 150.6683 75.4296 81.7884 131.7860 142.7616 135.1655 26.2416 117.1814 38.7211 57.9219 56.4155 117.0583 137.9692 76.3094 28.4597 31.6071 175.7247 76.0049 106.0377 134.4534 78.9532 195.0441 118.2458 78.7765 75.6092 63.7200 0.0000 145.7971
63.7190 59.4796 104.5612 150.3152 63.9338 21.2577 80.9790 107.8921 165.4133 79.4273 190.5199 119.1761 86.8773 86.9828 11.2453 96.8576 99.4077 68.8105 70.2362 282.1034 80.9857 98.8244 16.0682 67.1509 212.0050 153.7244 85.8836 145.7971 0.0000
