29
0.0000 73.1781 135.4365 140.2989 9.9266 134.9835 99.5844 71.2579 79.5372 152.2557 179.8046 122.6435 26.8561 160.7101 153.5854 113.3468 84.6981 95.3266 156.3608 95.8782 142.6936 153.8817 18.1913 37.4243 46.7671 132.6558 160.0765 25.7292 191.3674
73.1781 0.0000 197.6153 137.5824 222.5668 83.2622 11.3329 71.6398 110.5028 41.9844 59.9681 31.5550 17.5456 87.1931 99.1082 119.0983 167.6787 139.6225 66.0248 105.4275 93.4174 203.0509 170.1148 178.8803 244.8247 47.1325 209.0735 122.4645 116.6843
135.4365 197.6153 0.0000 23.2715 3.1239 141.9677 67.8776 132.5416 152.0357 180.0733 94.0804 52.5634 54.2936 81.3020 70.4302 15.9061 146.1522 38.2346 99.7579 25.0305 77.1108 41.4250 58.3529 164.2204 110.7612 112.3213 14.6629 49.6678 174.2852
140.2989 137.5824 23.2715 0.0000 131.1618 55.7802 87.6860 99.4357 116.0076 207.1352 118.2915 42.0512 129.6267 143.8191 95.7137 199.0731 61.2754 152.5929 123.8933 122.5930 37.9614 124.7055 146.9319 40.9519 46.8471 188.2836 73.6354 80.4164 147.2048
9.9266 222.5668 3.1239 131.1618 0.0000 184.7380 108.9850 156.6614 79.1400 84.3849 39.0313 63.6810 19.4621 181.4035 0.4680 55.2909 31.7017 214.8808 40.3827 145.7071 182.2840 66.3990 138.9991 96.4635 54.4436 42.3088 140.4559 162.4359 83.6437
134.9835 83.2622 141.9677 55.7802 184.7380 0.0000 97.4621 82.6188 126.6622 118.7922 135.2261 37.8683 136.7195 59.0075 122.0066 78.7253 158.2498 189.1905 30.1738 67.8781 64.9695 137.3797 226.4893 88.3224 57.9850 140.2162 49.2616 187.0215 215.2634
99.5844 11.3329 67.8776 87.6860 108.9850 97.4621 0.0000 105.8700 44.2933 53.5372 121.2719 119.4897 107.6433 109.6830 157.3704 89.4800 136.5896 85.6024 122.9339 55.9015 206.4333 97.4692 175.3685 248.5051 42.1055 44.2217 136.7925 99.9483 142.2267
71.2579 71.6398 132.5416 99.4357 156.6614 82.6188 105.8700 0.0000 22.0554 143.5164 5.2370 27.2492 22.2303 93.6446 96.0025 145.2819 63.0819 75.2675 211.7573 132.3087 205.1536 136.8264 63.1451 61.0458 112.0554 61.7308 80.2606 90.1302 78.1231
79.5372 110.5028 152.0357 116.0076 79.1400 126.6622 44.2933 22.0554 0.0000 107.2583 131.7136 123.2867 57.9002 82.0738 147.0983 129.0551 62.1432 155.7840 80.9908 104.5244 130.3742 94.3067 226.1396 137.8858 92.8823 48.2235 107.3333 64.8489 159.9613
152.2557 41.9844 180.0733 207.1352 84.3849 118.7922 53.5372 143.5164 107.2583 0.0000 138.6028 240.9013 177.5660 72.3985 98.9226 166.3511 82.8815 163.1863 124.0182 110.8745 107.9533 62.7210 33.3432 120.3830 46.2352 159.7000 161.2416 23.3258 76.7111
179.8046 59.9681 94.0804 118.2915 39.0313 135.2261 121.2719 5.2370 131.7136 138.6028 0.0000 120.2578 36.0036 122.0008 147.0710 72.1047 160.4531 54.1635 41.0649 112.0184 90.9592 129.2055 164.3323 11.8859 194.3099 58.8919 71.9630 125.4923 20.4243
122.6435 31.5550 52.5634 42.0512 63.6810 37.8683 119.4897 27.2492 123.2867 240.9013 120.2578 0.0000 12.2013 156.2772 49.6354 205.9918 87.5926 86.4044 73.2493 146.3417 206.4087 50.3373 52.0261 61.2731 53.1493 110.8156 94.2125 62.1873 110.4034
26.8561 17.5456 54.2936 129.6267 19.4621 136.7195 107.6433 22.2303 57.9002 177.5660 36.0036 12.2013 0.0000 87.2278 0.7339 145.4364 183.5088 79.7861 43.0619 127.4146 34.7348 98.1432 138.7512 149.1688 29.9820 120.0145 85.7176 12.3822 99.4558
160.7101 87.1931 81.3020 143.8191 181.4035 59.0075 109.6830 93.6446 82.0738 72.3985 122.0008 156.2772 87.2278 0.0000 112.1846 216.3011 178.0095 86.4727 58.6419 103.3758 99.1962 184.0065 198.4020 141.5556 38.5721 131.8739 2.5500 77.7858 152.0474
153.5854 99.1082 70.4302 95.7137 0.4680 122.0066 157.3704 96.0025 147.0983 98.9226 147.0710 49.6354 0.7339 112.1846 0.0000 30.8245 131.5949 57.1065 156.3363 100.5722 111.0555 172.0310 55.9087 43.3887 51.7172 62.2717 10.3905 118.8296 38.2937
113.3468 119.0983 15.9061 199.0731 55.2909 78.7253 89.4800 145.2819 129.0551 166.3511 72.1047 205.9918 145.4364 216.3011 30.8245 0.0000 96.7120 113.8961 106.9886 47.5594 88.7448 135.4845 76.5782 60.8647 51.9988 79.0493 21.7072 138.6404 107.2144
84.6981 167.6787 146.1522 61.2754 31.7017 158.2498 136.5896 63.0819 62.1432 82.8815 160.4531 87.5926 183.5088 178.0095 131.5949 96.7120 0.0000 24.3062 47.4713 125.5520 79.7945 138.4324 29.6241 30.4812 42.7363 31.5415 120.5096 61.4230 79.1189
95.3266 139.6225 38.2346 152.5929 214.8808 189.1905 85.6024 75.2675 155.7840 163.1863 54.1635 86.4044 79.7861 86.4727 57.1065 113.8961 24.3062 0.0000 126.2579 89.0013 96.1317 163.3814 84.4765 89.3823 148.3992 196.1134 157.1890 134.4329 103.4277
156.3608 66.0248 99.7579 123.8933 40.3827 30.1738 122.9339 211.7573 80.9908 124.0182 41.0649 73.2493 43.0619 58.6419 156.3363 106.9886 47.4713 126.2579 0.0000 69.3884 104.6767 103.5703 133.0370 26.6823 165.5808 87.7440 26.3443 92.2851 104.0285
95.8782 105.4275 25.0305 122.5930 145.7071 67.8781 55.9015 132.3087 104.5244 110.8745 112.0184 146.3417 127.4146 103.3758 100.5722 47.5594 125.5520 89.0013 69.3884 0.0000 60.0389 144.7694 99.5488 109.0460 103.3471 57.5526 128.4961 147.4993 51.1388
142.6936 93.4174 77.1108 37.9614 182.2840 64.9695 206.4333 205.1536 130.3742 107.9533 90.9592 206.4087 34.7348 99.1962 111.0555 88.7448 79.7945 96.1317 104.6767 60.0389 0.0000 88.2831 204.0692 99.0084 93.8373 203.1087 42.5937 112.9879 112.7945
153.8817 203.0509 41.4250 124.7055 66.3990 137.3797 97.4692 136.8264 94.3067 62.7210 129.2055 50.3373 98.1432 184.0065 172.0310 135.4845 138.4324 163.3814 103.5703 144.7694 88.2831 0.0000 152.8226 83.4524 100.2115 39.4403 1.0442 72.9769 137.2715
18.1913 170.1148 58.3529 146.9319 138.9991 226.4893 175.3685 63.1451 226.1396 33.3432 164.3323 52.0261 138.7512 198.4020 55.9087 76.5782 29.6241 84.4765 133.0370 99.5488 204.0692 152.8226 0.0000 227.3968 77.0465 90.2972 210.9341 106.1382 140.4536
37.4243 178.8803 164.2204 40.9519 96.4635 88.3224 248.5051 61.0458 137.8858 120.3830 11.8859 61.2731 149.1688 141.5556 43.3887 60.8647 30.4812 89.3823 26.6823 109.0460 99.0084 83.4524 227.3968 0.0000 83.4494 93.5788 70.8088 111.6108 124.5561
46.7671 244.8247 110.7612 46.8471 54.4436 57.9850 42.1055 112.0554 92.8823 46.2352 194.3099 53.1493 29.9820 38.5721 51.7172 51.9988 42.7363 148.3992 165.5808 103.3471 93.8373 100.2115 77.0465 83.4494 0.0000 136.1979 72.8094 189.1171 112.7402
132.6558 47.1325 112.3213 188.2836 42.3088 140.2162 44.2217 61.7308 48.2235 159.7000 58.8919 110.8156 120.0145 131.8739 62.2717 79.0493 31.5415 196.1134 87.7440 57.5526 203.1087 39.4403 90.2972 93.5788 136.1979 0.0000 86.4039 220.4590 161.1338
160.0765 209.0735 14.6629 73.6354 140.4559 49.2616 136.7925 80.2606 107.3333 161.2416 71.9630 94.2125 85.7176 2.5500 10.3905 21.7072 120.5096 157.1890 26.3443 128.4961 42.5937 1.0442 210.9341 70.8088 72.8094 86.4039 0.0000 85.3465 138.7502
25.7292 122.4645 49.6678 80.4164 162.4359 187.0215 99.9483 90.1302 64.8489 23.3258 125.4923 62.1873 12.3822 77.7858 118.8296 138.6404 61.4230 134.4329 92.2851 147.4993 112.9879 72.9769 106.1382 111.6108 189.1171 220.4590 85.3465 0.0000 277.6465
191.3674 116.6843 174.2852 147.2048 83.6437 215.2634 142.2267 78.1231 159.9613 76.7111 20.4243 110.4034 99.4558 152.0474 38.2937 107.2144 79.1189 103.4277 104.0285 51.1388 112.7945 137.2715 140.4536 124.5561 112.7402 161.1338 138.7502 277.6465 0.0000
