16
0.0000 89.4873 92.0953 40.1248 120.6402 128.8289 139.5596 230.1773 116.8550 61.7609 51.2050 54.9686 160.9518 43.9661 116.9972 148.0488
89.4873 0.0000 37.1765 131.0295 122.9390 144.0331 127.2710 60.3602 193.6914 134.2916 48.1822 73.3520 175.7343 200.7797 50.8204 21.7821
92.0953 37.1765 0.0000 97.9786 78.0048 122.9109 61.1324 2.6081 192.3614 15.6273 75.2477 76.4065 93.5982 98.8369 45.6443 185.0263
40.1248 131.0295 97.9786 0.0000 186.3884 96.5720 110.0871 59.9098 109.1748 61.5739 184.8731 147.2152 120.8910 191.5788 106.3063 6.9547
120.6402 122.9390 78.0048 186.3884 0.0000 61.6210 74.5184 122.4988 47.8266 139.4060 180.2124 40.3575 61.1983 70.1256 113.5539 126.8546
128.8289 144.0331 122.9109 96.5720 61.6210 0.0000 209.3508 162.4590 165.6125 107.9158 78.9082 150.8351 129.7681 164.5619 138.3308 123.6685
139.5596 127.2710 61.1324 110.0871 74.5184 209.3508 0.0000 154.3197 61.7348 129.8796 79.9963 175.0523 42.6368 145.8319 106.2524 76.5067
230.1773 60.3602 2.6081 59.9098 122.4988 162.4590 154.3197 0.0000 211.9326 140.1392 84.2864 92.1200 158.5198 227.5264 44.9249 148.5650
116.8550 193.6914 192.3614 109.1748 47.8266 165.6125 61.7348 211.9326 0.0000 114.6221 85.5434 44.5429 67.6985 64.1359 126.2374 137.5784
61.7609 134.2916 15.6273 61.5739 139.4060 107.9158 129.8796 140.1392 114.6221 0.0000 33.9680 204.6144 70.8781 145.9709 102.5205 86.9860
51.2050 48.1822 75.2477 184.8731 180.2124 78.9082 79.9963 84.2864 85.5434 33.9680 0.0000 236.7283 204.9569 215.3836 125.1504 57.1406
54.9686 73.3520 76.4065 147.2152 40.3575 150.8351 175.0523 92.1200 44.5429 204.6144 236.7283 0.0000 80.8810 69.9619 82.2766 99.1107
160.9518 175.7343 93.5982 120.8910 61.1983 129.7681 42.6368 158.5198 67.6985 70.8781 204.9569 80.8810 0.0000 56.6870 104.2450 98.5406
43.9661 200.7797 98.8369 191.5788 70.1256 164.5619 145.8319 227.5264 64.1359 145.9709 215.3836 69.9619 56.6870 0.0000 175.6464 150.5978
116.9972 50.8204 45.6443 106.3063 113.5539 138.3308 106.2524 44.9249 126.2374 102.5205 125.1504 82.2766 104.2450 175.6464 0.0000 182.6159
148.0488 21.7821 185.0263 6.9547 126.8546 123.6685 76.5067 148.5650 137.5784 86.9860 57.1406 99.1107 98.5406 150.5978 182.6159 0.0000
