16
0.0000 179.1177 110.1774 99.0281 164.0007 32.3519 4.6038 94.9677 177.8278 73.7056 114.6431 80.7407 136.1860 37.7006 120.6240 12.6955
179.1177 0.0000 91.2294 55.5212 127.9473 25.3629 43.2810 119.6584 67.6119 132.2891 80.1726 93.7184 39.1813 165.2429 223.5514 146.3423
110.1774 91.2294 0.0000 50.4119 97.8673 103.1471 83.3849 105.8282 169.9310 54.0270 142.6361 98.9256 144.9264 3.3059 126.4464 143.5764
99.0281 55.5212 50.4119 0.0000 108.1520 166.3075 41.7201 87.0054 35.6777 83.6935 118.6838 54.7457 48.9000 9.9170 100.9697 34.3495
164.0007 127.9473 97.8673 108.1520 0.0000 185.7154 128.9717 154.6429 267.2047 230.9556 62.9789 103.7028 53.4053 53.7850 121.7382 164.4021
32.3519 25.3629 103.1471 166.3075 185.7154 0.0000 52.7287 32.3941 92.7441 136.5453 21.9188 82.0662 84.5288 125.1392 169.3562 182.9732
4.6038 43.2810 83.3849 41.7201 128.9717 52.7287 0.0000 94.4257 223.1284 97.1281 132.6128 65.7815 173.3773 152.2840 125.4759 109.0624
94.9677 119.6584 105.8282 87.0054 154.6429 32.3941 94.4257 0.0000 35.7050 35.9143 143.2064 108.3869 114.0771 104.3395 72.5506 130.2699
177.8278 67.6119 169.9310 35.6777 267.2047 92.7441 223.1284 35.7050 0.0000 111.5375 52.3914 79.0201 103.5718 124.2316 97.8981 24.7588
73.7056 132.2891 54.0270 83.6935 230.9556 136.5453 97.1281 35.9143 111.5375 0.0000 156.4731 137.5193 157.3707 189.9404 68.2221 136.1036
114.6431 80.1726 142.6361 118.6838 62.9789 21.9188 132.6128 143.2064 52.3914 156.4731 0.0000 79.9832 120.5884 149.6781 7.3706 48.7216
80.7407 93.7184 98.9256 54.7457 103.7028 82.0662 65.7815 108.3869 79.0201 137.5193 79.9832 0.0000 23.1645 129.0013 205.9210 128.5559
136.1860 39.1813 144.9264 48.9000 53.4053 84.5288 173.3773 114.0771 103.5718 157.3707 120.5884 23.1645 0.0000 70.9081 6.2051 186.8882
37.7006 165.2429 3.3059 9.9170 53.7850 125.1392 152.2840 104.3395 124.2316 189.9404 149.6781 129.0013 70.9081 0.0000 61.0310 145.9667
120.6240 223.5514 126.4464 100.9697 121.7382 169.3562 125.4759 72.5506 97.8981 68.2221 7.3706 205.9210 6.2051 61.0310 0.0000 112.1200
12.6955 146.3423 143.5764 34.3495 164.4021 182.9732 109.0624 130.2699 24.7588 136.1036 48.7216 128.5559 186.8882 145.9667 112.1200 0.0000
