16
0.0000 62.1674 173.8733 153.4425 165.6477 75.8393 92.8475 64.1505 72.7163 210.1717 153.1994 101.0768 71.4277 38.7417 42.7435 114.0501
62.1674 0.0000 101.1860 36.3459 134.6404 153.4969 161.8537 81.3419 130.3286 91.3983 126.3280 115.4462 197.4555 27.7205 123.6315 22.5682
173.8733 101.1860 0.0000 140.3058 141.4551 124.7929 54.2686 93.2615 33.8166 62.5490 63.2968 41.1832 202.9864 93.6291 88.1345 126.8713
153.4425 36.3459 140.3058 0.0000 49.1433 134.4899 109.8659 89.0944 158.6916 96.7752 64.3518 215.5552 61.7833 176.8248 123.0977 94.1012
165.6477 134.6404 141.4551 49.1433 0.0000 219.4900 156.2803 13.1598 139.8448 139.4211 46.3650 42.8486 45.8272 88.6770 187.5031 111.9806
75.8393 153.4969 124.7929 134.4899 219.4900 0.0000 150.7626 90.8122 83.0678 144.0883 45.3219 133.9969 57.4917 112.7610 58.6520 216.7207
92.8475 161.8537 54.2686 109.8659 156.2803 150.7626 0.0000 145.1385 191.6103 63.3005 49.0101 171.6011 90.5169 37.0484 11.5938 133.3265
64.1505 81.3419 93.2615 89.0944 13.1598 90.8122 145.1385 0.0000 95.6702 178.7623 80.9114 45.7692 61.4204 13.2090 166.9604 117.1758
72.7163 130.3286 33.8166 158.6916 139.8448 83.0678 191.6103 95.6702 0.0000 75.0743 86.7539 127.1815 167.5260 164.2800 104.8645 49.8245
210.1717 91.3983 62.5490 96.7752 139.4211 144.0883 63.3005 178.7623 75.0743 0.0000 188.2550 204.2894 62.6850 74.1789 116.1525 157.3499
153.1994 126.3280 63.2968 64.3518 46.3650 45.3219 49.0101 80.9114 86.7539 188.2550 0.0000 139.6725 128.4965 49.4643 144.9466 35.0276
101.0768 115.4462 41.1832 215.5552 42.8486 133.9969 171.6011 45.7692 127.1815 204.2894 139.6725 0.0000 9.6468 95.4247 105.0094 115.0232
71.4277 197.4555 202.9864 61.7833 45.8272 57.4917 90.5169 61.4204 167.5260 62.6850 128.4965 9.6468 0.0000 198.5265 71.8050 77.5629
38.7417 27.7205 93.6291 176.8248 88.6770 112.7610 37.0484 13.2090 164.2800 74.1789 49.4643 95.4247 198.5265 0.0000 148.6880 187.6773
42.7435 123.6315 88.1345 123.0977 187.5031 58.6520 11.5938 166.9604 104.8645 116.1525 144.9466 105.0094 71.8050 148.6880 0.0000 165.3735
114.0501 22.5682 126.8713 94.1012 111.9806 216.7207 133.3265 117.1758 49.8245 157.3499 35.0276 115.0232 77.5629 187.6773 165.3735 0.0000
