16
0.0000 76.4226 37.9875 81.6246 120.0097 128.8861 31.9350 142.3582 70.8694 80.3126 67.0158 7.2080 116.1586 38.8774 127.9368 67.8090
76.4226 0.0000 120.6608 70.2035 149.2565 34.0430 164.2644 57.9744 167.4695 115.2725 152.0047 171.5054 86.4153 135.5371 47.3740 91.5614
37.9875 120.6608 0.0000 86.6306 92.4271 49.8157 211.2214 168.2111 130.3625 98.6796 101.1415 113.4088 173.7780 19.3637 113.4698 154.8438
81.6246 70.2035 86.6306 0.0000 200.3827 83.4495 67.0225 166.2678 85.0487 125.4807 7.9263 151.3300 118.8273 66.9460 56.7838 12.7497
120.0097 149.2565 92.4271 200.3827 0.0000 34.3969 107.5220 97.0310 74.1526 94.1993 78.0504 116.2008 152.8226 134.1409 182.4399 77.8269
128.8861 34.0430 49.8157 83.4495 34.3969 0.0000 91.3625 127.3386 171.0775 184.9203 37.3195 164.9044 35.7417 47.4612 74.2084 159.9524
31.9350 164.2644 211.2214 67.0225 107.5220 91.3625 0.0000 140.0645 152.6687 100.7785 52.2037 74.5509 121.8792 232.0382 27.6826 112.6711
142.3582 57.9744 168.2111 166.2678 97.0310 127.3386 140.0645 0.0000 150.0460 125.1781 152.4130 125.9221 76.7606 91.9060 66.1293 38.6535
70.8694 167.4695 130.3625 85.0487 74.1526 171.0775 152.6687 150.0460 0.0000 53.0119 72.3228 103.3149 14.3162 22.2828 130.9859 88.0953
80.3126 115.2725 98.6796 125.4807 94.1993 184.9203 100.7785 125.1781 53.0119 0.0000 221.5956 26.8966 69.2006 89.5937 39.6774 146.6704
67.0158 152.0047 101.1415 7.9263 78.0504 37.3195 52.2037 152.4130 72.3228 221.5956 0.0000 91.8897 126.7195 91.7873 192.8340 52.3912
7.2080 171.5054 113.4088 151.3300 116.2008 164.9044 74.5509 125.9221 103.3149 26.8966 91.8897 0.0000 166.8428 48.7375 93.9295 72.0545
116.1586 86.4153 173.7780 118.8273 152.8226 35.7417 121.8792 76.7606 14.3162 69.2006 126.7195 166.8428 0.0000 55.6557 53.8531 51.9931
38.8774 135.5371 19.3637 66.9460 134.1409 47.4612 232.0382 91.9060 22.2828 89.5937 91.7873 48.7375 55.6557 0.0000 88.7112 199.0757
127.9368 47.3740 113.4698 56.7838 182.4399 74.2084 27.6826 66.1293 130.9859 39.6774 192.8340 93.9295 53.8531 88.7112 0.0000 60.1132
67.8090 91.5614 154.8438 12.7497 77.8269 159.9524 112.6711 38.6535 88.0953 146.6704 52.3912 72.0545 51.9931 199.0757 60.1132 0.0000
