16
0.0000 115.3454 35.3656 59.1111 157.3543 151.5351 36.9081 64.9914 91.7363 196.9483 43.8691 104.8168 75.1374 90.2060 124.4151 165.5900
115.3454 0.0000 10.6229 84.9707 98.4621 244.8240 334.1651 69.8718 177.5850 17.2421 99.2396 150.9550 157.1075 121.9130 120.9030 44.6252
35.3656 10.6229 0.0000 100.5502 125.0429 94.0692 179.5126 32.1321 133.5152 202.3908 131.1939 168.7518 29.6885 101.7673 111.3785 103.3640
59.1111 84.9707 100.5502 0.0000 94.8772 31.2661 61.1400 79.5712 158.5769 63.2655 152.2981 86.2981 202.9640 134.2459 166.7622 91.2768
157.3543 98.4621 125.0429 94.8772 0.0000 100.0170 37.8759 91.6018 106.6568 154.2531 148.1132 30.3755 33.9563 69.7159 90.1355 110.9716
151.5351 244.8240 94.0692 31.2661 100.0170 0.0000 136.2927 144.0982 150.2315 88.5187 15.0482 73.6250 120.6996 50.7626 43.6776 85.8440
36.9081 334.1651 179.5126 61.1400 37.8759 136.2927 0.0000 45.8768 162.1264 224.7650 145.1758 124.2215 41.2622 18.0485 123.0246 192.4678
64.9914 69.8718 32.1321 79.5712 91.6018 144.0982 45.8768 0.0000 44.2487 218.2362 176.2208 64.0951 69.0073 19.6138 174.7425 6.7296
91.7363 177.5850 133.5152 158.5769 106.6568 150.2315 162.1264 44.2487 0.0000 69.6833 206.6041 49.3571 120.5829 55.8014 103.9278 43.8346
196.9483 17.2421 202.3908 63.2655 154.2531 88.5187 224.7650 218.2362 69.6833 0.0000 138.1213 102.4727 152.4155 86.1633 108.5494 176.5017
43.8691 99.2396 131.1939 152.2981 148.1132 15.0482 145.1758 176.2208 206.6041 138.1213 0.0000 49.0895 182.9544 153.6538 99.0006 130.0890
104.8168 150.9550 168.7518 86.2981 30.3755 73.6250 124.2215 64.0951 49.3571 102.4727 49.0895 0.0000 191.8260 82.6294 208.7474 171.2290
75.1374 157.1075 29.6885 202.9640 33.9563 120.6996 41.2622 69.0073 120.5829 152.4155 182.9544 191.8260 0.0000 145.7499 153.7072 107.5454
90.2060 121.9130 101.7673 134.2459 69.7159 50.7626 18.0485 19.6138 55.8014 86.1633 153.6538 82.6294 145.7499 0.0000 135.1026 129.3676
124.4151 120.9030 111.3785 166.7622 90.1355 43.6776 123.0246 174.7425 103.9278 108.5494 99.0006 208.7474 153.7072 135.1026 0.0000 111.6582
165.5900 44.6252 103.3640 91.2768 110.9716 85.8440 192.4678 6.7296 43.8346 176.5017 130.0890 171.2290 107.5454 129.3676 111.6582 0.0000
