16
0.0000 128.7459 17.2771 194.1113 129.9786 54.3238 83.7054 61.6662 50.0636 46.3999 15.8490 111.2592 106.7706 160.8852 2.3617 42.7821
128.7459 0.0000 27.4364 54.0733 153.9216 65.8330 203.3003 193.0381 79.1420 83.0185 209.6618 71.2916 191.2661 1.7175 92.6114 100.5009
17.2771 27.4364 0.0000 54.1822 54.0665 80.5401 132.6156 33.4936 183.7517 49.6575 205.9456 70.1245 87.0911 142.6459 126.0540 134.2190
194.1113 54.0733 54.1822 0.0000 28.7906 132.0617 91.1921 160.5820 14.2803 17.9772 98.3631 4.7518 51.7552 59.5127 108.7621 142.9149
129.9786 153.9216 54.0665 28.7906 0.0000 123.7236 108.6475 56.0091 156.0321 17.0580 85.9291 14.0711 93.6963 125.1091 119.8701 38.2024
54.3238 65.8330 80.5401 132.0617 123.7236 0.0000 77.7881 92.0406 251.9209 155.0470 92.3178 162.9322 147.0440 134.5156 89.1000 143.6431
83.7054 203.3003 132.6156 91.1921 108.6475 77.7881 0.0000 82.3297 109.0528 203.3041 45.7831 109.0650 77.2277 94.7956 146.1300 79.4078
61.6662 193.0381 33.4936 160.5820 56.0091 92.0406 82.3297 0.0000 126.6712 86.4150 124.5614 128.1299 232.7988 151.0667 18.5500 170.6251
50.0636 79.1420 183.7517 14.2803 156.0321 251.9209 109.0528 126.6712 0.0000 170.8987 166.0699 169.8730 149.1669 203.0630 95.5465 60.2817
46.3999 83.0185 49.6575 17.9772 17.0580 155.0470 203.3041 86.4150 170.8987 0.0000 43.4730 123.7220 109.1280 215.0464 118.5098 123.4168
15.8490 209.6618 205.9456 98.3631 85.9291 92.3178 45.7831 124.5614 166.0699 43.4730 0.0000 38.2277 166.9091 18.8766 82.6559 186.4137
111.2592 71.2916 70.1245 4.7518 14.0711 162.9322 109.0650 128.1299 169.8730 123.7220 38.2277 0.0000 109.2281 149.0535 83.1171 63.9382
106.7706 191.2661 87.0911 51.7552 93.6963 147.0440 77.2277 232.7988 149.1669 109.1280 166.9091 109.2281 0.0000 214.8713 32.6080 77.2978
160.8852 1.7175 142.6459 59.5127 125.1091 134.5156 94.7956 151.0667 203.0630 215.0464 18.8766 149.0535 214.8713 0.0000 102.2546 108.3102
2.3617 92.6114 126.0540 108.7621 119.8701 89.1000 146.1300 18.5500 95.5465 118.5098 82.6559 83.1171 32.6080 102.2546 0.0000 73.4352
42.7821 100.5009 134.2190 142.9149 38.2024 143.6431 79.4078 170.6251 60.2817 123.4168 186.4137 63.9382 77.2978 108.3102 73.4352 0.0000
