16
0.0000 75.7717 149.8637 161.4712 136.3869 97.0978 79.5616 168.1013 13.8755 62.3005 49.5483 80.5269 9.0113 109.7943 87.4510 158.5820
75.7717 0.0000 87.1896 75.2203 87.0344 67.5432 56.3566 107.6712 74.1305 160.5511 170.5627 26.1369 189.6655 208.5698 244.3985 28.8972
149.8637 87.1896 0.0000 148.6729 123.0969 96.7193 60.4253 62.0803 80.8130 79.8640 104.0516 34.1849 93.8156 117.0468 45.5749 146.3156
161.4712 75.2203 148.6729 0.0000 61.6855 143.7166 84.2491 42.2728 26.3433 107.7820 154.5004 139.1808 133.6219 87.1918 38.6276 20.6184
136.3869 87.0344 123.0969 61.6855 0.0000 103.2666 70.2632 113.0127 128.7116 58.1000 100.1576 127.7679 80.9477 137.8061 175.3401 3.3075
97.0978 67.5432 96.7193 143.7166 103.2666 0.0000 98.9071 171.1900 119.3975 59.8884 80.4590 73.8455 6.1734 74.4496 111.9808 187.3690
79.5616 56.3566 60.4253 84.2491 70.2632 98.9071 0.0000 91.4289 98.0605 49.8544 111.4342 118.4510 140.3270 199.2054 80.3661 9.9226
168.1013 107.6712 62.0803 42.2728 113.0127 171.1900 91.4289 0.0000 190.7524 208.8227 105.8366 111.4517 161.2597 198.4482 5.9417 113.5156
13.8755 74.1305 80.8130 26.3433 128.7116 119.3975 98.0605 190.7524 0.0000 6.3642 125.0963 82.1572 180.4467 205.4320 54.0056 85.6420
62.3005 160.5511 79.8640 107.7820 58.1000 59.8884 49.8544 208.8227 6.3642 0.0000 66.2942 196.2483 32.1527 171.0327 71.2648 208.8111
49.5483 170.5627 104.0516 154.5004 100.1576 80.4590 111.4342 105.8366 125.0963 66.2942 0.0000 52.0688 184.9650 119.6738 112.7392 20.8368
80.5269 26.1369 34.1849 139.1808 127.7679 73.8455 118.4510 111.4517 82.1572 196.2483 52.0688 0.0000 107.9166 122.7628 93.6649 38.9003
9.0113 189.6655 93.8156 133.6219 80.9477 6.1734 140.3270 161.2597 180.4467 32.1527 184.9650 107.9166 0.0000 97.7450 66.7669 85.4258
109.7943 208.5698 117.0468 87.1918 137.8061 74.4496 199.2054 198.4482 205.4320 171.0327 119.6738 122.7628 97.7450 0.0000 29.7889 235.2871
87.4510 244.3985 45.5749 38.6276 175.3401 111.9808 80.3661 5.9417 54.0056 71.2648 112.7392 93.6649 66.7669 29.7889 0.0000 90.1533
158.5820 28.8972 146.3156 20.6184 3.3075 187.3690 9.9226 113.5156 85.6420 208.8111 20.8368 38.9003 85.4258 235.2871 90.1533 0.0000
