16
0.0000 81.5817 117.4372 132.4817 117.9933 13.4489 70.2702 181.1170 0.5057 36.5443 184.4494 29.6242 25.8331 55.5441 76.4945 22.3917
81.5817 0.0000 106.8540 39.0488 158.5492 127.1801 79.5290 245.6973 77.0919 101.5021 57.5193 71.7021 132.9068 113.0753 167.3594 170.0700
117.4372 106.8540 0.0000 119.0225 134.1481 96.8260 25.3255 107.9162 89.3869 25.6714 146.2502 19.5361 138.0941 33.8853 12.2325 127.9800
132.4817 39.0488 119.0225 0.0000 101.5044 88.1130 97.3959 62.4146 205.7651 129.0462 72.0254 204.5882 19.0090 67.3733 101.5000 189.1450
117.9933 158.5492 134.1481 101.5044 0.0000 86.9988 97.2604 61.0081 164.4347 148.0839 102.7868 99.2526 27.1151 115.9561 142.6530 67.4845
13.4489 127.1801 96.8260 88.1130 86.9988 0.0000 142.6018 117.4317 161.0088 176.2267 52.0324 68.2393 134.5098 88.5761 168.5383 3.5939
70.2702 79.5290 25.3255 97.3959 97.2604 142.6018 0.0000 86.8961 201.2113 128.8729 165.3685 120.8938 126.9066 33.2011 15.6322 142.9807
181.1170 245.6973 107.9162 62.4146 61.0081 117.4317 86.8961 0.0000 122.9870 240.3266 34.9522 131.6714 124.3943 32.1226 40.1451 156.7407
0.5057 77.0919 89.3869 205.7651 164.4347 161.0088 201.2113 122.9870 0.0000 43.4910 168.0551 64.3386 93.9991 51.6702 154.1561 80.9063
36.5443 101.5021 25.6714 129.0462 148.0839 176.2267 128.8729 240.3266 43.4910 0.0000 208.2346 126.4874 92.7160 33.3537 153.7527 65.8669
184.4494 57.5193 146.2502 72.0254 102.7868 52.0324 165.3685 34.9522 168.0551 208.2346 0.0000 183.7756 165.1537 115.4201 177.1777 165.1060
29.6242 71.7021 19.5361 204.5882 99.2526 68.2393 120.8938 131.6714 64.3386 126.4874 183.7756 0.0000 107.4192 58.9066 137.9557 138.6366
25.8331 132.9068 138.0941 19.0090 27.1151 134.5098 126.9066 124.3943 93.9991 92.7160 165.1537 107.4192 0.0000 64.8083 66.9740 308.7741
55.5441 113.0753 33.8853 67.3733 115.9561 88.5761 33.2011 32.1226 51.6702 33.3537 115.4201 58.9066 64.8083 0.0000 103.2943 104.7523
76.4945 167.3594 12.2325 101.5000 142.6530 168.5383 15.6322 40.1451 154.1561 153.7527 177.1777 137.9557 66.9740 103.2943 0.0000 10.5949
22.3917 170.0700 127.9800 189.1450 67.4845 3.5939 142.9807 156.7407 80.9063 65.8669 165.1060 138.6366 308.7741 104.7523 10.5949 0.0000
