16
0.0000 120.6825 117.5362 235.4843 9.5057 187.8778 29.3052 151.6575 122.3756 94.2277 61.6145 77.8881 124.2335 86.4903 57.4470 112.2910
120.6825 0.0000 120.9534 26.3441 24.6423 77.8275 61.6406 112.4318 71.6910 54.0306 31.8310 85.3816 86.5481 146.7353 54.3122 115.4042
117.5362 120.9534 0.0000 18.8535 63.3469 97.6173 38.1286 202.2921 50.3441 254.9752 153.6464 36.1001 162.2257 100.0914 73.8086 49.6454
235.4843 26.3441 18.8535 0.0000 51.9930 66.3195 52.4274 103.0395 53.9852 216.5072 50.4128 178.9165 141.5819 132.4944 91.9095 94.1079
9.5057 24.6423 63.3469 51.9930 0.0000 173.1516 16.3547 58.3761 71.5852 206.5441 0.8965 40.9222 155.9265 139.8709 223.3853 120.0679
187.8778 77.8275 97.6173 66.3195 173.1516 0.0000 117.9121 70.9377 98.0220 109.0543 110.1161 39.0323 106.4853 180.1063 105.5069 98.4880
29.3052 61.6406 38.1286 52.4274 16.3547 117.9121 0.0000 46.1563 37.9427 47.3534 79.7602 101.4151 163.4352 119.6925 141.6919 18.8157
151.6575 112.4318 202.2921 103.0395 58.3761 70.9377 46.1563 0.0000 140.4280 42.7561 211.8841 79.4247 79.9050 67.0124 58.3030 35.0339
122.3756 71.6910 50.3441 53.9852 71.5852 98.0220 37.9427 140.4280 0.0000 92.8769 58.6779 87.7690 74.5898 51.1123 49.4803 122.0956
94.2277 54.0306 254.9752 216.5072 206.5441 109.0543 47.3534 42.7561 92.8769 0.0000 94.1051 43.3631 102.8122 103.8141 143.7059 124.4916
61.6145 31.8310 153.6464 50.4128 0.8965 110.1161 79.7602 211.8841 58.6779 94.1051 0.0000 72.1812 151.0481 54.1142 38.3330 203.4049
77.8881 85.3816 36.1001 178.9165 40.9222 39.0323 101.4151 79.4247 87.7690 43.3631 72.1812 0.0000 91.7856 40.2327 179.9436 77.4367
124.2335 86.5481 162.2257 141.5819 155.9265 106.4853 163.4352 79.9050 74.5898 102.8122 151.0481 91.7856 0.0000 110.0439 172.6231 92.4457
86.4903 146.7353 100.0914 132.4944 139.8709 180.1063 119.6925 67.0124 51.1123 103.8141 54.1142 40.2327 110.0439 0.0000 66.6883 153.8147
57.4470 54.3122 73.8086 91.9095 223.3853 105.5069 141.6919 58.3030 49.4803 143.7059 38.3330 179.9436 172.6231 66.6883 0.0000 234.6873
112.2910 115.4042 49.6454 94.1079 120.0679 98.4880 18.8157 35.0339 122.0956 124.4916 203.4049 77.4367 92.4457 153.8147 234.6873 0.0000
