30
0.0000 244.9472 143.0245 119.0705 100.4585 62.2616 129.1757 35.2679 272.3528 181.6155 134.4297 128.3971 101.6220 94.3007 91.4190 97.7536 66.5068 113.7012 43.9005 71.7795 149.7579 166.7856 196.2039 173.5130 79.0389 99.1209 15.9675 129.3675 84.1417 141.0431
244.9472 0.0000 76.6391 160.6638 88.8941 105.2600 212.4291 172.2141 43.8300 158.2117 146.6111 1.6197 6.6958 17.7892 83.0689 179.6304 124.2602 149.7756 86.8547 48.5382 129.5721 140.6646 86.3769 95.7204 226.0141 95.0042 50.8999 132.0892 162.3425 188.8276
143.0245 76.6391 0.0000 161.1638 57.7705 111.3982 154.6474 112.7364 67.7124 30.8449 129.3893 222.8170 114.0849 96.3734 102.2201 28.9357 46.8512 134.4280 238.3389 99.6746 166.2157 102.4945 62.3841 109.0640 22.6302 92.5046 252.5592 112.6533 82.4492 149.7175
119.0705 160.6638 161.1638 0.0000 6.8343 52.6615 119.6075 151.4991 137.7794 41.7002 146.5184 118.6935 64.3982 71.4506 80.3521 146.1476 15.3535 61.2968 82.7232 145.5049 77.0983 159.3864 135.1033 97.9688 149.2624 69.8542 55.9394 120.6098 79.7509 206.6849
100.4585 88.8941 57.7705 6.8343 0.0000 27.3590 29.5560 116.3952 117.8415 173.8787 167.7569 100.5148 214.5963 67.9878 37.0337 71.9410 119.8131 53.7561 5.7726 83.4939 190.9377 38.0408 31.3336 94.1941 66.6546 18.6871 140.7909 110.6294 166.0363 77.7781
62.2616 105.2600 111.3982 52.6615 27.3590 0.0000 113.7232 168.8459 54.3493 148.5100 139.7170 183.7333 48.9571 5.5375 98.5639 148.2555 83.7978 96.2689 71.1105 150.9007 3.0187 28.8315 168.2029 39.8055 175.6073 104.8860 217.7704 8.8518 83.0746 119.7566
129.1757 212.4291 154.6474 119.6075 29.5560 113.7232 0.0000 117.3057 139.4953 97.7198 25.2140 37.3411 134.4021 116.5650 92.3735 65.4092 108.6107 108.3835 74.7243 112.3349 161.6840 56.6959 154.7917 20.2925 123.1635 210.0025 29.2598 77.9250 198.7782 110.6985
35.2679 172.2141 112.7364 151.4991 116.3952 168.8459 117.3057 0.0000 64.9922 164.6737 231.8739 30.4533 51.6766 250.8266 32.4088 207.9576 91.5340 160.9376 62.9424 72.4860 57.7889 94.3101 22.6334 89.4540 103.5348 71.2687 20.6889 130.5864 170.3494 147.8853
272.3528 43.8300 67.7124 137.7794 117.8415 54.3493 139.4953 64.9922 0.0000 101.1444 156.9927 43.4479 102.0789 117.1599 169.6204 44.2377 104.1187 11.1328 81.8921 51.2280 107.0247 185.0737 102.3556 143.6516 111.4136 223.0236 46.3606 151.7449 77.1713 115.6890
181.6155 158.2117 30.8449 41.7002 173.8787 148.5100 97.7198 164.6737 101.1444 0.0000 160.3747 191.9199 192.3570 112.2655 26.9766 58.5618 87.5593 239.5655 95.3020 145.3821 26.2495 143.7168 12.1629 225.2343 79.1510 109.6278 100.2098 43.1913 180.1516 152.9564
134.4297 146.6111 129.3893 146.5184 167.7569 139.7170 25.2140 231.8739 156.9927 160.3747 0.0000 101.1635 124.9466 140.7503 185.9852 102.9584 102.1041 162.8869 103.6956 137.7614 181.7603 178.7522 117.1747 67.2056 199.1959 159.1704 131.5003 24.3744 196.9072 112.7177
128.3971 1.6197 222.8170 118.6935 100.5148 183.7333 37.3411 30.4533 43.4479 191.9199 101.1635 0.0000 91.2893 86.8758 142.8891 166.0587 204.4754 52.4879 157.5187 25.0837 181.3484 127.9929 139.6731 90.3186 79.6651 71.3712 110.4823 74.8697 49.2596 151.3303
101.6220 6.6958 114.0849 64.3982 214.5963 48.9571 134.4021 51.6766 102.0789 192.3570 124.9466 91.2893 0.0000 2.4390 219.2754 61.7744 81.5403 186.6827 18.3204 76.8276 175.5280 189.1105 110.9401 118.7194 74.7074 65.5161 102.2876 49.0457 165.7523 112.9145
94.3007 17.7892 96.3734 71.4506 67.9878 5.5375 116.5650 250.8266 117.1599 112.2655 140.7503 86.8758 2.4390 0.0000 113.0822 68.4253 73.7635 115.2894 131.4090 69.5834 147.9389 161.8613 132.4328 69.3658 64.9347 64.6833 136.5408 125.3546 84.8898 58.4346
91.4190 83.0689 102.2201 80.3521 37.0337 98.5639 92.3735 32.4088 169.6204 26.9766 185.9852 142.8891 219.2754 113.0822 0.0000 132.8683 93.9134 17.1488 56.8008 87.8563 67.1478 43.0995 99.5853 51.2787 37.4895 189.9225 19.9479 117.8643 158.1033 171.6722
97.7536 179.6304 28.9357 146.1476 71.9410 148.2555 65.4092 207.9576 44.2377 58.5618 102.9584 166.0587 61.7744 68.4253 132.8683 0.0000 158.7354 13.0857 16.8453 7.2130 155.5186 45.6923 65.5489 113.9341 170.6867 83.8205 116.7220 75.3530 164.5879 82.3670
66.5068 124.2602 46.8512 15.3535 119.8131 83.7978 108.6107 91.5340 104.1187 87.5593 102.1041 204.4754 81.5403 73.7635 93.9134 158.7354 0.0000 143.2307 106.6202 97.9735 164.4208 58.4632 17.1907 36.4724 68.9360 78.2486 101.1522 136.3161 7.6380 79.0492
113.7012 149.7756 134.4280 61.2968 53.7561 96.2689 108.3835 160.9376 11.1328 239.5655 162.8869 52.4879 186.6827 115.2894 17.1488 13.0857 143.2307 0.0000 218.3066 164.6461 137.6531 174.9294 79.7781 63.8597 199.7135 43.6192 146.9538 43.8625 45.7730 123.4126
43.9005 86.8547 238.3389 82.7232 5.7726 71.1105 74.7243 62.9424 81.8921 95.3020 103.6956 157.5187 18.3204 131.4090 56.8008 16.8453 106.6202 218.3066 0.0000 149.1441 111.7732 113.9735 90.8989 88.5566 118.5674 211.5804 84.5572 79.0684 124.8414 4.7167
71.7795 48.5382 99.6746 145.5049 83.4939 150.9007 112.3349 72.4860 51.2280 145.3821 137.7614 25.0837 76.8276 69.5834 87.8563 7.2130 97.9735 164.6461 149.1441 0.0000 45.5187 109.6376 182.7202 60.7994 68.8725 188.5295 87.6732 119.6346 112.3240 94.3868
149.7579 129.5721 166.2157 77.0983 190.9377 3.0187 161.6840 57.7889 107.0247 26.2495 181.7603 181.3484 175.5280 147.9389 67.1478 155.5186 164.4208 137.6531 111.7732 45.5187 0.0000 85.2751 168.3162 194.0028 220.1141 104.1796 108.3113 179.6707 69.6746 110.3612
166.7856 140.6646 102.4945 159.3864 38.0408 28.8315 56.6959 94.3101 185.0737 143.7168 178.7522 127.9929 189.1105 161.8613 43.0995 45.6923 58.4632 174.9294 113.9735 109.6376 85.2751 0.0000 161.8725 52.5025 141.1399 94.3480 77.4583 164.3098 132.4111 94.4911
196.2039 86.3769 62.3841 135.1033 31.3336 168.2029 154.7917 22.6334 102.3556 12.1629 117.1747 139.6731 110.9401 132.4328 99.5853 65.5489 17.1907 79.7781 90.8989 182.7202 168.3162 161.8725 0.0000 92.6443 68.1772 174.7568 145.3431 169.6797 56.2462 24.9967
173.5130 95.7204 109.0640 97.9688 94.1941 39.8055 20.2925 89.4540 143.6516 225.2343 67.2056 90.3186 118.7194 69.3658 51.2787 113.9341 36.4724 63.8597 88.5566 60.7994 194.0028 52.5025 92.6443 0.0000 186.2787 109.9359 25.4851 81.6887 130.6015 101.6250
79.0389 226.0141 22.6302 149.2624 66.6546 175.6073 123.1635 103.5348 111.4136 79.1510 199.1959 79.6651 74.7074 64.9347 37.4895 170.6867 68.9360 199.7135 118.5674 68.8725 220.1141 141.1399 68.1772 186.2787 0.0000 102.4471 30.5810 139.0328 110.5808 209.4239
99.1209 95.0042 92.5046 69.8542 18.6871 104.8860 210.0025 71.2687 223.0236 109.6278 159.1704 71.3712 65.5161 64.6833 189.9225 83.8205 78.2486 43.6192 211.5804 188.5295 104.1796 94.3480 174.7568 109.9359 102.4471 0.0000 45.1726 18.9245 79.8840 60.7096
15.9675 50.8999 252.5592 55.9394 140.7909 217.7704 29.2598 20.6889 46.3606 100.2098 131.5003 110.4823 102.2876 136.5408 19.9479 116.7220 101.1522 146.9538 84.5572 87.6732 108.3113 77.4583 145.3431 25.4851 30.5810 45.1726 0.0000 73.0996 36.1476 6.5401
129.3675 132.0892 112.6533 120.6098 110.6294 8.8518 77.9250 130.5864 151.7449 43.1913 24.3744 74.8697 49.0457 125.3546 117.8643 75.3530 136.3161 43.8625 79.0684 119.6346 179.6707 164.3098 169.6797 81.6887 139.0328 18.9245 73.0996 0.0000 95.2605 106.1956
84.1417 162.3425 82.4492 79.7509 166.0363 83.0746 198.7782 170.3494 77.1713 180.1516 196.9072 49.2596 165.7523 84.8898 158.1033 164.5879 7.6380 45.7730 124.8414 112.3240 69.6746 132.4111 56.2462 130.6015 110.5808 79.8840 36.1476 95.2605 0.0000 54.8814
141.0431 188.8276 149.7175 206.6849 77.7781 119.7566 110.6985 147.8853 115.6890 152.9564 112.7177 151.3303 112.9145 58.4346 171.6722 82.3670 79.0492 123.4126 4.7167 94.3868 110.3612 94.4911 24.9967 101.6250 209.4239 60.7096 6.5401 106.1956 54.8814 0.0000
