30
0.0000 109.4384 54.7369 102.7646 143.6079 117.1789 23.3893 189.2048 46.2013 89.6636 67.3357 45.9780 103.8218 166.1432 84.8189 51.0987 83.8774 50.1386 54.8817 5.9000 202.2461 9.0527 198.9131 171.7894 56.2150 55.5085 156.7072 120.1711 181.3156 129.4738
109.4384 0.0000 212.1837 110.0377 43.5862 109.5287 130.0001 191.8172 63.7439 165.1252 162.7482 28.1941 106.5513 95.1206 154.9515 99.3904 137.1381 122.2210 24.8435 140.6714 107.8949 53.6920 136.8567 155.9178 53.7162 8.8269 160.0841 159.2047 14.5050 110.4546
54.7369 212.1837 0.0000 22.4245 225.4784 123.6939 79.6559 144.7147 37.8029 100.2786 89.0876 56.5297 116.8072 61.3681 105.4993 67.7633 237.1278 171.6546 96.6230 101.2457 58.7960 109.1485 58.4205 63.0609 194.8119 171.2341 85.9497 21.4489 128.8362 68.1034
102.7646 110.0377 22.4245 0.0000 167.8245 74.1541 205.8987 107.0324 200.6094 118.2369 168.9225 48.6973 106.1971 82.1699 138.7612 134.5774 162.2030 38.4252 102.3592 63.3552 72.2121 103.9325 84.7388 154.8532 128.3598 186.9704 151.2660 266.2493 190.4979 175.3504
143.6079 43.5862 225.4784 167.8245 0.0000 158.8331 160.1897 75.1222 118.7376 72.4740 137.6370 27.6077 151.3836 88.8280 65.1992 30.2664 10.2573 248.6316 0.7548 80.4578 92.4354 208.7369 74.7018 146.1786 133.1997 40.8142 105.2356 39.4421 90.6661 149.7942
117.1789 109.5287 123.6939 74.1541 158.8331 0.0000 209.1563 112.8067 213.1340 112.5007 91.2658 172.5099 70.1568 252.4511 29.4074 141.0341 118.9346 69.4267 80.1678 39.3121 169.1817 118.0610 102.0954 181.9297 70.3834 62.3994 41.4363 124.8377 61.6001 181.3162
23.3893 130.0001 79.6559 205.8987 160.1897 209.1563 0.0000 201.9836 25.5275 172.4498 191.4889 157.0646 25.9856 60.7637 171.1382 78.3694 111.4507 67.9666 95.7616 104.8390 73.0953 69.5135 53.1098 140.8936 62.1422 103.3668 148.7365 83.9973 101.3219 46.9238
189.2048 191.8172 144.7147 107.0324 75.1222 112.8067 201.9836 0.0000 55.7178 52.2917 79.6819 163.0811 214.5475 113.0066 109.7450 73.9262 86.8505 231.2950 85.4809 0.2310 232.7199 178.1772 96.5526 48.5063 80.8871 135.2667 76.3744 85.5473 161.4107 114.3488
46.2013 63.7439 37.8029 200.6094 118.7376 213.1340 25.5275 55.7178 0.0000 96.5298 46.1695 0.1090 140.2866 222.7579 70.3090 153.8354 52.6824 176.6646 162.6200 239.2124 119.5324 128.5005 25.9600 15.1040 238.9022 44.4943 84.9255 74.2198 184.5224 216.6217
89.6636 165.1252 100.2786 118.2369 72.4740 112.5007 172.4498 52.2917 96.5298 0.0000 101.8604 116.6446 16.7268 161.1232 157.2353 24.9232 91.5780 55.8008 135.7311 25.1484 95.0956 201.5002 122.9745 109.9893 87.8519 159.6564 165.6871 87.8504 61.0636 68.2314
67.3357 162.7482 89.0876 168.9225 137.6370 91.2658 191.4889 79.6819 46.1695 101.8604 0.0000 4.8013 143.0070 138.6406 65.0038 108.6967 96.1268 229.8209 76.4561 131.8191 90.6550 83.8078 62.3892 216.2035 183.8439 138.4595 158.9489 14.4769 144.9498 48.6328
45.9780 28.1941 56.5297 48.6973 27.6077 172.5099 157.0646 163.0811 0.1090 116.6446 4.8013 0.0000 34.1576 99.2116 121.0115 144.4668 111.7946 151.9878 108.5539 91.5291 108.4939 133.4575 86.7867 220.4517 105.7247 89.0938 195.5122 129.0570 120.2003 101.2446
103.8218 106.5513 116.8072 106.1971 151.3836 70.1568 25.9856 214.5475 140.2866 16.7268 143.0070 34.1576 0.0000 97.5779 20.8867 152.4597 2.7918 87.3378 84.1327 78.0428 105.6667 127.2876 163.1111 146.6143 84.6393 48.2112 53.1467 132.1868 5.0389 72.1830
166.1432 95.1206 61.3681 82.1699 88.8280 252.4511 60.7637 113.0066 222.7579 161.1232 138.6406 99.2116 97.5779 0.0000 237.3906 131.0427 155.3597 8.3891 30.9260 164.5950 30.5541 76.3621 121.2703 166.1899 136.3061 7.9825 83.7316 87.3367 144.1456 176.9785
84.8189 154.9515 105.4993 138.7612 65.1992 29.4074 171.1382 109.7450 70.3090 157.2353 65.0038 121.0115 20.8867 237.3906 0.0000 103.9226 138.0574 181.0256 127.8162 23.8490 140.2204 199.1721 76.0786 91.1776 181.1126 90.6335 145.7420 196.2024 181.6437 88.3220
51.0987 99.3904 67.7633 134.5774 30.2664 141.0341 78.3694 73.9262 153.8354 24.9232 108.6967 144.4668 152.4597 131.0427 103.9226 0.0000 154.2789 61.2122 32.0095 104.2809 109.2562 80.9186 75.7898 68.0737 49.0628 85.8878 64.6220 28.7420 128.5184 138.4913
83.8774 137.1381 237.1278 162.2030 10.2573 118.9346 111.4507 86.8505 52.6824 91.5780 96.1268 111.7946 2.7918 155.3597 138.0574 154.2789 0.0000 139.2194 110.1545 182.4432 67.8134 86.9624 38.7049 64.9798 61.4892 97.1315 105.6638 117.8855 71.8645 76.8795
50.1386 122.2210 171.6546 38.4252 248.6316 69.4267 67.9666 231.2950 176.6646 55.8008 229.8209 151.9878 87.3378 8.3891 181.0256 61.2122 139.2194 0.0000 60.8517 133.5118 10.7479 88.9239 10.0522 27.3360 50.0186 146.9876 113.5109 99.2645 144.8228 89.4698
54.8817 24.8435 96.6230 102.3592 0.7548 80.1678 95.7616 85.4809 162.6200 135.7311 76.4561 108.5539 84.1327 30.9260 127.8162 32.0095 110.1545 60.8517 0.0000 189.3901 109.2798 188.5206 78.3949 103.4446 105.4515 56.3112 113.9664 103.2726 160.6429 127.8771
5.9000 140.6714 101.2457 63.3552 80.4578 39.3121 104.8390 0.2310 239.2124 25.1484 131.8191 91.5291 78.0428 164.5950 23.8490 104.2809 182.4432 133.5118 189.3901 0.0000 232.4177 64.3709 205.6697 34.4524 22.7489 145.3763 106.3565 147.5443 104.9732 51.4592
202.2461 107.8949 58.7960 72.2121 92.4354 169.1817 73.0953 232.7199 119.5324 95.0956 90.6550 108.4939 105.6667 30.5541 140.2204 109.2562 67.8134 10.7479 109.2798 232.4177 0.0000 107.2672 111.9168 196.6375 99.7063 39.7763 119.2460 196.5878 47.1678 138.0587
9.0527 53.6920 109.1485 103.9325 208.7369 118.0610 69.5135 178.1772 128.5005 201.5002 83.8078 133.4575 127.2876 76.3621 199.1721 80.9186 86.9624 88.9239 188.5206 64.3709 107.2672 0.0000 5.4074 144.2599 160.6154 108.2446 82.7694 26.8897 108.6695 92.5230
198.9131 136.8567 58.4205 84.7388 74.7018 102.0954 53.1098 96.5526 25.9600 122.9745 62.3892 86.7867 163.1111 121.2703 76.0786 75.7898 38.7049 10.0522 78.3949 205.6697 111.9168 5.4074 0.0000 131.2017 154.8034 87.3034 115.2596 206.1734 91.1597 79.8904
171.7894 155.9178 63.0609 154.8532 146.1786 181.9297 140.8936 48.5063 15.1040 109.9893 216.2035 220.4517 146.6143 166.1899 91.1776 68.0737 64.9798 27.3360 103.4446 34.4524 196.6375 144.2599 131.2017 0.0000 41.6038 176.6568 75.5521 99.0906 122.9357 34.6489
56.2150 53.7162 194.8119 128.3598 133.1997 70.3834 62.1422 80.8871 238.9022 87.8519 183.8439 105.7247 84.6393 136.3061 181.1126 49.0628 61.4892 50.0186 105.4515 22.7489 99.7063 160.6154 154.8034 41.6038 0.0000 179.6821 126.1211 10.0221 240.2372 62.0858
55.5085 8.8269 171.2341 186.9704 40.8142 62.3994 103.3668 135.2667 44.4943 159.6564 138.4595 89.0938 48.2112 7.9825 90.6335 85.8878 97.1315 146.9876 56.3112 145.3763 39.7763 108.2446 87.3034 176.6568 179.6821 0.0000 120.8628 137.6731 203.3234 121.3738
156.7072 160.0841 85.9497 151.2660 105.2356 41.4363 148.7365 76.3744 84.9255 165.6871 158.9489 195.5122 53.1467 83.7316 145.7420 64.6220 105.6638 113.5109 113.9664 106.3565 119.2460 82.7694 115.2596 75.5521 126.1211 120.8628 0.0000 196.7633 26.1071 210.1999
120.1711 159.2047 21.4489 266.2493 39.4421 124.8377 83.9973 85.5473 74.2198 87.8504 14.4769 129.0570 132.1868 87.3367 196.2024 28.7420 117.8855 99.2645 103.2726 147.5443 196.5878 26.8897 206.1734 99.0906 10.0221 137.6731 196.7633 0.0000 93.3278 118.4933
181.3156 14.5050 128.8362 190.4979 90.6661 61.6001 101.3219 161.4107 184.5224 61.0636 144.9498 120.2003 5.0389 144.1456 181.6437 128.5184 71.8645 144.8228 160.6429 104.9732 47.1678 108.6695 91.1597 122.9357 240.2372 203.3234 26.1071 93.3278 0.0000 38.7471
129.4738 110.4546 68.1034 175.3504 149.7942 181.3162 46.9238 114.3488 216.6217 68.2314 48.6328 101.2446 72.1830 176.9785 88.3220 138.4913 76.8795 89.4698 127.8771 51.4592 138.0587 92.5230 79.8904 34.6489 62.0858 121.3738 210.1999 118.4933 38.7471 0.0000
