30
0.0000 22.8928 37.3520 276.0615 185.6426 91.9635 4.5208 130.6271 5.3712 81.1710 88.4996 79.2422 142.9872 159.5009 69.7096 139.5120 187.6736 145.4136 12.4475 157.3331 13.0964 61.3921 79.5543 188.2847 9.3140 62.9660 126.5117 84.6496 73.5025 163.0091
22.8928 0.0000 100.9577 111.6396 136.9112 42.2711 124.3695 102.4398 35.3069 28.1544 73.0043 144.3780 88.1030 146.4847 93.1587 32.5788 40.6742 46.0095 125.0205 60.3053 121.4129 189.5219 116.9257 94.2277 89.7859 128.2300 127.6997 134.4010 220.7262 129.6719
37.3520 100.9577 0.0000 84.9255 136.4948 158.2448 156.0314 43.9571 160.6181 67.9380 125.2121 93.8296 52.2327 35.4408 186.1640 147.7276 76.6307 178.3113 93.7996 127.6502 169.9146 64.6781 47.3133 142.4767 126.4772 2.0521 1.8306 158.2571 8.9389 56.2889
276.0615 111.6396 84.9255 0.0000 95.5569 122.4125 116.4389 5.5630 41.0752 74.1265 100.1505 60.3698 21.9179 97.9741 270.5667 167.0648 68.9096 46.5975 93.1006 131.1249 75.3336 139.9877 40.3452 88.5304 98.1795 113.7705 133.2248 68.6779 98.0534 78.3736
185.6426 136.9112 136.4948 95.5569 0.0000 100.2129 220.6635 166.3597 134.9883 178.3918 139.4784 76.2742 193.0176 87.4125 68.4256 146.3361 26.7457 242.6674 131.3899 226.2019 124.1401 121.1781 70.5147 159.0076 74.1553 48.8906 82.5617 52.1349 121.2273 51.7430
91.9635 42.2711 158.2448 122.4125 100.2129 0.0000 37.8760 74.3712 151.9232 50.1391 52.8697 150.3823 51.0610 160.6383 127.4556 72.1350 135.0962 167.1337 45.8905 93.5683 84.8751 262.4747 12.2246 116.6258 62.7042 161.0154 208.8048 86.2386 168.2450 99.9708
4.5208 124.3695 156.0314 116.4389 220.6635 37.8760 0.0000 170.2568 85.9352 165.9421 57.9380 68.0550 154.4094 75.5311 111.6706 85.5923 85.7667 125.9826 94.4881 105.4415 116.0808 72.6436 37.7594 141.8708 139.0608 114.3324 239.6316 13.2051 109.3380 73.5193
130.6271 102.4398 43.9571 5.5630 166.3597 74.3712 170.2568 0.0000 72.3371 115.6977 135.2756 85.2066 215.7501 14.6878 75.9778 138.2035 122.1492 169.5884 122.9419 142.1289 219.3680 158.1114 6.1891 56.1086 148.6519 232.4305 163.7411 60.0363 133.0999 34.3230
5.3712 35.3069 160.6181 41.0752 134.9883 151.9232 85.9352 72.3371 0.0000 40.8507 168.2890 143.5927 115.8316 47.8653 74.6884 41.8093 51.0013 78.6043 135.2016 112.0655 235.2562 99.3055 256.0835 121.3729 96.7595 152.6817 156.0549 167.2738 26.0887 134.8857
81.1710 28.1544 67.9380 74.1265 178.3918 50.1391 165.9421 115.6977 40.8507 0.0000 119.4970 110.8595 118.2247 189.3653 62.4764 27.1468 56.0802 70.1578 92.2678 21.6563 148.1996 90.4411 126.0284 21.1746 94.2323 118.7764 54.5648 124.4893 111.5639 78.5014
88.4996 73.0043 125.2121 100.1505 139.4784 52.8697 57.9380 135.2756 168.2890 119.4970 0.0000 57.1801 26.2660 172.6998 121.2582 195.9325 26.2484 85.5831 78.7315 53.5461 177.9398 83.8866 62.4898 94.2355 4.3612 127.2020 172.0495 83.4269 20.7458 119.3453
79.2422 144.3780 93.8296 60.3698 76.2742 150.3823 68.0550 85.2066 143.5927 110.8595 57.1801 0.0000 77.6891 103.8828 90.7246 101.2313 108.7097 46.9868 135.4378 28.8758 73.2632 62.5707 104.4437 150.9876 142.5520 151.2125 54.4269 16.0306 168.7253 110.9704
142.9872 88.1030 52.2327 21.9179 193.0176 51.0610 154.4094 215.7501 115.8316 118.2247 26.2660 77.6891 0.0000 62.0071 59.0681 65.3674 110.5407 44.0419 62.0132 195.2926 122.7037 167.0340 158.5429 42.9659 127.8112 67.1715 57.5072 137.9329 176.3475 69.4691
159.5009 146.4847 35.4408 97.9741 87.4125 160.6383 75.5311 14.6878 47.8653 189.3653 172.6998 103.8828 62.0071 0.0000 146.3917 133.9857 130.1569 104.9670 64.8487 91.7082 180.7463 109.1111 69.0213 129.2782 162.5697 71.1321 149.7358 71.0966 124.4273 121.5555
69.7096 93.1587 186.1640 270.5667 68.4256 127.4556 111.6706 75.9778 74.6884 62.4764 121.2582 90.7246 59.0681 146.3917 0.0000 11.2579 130.9248 81.5304 121.9821 16.9107 120.8471 207.1603 3.0594 137.1251 109.3021 132.0101 30.8291 98.0626 137.0016 155.5406
139.5120 32.5788 147.7276 167.0648 146.3361 72.1350 85.5923 138.2035 41.8093 27.1468 195.9325 101.2313 65.3674 133.9857 11.2579 0.0000 44.5865 62.0747 166.3060 240.3497 131.2490 136.7575 51.4772 24.1348 228.7285 139.0277 54.6402 153.5169 101.7062 84.4786
187.6736 40.6742 76.6307 68.9096 26.7457 135.0962 85.7667 122.1492 51.0013 56.0802 26.2484 108.7097 110.5407 130.1569 130.9248 44.5865 0.0000 153.2949 4.9031 35.3553 77.3506 213.7141 146.2071 63.8997 75.5563 5.6684 143.5729 28.5119 157.8104 59.2934
145.4136 46.0095 178.3113 46.5975 242.6674 167.1337 125.9826 169.5884 78.6043 70.1578 85.5831 46.9868 44.0419 104.9670 81.5304 62.0747 153.2949 0.0000 158.1893 135.3645 104.8259 88.8065 8.8888 130.1809 178.7648 96.0465 67.6232 89.9653 126.1236 142.8579
12.4475 125.0205 93.7996 93.1006 131.3899 45.8905 94.4881 122.9419 135.2016 92.2678 78.7315 135.4378 62.0132 64.8487 121.9821 166.3060 4.9031 158.1893 0.0000 145.6150 75.7715 185.5985 161.2475 29.1442 109.1734 124.2178 84.1372 165.1817 114.4911 117.0870
157.3331 60.3053 127.6502 131.1249 226.2019 93.5683 105.4415 142.1289 112.0655 21.6563 53.5461 28.8758 195.2926 91.7082 16.9107 240.3497 35.3553 135.3645 145.6150 0.0000 126.8440 82.1352 53.8592 98.9411 196.7490 136.0101 103.1557 57.6238 121.3410 99.8924
13.0964 121.4129 169.9146 75.3336 124.1401 84.8751 116.0808 219.3680 235.2562 148.1996 177.9398 73.2632 122.7037 180.7463 120.8471 131.2490 77.3506 104.8259 75.7715 126.8440 0.0000 133.1962 96.3828 143.1136 173.6522 174.8528 33.1616 138.3520 14.9556 122.6985
61.3921 189.5219 64.6781 139.9877 121.1781 262.4747 72.6436 158.1114 99.3055 90.4411 83.8866 62.5707 167.0340 109.1111 207.1603 136.7575 213.7141 88.8065 185.5985 82.1352 133.1962 0.0000 146.1773 134.0185 164.8321 144.3485 131.4640 81.3097 128.6616 79.7909
79.5543 116.9257 47.3133 40.3452 70.5147 12.2246 37.7594 6.1891 256.0835 126.0284 62.4898 104.4437 158.5429 69.0213 3.0594 51.4772 146.2071 8.8888 161.2475 53.8592 96.3828 146.1773 0.0000 155.7145 19.1856 105.6773 139.8250 89.5581 111.5700 101.3216
188.2847 94.2277 142.4767 88.5304 159.0076 116.6258 141.8708 56.1086 121.3729 21.1746 94.2355 150.9876 42.9659 129.2782 137.1251 24.1348 63.8997 130.1809 29.1442 98.9411 143.1136 134.0185 155.7145 0.0000 66.8202 57.6555 131.2153 55.3186 122.6367 181.2767
9.3140 89.7859 126.4772 98.1795 74.1553 62.7042 139.0608 148.6519 96.7595 94.2323 4.3612 142.5520 127.8112 162.5697 109.3021 228.7285 75.5563 178.7648 109.1734 196.7490 173.6522 164.8321 19.1856 66.8202 0.0000 141.6995 185.0032 140.6133 100.1522 57.3538
62.9660 128.2300 2.0521 113.7705 48.8906 161.0154 114.3324 232.4305 152.6817 118.7764 127.2020 151.2125 67.1715 71.1321 132.0101 139.0277 5.6684 96.0465 124.2178 136.0101 174.8528 144.3485 105.6773 57.6555 141.6995 0.0000 132.4756 32.9046 70.6818 145.2711
126.5117 127.6997 1.8306 133.2248 82.5617 208.8048 239.6316 163.7411 156.0549 54.5648 172.0495 54.4269 57.5072 149.7358 30.8291 54.6402 143.5729 67.6232 84.1372 103.1557 33.1616 131.4640 139.8250 131.2153 185.0032 132.4756 0.0000 93.8260 195.1713 161.1335
84.6496 134.4010 158.2571 68.6779 52.1349 86.2386 13.2051 60.0363 167.2738 124.4893 83.4269 16.0306 137.9329 71.0966 98.0626 153.5169 28.5119 89.9653 165.1817 57.6238 138.3520 81.3097 89.5581 55.3186 140.6133 32.9046 93.8260 0.0000 165.8241 47.3424
73.5025 220.7262 8.9389 98.0534 121.2273 168.2450 109.3380 133.0999 26.0887 111.5639 20.7458 168.7253 176.3475 124.4273 137.0016 101.7062 157.8104 126.1236 114.4911 121.3410 14.9556 128.6616 111.5700 122.6367 100.1522 70.6818 195.1713 165.8241 0.0000 96.5154
163.0091 129.6719 56.2889 78.3736 51.7430 99.9708 73.5193 34.3230 134.8857 78.5014 119.3453 110.9704 69.4691 121.5555 155.5406 84.4786 59.2934 142.8579 117.0870 99.8924 122.6985 79.7909 101.3216 181.2767 57.3538 145.2711 161.1335 47.3424 96.5154 0.0000
