30
0.0000 64.9602 17.7670 56.0974 109.0227 79.8000 129.6126 21.0018 249.7094 187.1961 198.4278 102.8206 112.2909 159.5202 126.8232 126.6720 147.0816 93.2664 64.7019 188.0633 153.9333 75.9145 61.0849 96.9628 130.3899 110.1092 138.3727 92.5885 53.9996 109.7753
64.9602 0.0000 20.8460 144.9183 86.3580 134.5757 32.4640 9.4668 135.8558 27.5399 125.9343 73.5654 101.8639 145.7266 131.1371 137.1303 159.2630 57.6917 82.5470 54.4779 178.4372 100.9959 129.2010 59.9513 83.7717 30.0037 247.5948 79.5643 154.8647 22.5302
17.7670 20.8460 0.0000 100.4376 167.8469 64.6849 0.7671 166.4898 120.5747 169.6864 94.9590 124.7185 66.6357 96.4871 159.9998 36.8234 104.4498 125.2293 150.2120 142.2916 88.2646 172.9104 136.3268 54.0582 39.5743 70.6200 73.2160 136.9428 161.2252 48.8552
56.0974 144.9183 100.4376 0.0000 81.1539 173.9333 71.4309 90.9933 146.7767 154.2371 95.3628 114.2017 14.9764 169.5953 100.8876 70.3346 213.4555 23.6723 113.5185 99.9222 64.7356 25.1837 116.2665 135.3240 32.4286 97.4564 38.5309 170.6531 39.2351 129.6369
109.0227 86.3580 167.8469 81.1539 0.0000 135.3598 62.2542 86.1176 117.6205 45.7617 49.3609 95.7528 177.0928 29.2293 73.7241 83.4247 118.1113 41.9303 29.7898 65.7732 70.3788 192.3024 76.3873 131.5507 163.7242 75.1611 37.4382 173.9947 120.9970 64.0619
79.8000 134.5757 64.6849 173.9333 135.3598 0.0000 5.6756 87.2885 98.8415 119.6812 56.4758 40.2643 131.9331 206.8929 170.7134 3.6608 34.6545 217.9788 176.9051 103.2044 70.3117 62.0364 111.1147 77.2115 57.3799 115.2002 37.7962 80.2055 77.4707 131.2436
129.6126 32.4640 0.7671 71.4309 62.2542 5.6756 0.0000 113.4146 83.2807 127.4526 121.5843 148.0332 88.5709 3.8026 88.1515 100.2452 80.7466 65.2026 45.4770 105.1755 29.9352 29.5133 94.1720 157.9824 0.2421 127.6965 40.2048 121.4759 116.7379 194.2689
21.0018 9.4668 166.4898 90.9933 86.1176 87.2885 113.4146 0.0000 79.6217 26.1454 180.0834 18.3225 124.0563 50.6689 22.3332 74.1551 120.9974 55.3432 36.8545 86.8220 143.9848 152.1421 89.5242 95.3975 88.3806 98.0908 68.4941 84.4819 96.0177 76.4001
249.7094 135.8558 120.5747 146.7767 117.6205 98.8415 83.2807 79.6217 0.0000 110.8464 197.2156 187.4181 53.9864 91.9004 139.0589 80.5958 106.5526 62.3195 90.2111 213.9183 83.7382 66.7158 150.4679 187.6018 158.1117 40.9192 62.5060 79.0024 34.9821 135.7076
187.1961 27.5399 169.6864 154.2371 45.7617 119.6812 127.4526 26.1454 110.8464 0.0000 65.2035 78.2059 45.2543 8.9720 111.4597 125.5280 90.3495 131.2297 62.4151 66.4500 159.7400 93.3357 177.2292 200.0024 29.1333 163.6672 65.9706 25.4417 199.2979 48.3228
198.4278 125.9343 94.9590 95.3628 49.3609 56.4758 121.5843 180.0834 197.2156 65.2035 0.0000 143.3896 104.2572 124.0092 154.4134 58.9354 179.7218 33.0671 156.1158 147.3130 56.1441 111.8388 95.0991 131.7745 145.2791 33.7962 83.9231 84.4979 192.8325 147.7285
102.8206 73.5654 124.7185 114.2017 95.7528 40.2643 148.0332 18.3225 187.4181 78.2059 143.3896 0.0000 26.9874 174.1873 82.5418 103.9358 300.2806 5.8944 97.5906 93.5490 109.8046 104.7766 102.0239 149.6583 115.7057 175.1624 146.3769 181.9759 148.2185 66.8782
112.2909 101.8639 66.6357 14.9764 177.0928 131.9331 88.5709 124.0563 53.9864 45.2543 104.2572 26.9874 0.0000 15.1557 56.7868 83.0861 54.3866 166.0051 150.6135 148.0964 42.4473 96.0236 90.7569 186.9269 105.8465 179.5290 49.1938 93.8398 54.9642 78.1724
159.5202 145.7266 96.4871 169.5953 29.2293 206.8929 3.8026 50.6689 91.9004 8.9720 124.0092 174.1873 15.1557 0.0000 100.3789 208.3346 207.9297 48.7751 96.4503 68.8024 175.2588 83.5557 148.2401 109.6446 40.1607 152.7480 118.8649 239.8940 70.1488 135.1165
126.8232 131.1371 159.9998 100.8876 73.7241 170.7134 88.1515 22.3332 139.0589 111.4597 154.4134 82.5418 56.7868 100.3789 0.0000 12.6442 53.4147 44.4371 120.5314 30.2441 160.0909 20.6105 45.6181 152.6237 51.4615 65.3467 29.2425 44.2300 77.3586 20.2915
126.6720 137.1303 36.8234 70.3346 83.4247 3.6608 100.2452 74.1551 80.5958 125.5280 58.9354 103.9358 83.0861 208.3346 12.6442 0.0000 179.5499 74.5547 95.4446 99.3571 168.7760 31.6757 74.1788 146.0498 70.4052 127.3657 134.8006 79.4350 85.9743 32.7068
147.0816 159.2630 104.4498 213.4555 118.1113 34.6545 80.7466 120.9974 106.5526 90.3495 179.7218 300.2806 54.3866 207.9297 53.4147 179.5499 0.0000 73.7369 107.5803 5.8172 176.7363 93.7702 81.8487 73.3430 117.0139 159.9491 116.5503 88.8788 133.6457 115.3432
93.2664 57.6917 125.2293 23.6723 41.9303 217.9788 65.2026 55.3432 62.3195 131.2297 33.0671 5.8944 166.0051 48.7751 44.4371 74.5547 73.7369 0.0000 114.4953 47.8305 117.4951 173.7506 174.3522 80.3866 106.2501 94.8994 55.8879 27.8651 26.9620 158.4913
64.7019 82.5470 150.2120 113.5185 29.7898 176.9051 45.4770 36.8545 90.2111 62.4151 156.1158 97.5906 150.6135 96.4503 120.5314 95.4446 107.5803 114.4953 0.0000 142.0672 58.3893 87.7502 98.1428 120.4442 215.6538 92.2392 185.6668 173.0765 41.8770 84.9010
188.0633 54.4779 142.2916 99.9222 65.7732 103.2044 105.1755 86.8220 213.9183 66.4500 147.3130 93.5490 148.0964 68.8024 30.2441 99.3571 5.8172 47.8305 142.0672 0.0000 61.4672 190.2991 86.5354 197.1052 228.7540 50.9483 51.0257 167.2957 34.3283 117.5886
153.9333 178.4372 88.2646 64.7356 70.3788 70.3117 29.9352 143.9848 83.7382 159.7400 56.1441 109.8046 42.4473 175.2588 160.0909 168.7760 176.7363 117.4951 58.3893 61.4672 0.0000 137.1527 104.2002 101.5439 123.0391 102.4665 55.3334 177.1103 206.2308 116.4315
75.9145 100.9959 172.9104 25.1837 192.3024 62.0364 29.5133 152.1421 66.7158 93.3357 111.8388 104.7766 96.0236 83.5557 20.6105 31.6757 93.7702 173.7506 87.7502 190.2991 137.1527 0.0000 88.1011 106.0473 49.7857 80.2076 206.0988 69.4408 98.7414 61.6208
61.0849 129.2010 136.3268 116.2665 76.3873 111.1147 94.1720 89.5242 150.4679 177.2292 95.0991 102.0239 90.7569 148.2401 45.6181 74.1788 81.8487 174.3522 98.1428 86.5354 104.2002 88.1011 0.0000 129.3247 109.1197 138.2269 29.1182 108.2120 24.8812 21.2810
96.9628 59.9513 54.0582 135.3240 131.5507 77.2115 157.9824 95.3975 187.6018 200.0024 131.7745 149.6583 186.9269 109.6446 152.6237 146.0498 73.3430 80.3866 120.4442 197.1052 101.5439 106.0473 129.3247 0.0000 108.4604 55.7956 108.8919 44.6569 135.1904 84.2295
130.3899 83.7717 39.5743 32.4286 163.7242 57.3799 0.2421 88.3806 158.1117 29.1333 145.2791 115.7057 105.8465 40.1607 51.4615 70.4052 117.0139 106.2501 215.6538 228.7540 123.0391 49.7857 109.1197 108.4604 0.0000 138.4225 139.8731 100.3961 158.6746 31.8218
110.1092 30.0037 70.6200 97.4564 75.1611 115.2002 127.6965 98.0908 40.9192 163.6672 33.7962 175.1624 179.5290 152.7480 65.3467 127.3657 159.9491 94.8994 92.2392 50.9483 102.4665 80.2076 138.2269 55.7956 138.4225 0.0000 197.5720 34.5917 17.1450 98.1548
138.3727 247.5948 73.2160 38.5309 37.4382 37.7962 40.2048 68.4941 62.5060 65.9706 83.9231 146.3769 49.1938 118.8649 29.2425 134.8006 116.5503 55.8879 185.6668 51.0257 55.3334 206.0988 29.1182 108.8919 139.8731 197.5720 0.0000 186.4670 120.8780 27.0865
92.5885 79.5643 136.9428 170.6531 173.9947 80.2055 121.4759 84.4819 79.0024 25.4417 84.4979 181.9759 93.8398 239.8940 44.2300 79.4350 88.8788 27.8651 173.0765 167.2957 177.1103 69.4408 108.2120 44.6569 100.3961 34.5917 186.4670 0.0000 197.4822 156.2457
53.9996 154.8647 161.2252 39.2351 120.9970 77.4707 116.7379 96.0177 34.9821 199.2979 192.8325 148.2185 54.9642 70.1488 77.3586 85.9743 133.6457 26.9620 41.8770 34.3283 206.2308 98.7414 24.8812 135.1904 158.6746 17.1450 120.8780 197.4822 0.0000 81.9953
109.7753 22.5302 48.8552 129.6369 64.0619 131.2436 194.2689 76.4001 135.7076 48.3228 147.7285 66.8782 78.1724 135.1165 20.2915 32.7068 115.3432 158.4913 84.9010 117.5886 116.4315 61.6208 21.2810 84.2295 31.8218 98.1548 27.0865 156.2457 81.9953 0.0000
