30
0.0000 124.8392 18.9954 116.2919 64.8240 86.6547 31.0939 109.6323 110.2099 71.9551 133.2774 128.4711 32.6002 9.3925 107.2841 186.3711 78.1728 143.1820 64.6732 36.1216 128.4441 110.5650 22.6801 69.2656 75.5249 118.5916 97.0870 189.7234 148.5010 105.0513
124.8392 0.0000 51.8462 77.1647 45.4331 115.0082 167.4195 35.8762 119.2335 163.9837 99.0292 97.4566 92.2596 108.5821 37.2998 166.5058 103.9510 78.1174 162.2343 114.6609 39.5260 201.1383 88.3534 94.2470 68.5297 88.2517 74.9631 92.9279 114.9564 163.6543
18.9954 51.8462 0.0000 155.2682 197.5108 10.6402 172.9107 199.4851 63.6773 108.4730 42.3330 84.3431 123.6862 126.1010 65.7951 130.1446 56.2287 167.7606 28.7872 35.1281 54.3150 111.5178 53.7636 106.4172 222.1243 295.2857 108.1772 56.1157 110.6870 55.1897
116.2919 77.1647 155.2682 0.0000 70.2361 119.2955 58.9303 81.3335 6.3644 113.9548 120.2377 175.1115 98.1224 45.5055 151.2048 131.7468 188.6803 8.1888 93.4839 81.4263 127.8741 50.0878 49.7957 101.6091 41.4159 152.8287 202.1337 89.5261 104.1828 143.2013
64.8240 45.4331 197.5108 70.2361 0.0000 69.1342 88.3026 58.1462 152.0189 75.9340 43.3194 199.2455 133.9837 51.6357 148.0414 75.9639 120.1465 36.8660 7.5523 91.7749 60.5619 59.2771 46.9142 172.5611 75.3458 154.4079 110.6883 102.9160 100.9690 4.2127
86.6547 115.0082 10.6402 119.2955 69.1342 0.0000 177.1677 43.1796 94.5122 172.7409 134.0354 78.9223 79.9540 93.7630 79.9107 139.5068 197.9851 99.7838 47.4291 106.4034 171.6836 76.3798 64.2366 80.8617 73.5241 189.5660 79.8059 177.6377 145.1538 73.0762
31.0939 167.4195 172.9107 58.9303 88.3026 177.1677 0.0000 8.8829 109.3858 61.9261 119.0924 20.2243 71.2421 83.1853 159.7347 121.0166 128.4405 134.8856 59.6306 54.8505 26.9888 127.9562 128.5894 87.0501 151.6138 95.2655 200.8513 72.4403 97.0995 43.9218
109.6323 35.8762 199.4851 81.3335 58.1462 43.1796 8.8829 0.0000 45.5969 165.7094 29.2216 75.0893 168.6953 215.4005 17.8707 119.2312 193.0668 40.0058 158.3872 129.3109 77.3599 171.7822 44.1729 223.5260 63.4041 133.0961 164.7909 101.7416 129.2188 91.0939
110.2099 119.2335 63.6773 6.3644 152.0189 94.5122 109.3858 45.5969 0.0000 57.4762 97.8228 111.6998 126.6152 101.7932 35.2243 57.3346 102.0672 127.4541 150.8958 79.6937 89.2123 134.1131 183.9977 129.1983 46.6070 136.4681 278.3104 79.7385 18.0091 99.8223
71.9551 163.9837 108.4730 113.9548 75.9340 172.7409 61.9261 165.7094 57.4762 0.0000 89.2354 120.0388 128.2072 217.1792 83.5306 133.8388 88.8912 16.9631 141.3798 75.6912 81.2457 175.3442 144.5321 130.0678 88.0485 79.0138 113.2118 77.1142 90.2016 185.7061
133.2774 99.0292 42.3330 120.2377 43.3194 134.0354 119.0924 29.2216 97.8228 89.2354 0.0000 130.3893 143.5653 139.9330 77.3485 197.5366 171.3832 110.2245 114.4926 104.1906 121.5966 163.7898 59.9294 47.2502 25.6373 20.0604 100.8404 136.2761 22.5014 41.1475
128.4711 97.4566 84.3431 175.1115 199.2455 78.9223 20.2243 75.0893 111.6998 120.0388 130.3893 0.0000 95.3010 66.3137 173.3673 262.3533 256.9109 181.4243 80.6680 84.4648 86.6856 193.3480 89.3273 81.8074 72.7750 175.9759 109.8488 92.4857 88.6317 61.8214
32.6002 92.2596 123.6862 98.1224 133.9837 79.9540 71.2421 168.6953 126.6152 128.2072 143.5653 95.3010 0.0000 128.1671 1.2875 85.1654 44.2796 138.4844 247.3716 189.1128 153.4935 180.4949 99.3676 60.1013 59.8806 149.6232 100.6844 125.1884 151.7669 149.6125
9.3925 108.5821 126.1010 45.5055 51.6357 93.7630 83.1853 215.4005 101.7932 217.1792 139.9330 66.3137 128.1671 0.0000 126.6819 37.2968 102.5784 125.5161 84.5967 54.4590 52.9340 199.7095 74.0498 43.6507 145.7528 56.9055 55.7239 150.5599 195.2625 139.6680
107.2841 37.2998 65.7951 151.2048 148.0414 79.9107 159.7347 17.8707 35.2243 83.5306 77.3485 173.3673 1.2875 126.6819 0.0000 100.5946 81.2382 70.4581 105.9657 68.7779 94.9539 87.6165 122.9200 27.2851 153.7696 20.4472 72.6240 57.5756 130.9168 127.8455
186.3711 166.5058 130.1446 131.7468 75.9639 139.5068 121.0166 119.2312 57.3346 133.8388 197.5366 262.3533 85.1654 37.2968 100.5946 0.0000 120.8958 116.6340 130.3978 69.7475 93.6141 150.6614 195.2634 205.3132 45.1955 109.4252 109.4710 46.7711 152.5297 123.8400
78.1728 103.9510 56.2287 188.6803 120.1465 197.9851 128.4405 193.0668 102.0672 88.8912 171.3832 256.9109 44.2796 102.5784 81.2382 120.8958 0.0000 70.4911 142.8894 115.4547 22.2861 113.7547 119.9086 100.6871 67.2787 96.9835 199.6619 136.7306 127.1807 117.7087
143.1820 78.1174 167.7606 8.1888 36.8660 99.7838 134.8856 40.0058 127.4541 16.9631 110.2245 181.4243 138.4844 125.5161 70.4581 116.6340 70.4911 0.0000 88.3064 147.4022 176.1059 85.3650 125.2319 201.1740 73.0491 122.5912 125.0947 130.3433 124.6872 76.0647
64.6732 162.2343 28.7872 93.4839 7.5523 47.4291 59.6306 158.3872 150.8958 141.3798 114.4926 80.6680 247.3716 84.5967 105.9657 130.3978 142.8894 88.3064 0.0000 7.5431 36.0346 110.7314 116.4134 2.1022 77.4419 40.7183 26.7532 96.0662 94.8532 73.1835
36.1216 114.6609 35.1281 81.4263 91.7749 106.4034 54.8505 129.3109 79.6937 75.6912 104.1906 84.4648 189.1128 54.4590 68.7779 69.7475 115.4547 147.4022 7.5431 0.0000 101.3210 194.9408 119.9159 208.6905 20.0888 145.9147 29.5255 81.5008 133.8014 55.7110
128.4441 39.5260 54.3150 127.8741 60.5619 171.6836 26.9888 77.3599 89.2123 81.2457 121.5966 86.6856 153.4935 52.9340 94.9539 93.6141 22.2861 176.1059 36.0346 101.3210 0.0000 82.5132 31.0123 62.9882 136.3395 113.5661 53.8060 1.8722 32.2863 73.3384
110.5650 201.1383 111.5178 50.0878 59.2771 76.3798 127.9562 171.7822 134.1131 175.3442 163.7898 193.3480 180.4949 199.7095 87.6165 150.6614 113.7547 85.3650 110.7314 194.9408 82.5132 0.0000 151.0045 183.2922 138.6656 195.6609 97.7409 96.1293 132.5234 98.5556
22.6801 88.3534 53.7636 49.7957 46.9142 64.2366 128.5894 44.1729 183.9977 144.5321 59.9294 89.3273 99.3676 74.0498 122.9200 195.2634 119.9086 125.2319 116.4134 119.9159 31.0123 151.0045 0.0000 136.5222 148.6311 177.5974 78.7145 53.6593 139.6502 65.2320
69.2656 94.2470 106.4172 101.6091 172.5611 80.8617 87.0501 223.5260 129.1983 130.0678 47.2502 81.8074 60.1013 43.6507 27.2851 205.3132 100.6871 201.1740 2.1022 208.6905 62.9882 183.2922 136.5222 0.0000 11.2415 105.1725 129.2647 99.0334 128.8661 157.3270
75.5249 68.5297 222.1243 41.4159 75.3458 73.5241 151.6138 63.4041 46.6070 88.0485 25.6373 72.7750 59.8806 145.7528 153.7696 45.1955 67.2787 73.0491 77.4419 20.0888 136.3395 138.6656 148.6311 11.2415 0.0000 180.1489 118.6691 33.5675 164.6717 3.7616
118.5916 88.2517 295.2857 152.8287 154.4079 189.5660 95.2655 133.0961 136.4681 79.0138 20.0604 175.9759 149.6232 56.9055 20.4472 109.4252 96.9835 122.5912 40.7183 145.9147 113.5661 195.6609 177.5974 105.1725 180.1489 0.0000 90.4641 115.1284 170.2768 6.4250
97.0870 74.9631 108.1772 202.1337 110.6883 79.8059 200.8513 164.7909 278.3104 113.2118 100.8404 109.8488 100.6844 55.7239 72.6240 109.4710 199.6619 125.0947 26.7532 29.5255 53.8060 97.7409 78.7145 129.2647 118.6691 90.4641 0.0000 11.4774 180.2248 24.2875
189.7234 92.9279 56.1157 89.5261 102.9160 177.6377 72.4403 101.7416 79.7385 77.1142 136.2761 92.4857 125.1884 150.5599 57.5756 46.7711 136.7306 130.3433 96.0662 81.5008 1.8722 96.1293 53.6593 99.0334 33.5675 115.1284 11.4774 0.0000 158.9004 172.1583
148.5010 114.9564 110.6870 104.1828 100.9690 145.1538 97.0995 129.2188 18.0091 90.2016 22.5014 88.6317 151.7669 195.2625 130.9168 152.5297 127.1807 124.6872 94.8532 133.8014 32.2863 132.5234 139.6502 128.8661 164.6717 170.2768 180.2248 158.9004 0.0000 144.7146
105.0513 163.6543 55.1897 143.2013 4.2127 73.0762 43.9218 91.0939 99.8223 185.7061 41.1475 61.8214 149.6125 139.6680 127.8455 123.8400 117.7087 76.0647 73.1835 55.7110 73.3384 98.5556 65.2320 157.3270 3.7616 6.4250 24.2875 172.1583 144.7146 0.0000
