30
0.0000 120.4393 91.7899 188.6467 138.3824 124.3344 123.3532 183.3590 86.4405 137.1946 37.8622 86.5255 160.2417 112.8100 50.9399 62.4688 115.5892 39.6080 74.0412 126.9177 223.7538 126.9873 168.4788 29.4035 106.3988 125.6535 85.2205 166.7916 204.9225 60.4822
120.4393 0.0000 99.7451 68.5089 213.9501 120.1277 21.9022 95.2218 192.0566 87.1422 90.1077 164.3879 156.7496 36.2425 58.7950 48.9263 56.8945 76.0413 59.1170 98.4787 14.3334 87.0700 77.4717 81.2443 69.0687 104.5904 189.6055 81.6106 43.3847 201.4242
91.7899 99.7451 0.0000 44.4144 165.2764 73.2112 31.9229 162.1461 51.2553 122.4762 133.9149 19.7503 13.5995 218.2957 104.8908 90.9031 53.7806 27.1755 115.7908 160.5045 70.9491 55.1439 112.4457 77.5528 125.8899 34.7886 178.3250 215.1788 59.2285 30.5177
188.6467 68.5089 44.4144 0.0000 185.5988 59.0570 164.5448 125.7709 82.7628 82.9662 9.1098 83.4763 3.9767 196.2513 123.1203 72.3382 119.4666 91.7235 104.2492 129.1841 147.5448 149.7947 138.8458 122.1310 171.5795 24.3892 203.1166 25.7669 36.8822 4.7306
138.3824 213.9501 165.2764 185.5988 0.0000 148.7679 92.7377 136.4913 41.4909 37.6137 56.0515 75.3235 152.1724 36.7810 107.9482 109.4895 167.6882 115.2277 111.9260 53.3293 77.9809 147.9638 156.7470 58.1641 137.9037 166.0160 184.2574 35.3571 235.2135 132.3341
124.3344 120.1277 73.2112 59.0570 148.7679 0.0000 117.2937 59.9234 57.7406 227.3349 110.3038 118.0264 105.8944 193.2727 212.9553 83.6762 118.8545 134.3547 162.5707 2.9420 70.4693 94.7674 117.5397 91.3754 213.1433 130.2972 79.1559 120.6121 114.2076 173.0061
123.3532 21.9022 31.9229 164.5448 92.7377 117.2937 0.0000 50.4643 80.5703 150.6124 77.0490 56.3530 118.7498 158.6015 108.5026 146.7776 62.4398 80.2985 170.5091 140.1400 181.0735 131.8742 173.5342 125.0972 62.8800 58.3593 133.8917 74.2477 90.1574 115.5955
183.3590 95.2218 162.1461 125.7709 136.4913 59.9234 50.4643 0.0000 209.7828 174.7674 118.3157 31.4667 22.6841 34.4081 16.2478 183.0299 165.4057 124.4781 114.9129 151.3430 109.9854 131.8325 110.6382 114.3779 77.3914 109.9541 105.6600 24.5392 74.0860 33.6930
86.4405 192.0566 51.2553 82.7628 41.4909 57.7406 80.5703 209.7828 0.0000 79.2151 187.4097 122.7191 121.4225 82.0682 111.9877 70.8472 140.1751 68.8013 65.9568 101.2874 22.8306 129.3221 59.1897 107.0982 144.5162 11.5540 84.8049 95.4179 111.1508 143.3262
137.1946 87.1422 122.4762 82.9662 37.6137 227.3349 150.6124 174.7674 79.2151 0.0000 133.0193 87.3168 94.9304 108.1376 112.8763 104.8224 264.3812 120.3980 89.7394 104.7382 171.2354 204.8252 130.8081 92.1073 129.3467 139.5366 93.9082 61.6107 146.5614 60.9462
37.8622 90.1077 133.9149 9.1098 56.0515 110.3038 77.0490 118.3157 187.4097 133.0193 0.0000 147.7130 113.7605 102.2395 185.3936 93.3984 119.1787 88.8819 107.9254 200.0787 158.1393 111.4755 95.1110 134.0245 41.6754 10.3310 200.6947 168.6664 131.8394 190.5762
86.5255 164.3879 19.7503 83.4763 75.3235 118.0264 56.3530 31.4667 122.7191 87.3168 147.7130 0.0000 176.6774 21.4574 200.3048 134.7767 92.7529 157.9769 77.4412 113.8752 191.5759 48.3129 34.9299 104.4665 200.3118 82.4502 44.0572 99.2651 145.3355 68.5396
160.2417 156.7496 13.5995 3.9767 152.1724 105.8944 118.7498 22.6841 121.4225 94.9304 113.7605 176.6774 0.0000 134.4334 107.5448 59.7030 212.9264 101.3302 86.6474 99.8059 83.1325 167.2984 202.3989 85.5323 165.8323 97.9572 146.5485 50.7345 172.9637 135.4655
112.8100 36.2425 218.2957 196.2513 36.7810 193.2727 158.6015 34.4081 82.0682 108.1376 102.2395 21.4574 134.4334 0.0000 170.7330 39.4941 129.0844 110.4648 45.7605 117.3717 104.9610 105.9458 166.2270 57.6862 57.5884 19.1499 247.0835 45.2332 74.2400 66.5480
50.9399 58.7950 104.8908 123.1203 107.9482 212.9553 108.5026 16.2478 111.9877 112.8763 185.3936 200.3048 107.5448 170.7330 0.0000 189.8126 65.0609 75.7498 178.2072 146.3785 109.9496 108.1857 173.0135 79.4189 91.4046 173.2217 33.5419 101.1991 181.4079 131.0952
62.4688 48.9263 90.9031 72.3382 109.4895 83.6762 146.7776 183.0299 70.8472 104.8224 93.3984 134.7767 59.7030 39.4941 189.8126 0.0000 125.7088 118.2583 151.9865 36.7182 41.4886 123.7295 40.9870 79.0651 84.0184 65.6660 64.6499 96.4572 8.0948 110.0675
115.5892 56.8945 53.7806 119.4666 167.6882 118.8545 62.4398 165.4057 140.1751 264.3812 119.1787 92.7529 212.9264 129.0844 65.0609 125.7088 0.0000 45.6493 101.2018 146.2014 100.8475 166.2792 62.3321 69.0898 61.0992 105.0577 133.3012 60.9976 95.4597 53.7898
39.6080 76.0413 27.1755 91.7235 115.2277 134.3547 80.2985 124.4781 68.8013 120.3980 88.8819 157.9769 101.3302 110.4648 75.7498 118.2583 45.6493 0.0000 127.6130 5.9136 144.0149 58.2873 103.5277 150.7560 32.3634 91.3517 56.8640 31.5395 126.9252 68.5687
74.0412 59.1170 115.7908 104.2492 111.9260 162.5707 170.5091 114.9129 65.9568 89.7394 107.9254 77.4412 86.6474 45.7605 178.2072 151.9865 101.2018 127.6130 0.0000 131.4200 110.1056 134.4241 109.4286 109.3537 159.1705 92.5926 199.4030 76.5949 79.2545 191.3414
126.9177 98.4787 160.5045 129.1841 53.3293 2.9420 140.1400 151.3430 101.2874 104.7382 200.0787 113.8752 99.8059 117.3717 146.3785 36.7182 146.2014 5.9136 131.4200 0.0000 98.0886 143.7162 209.7143 73.1394 189.0510 73.6855 120.7652 3.2861 102.1927 146.3019
223.7538 14.3334 70.9491 147.5448 77.9809 70.4693 181.0735 109.9854 22.8306 171.2354 158.1393 191.5759 83.1325 104.9610 109.9496 41.4886 100.8475 144.0149 110.1056 98.0886 0.0000 18.8114 102.7129 178.5448 51.5050 81.6339 102.9144 94.2640 80.1209 136.6624
126.9873 87.0700 55.1439 149.7947 147.9638 94.7674 131.8742 131.8325 129.3221 204.8252 111.4755 48.3129 167.2984 105.9458 108.1857 123.7295 166.2792 58.2873 134.4241 143.7162 18.8114 0.0000 131.5883 83.4115 142.7305 56.6497 74.3774 123.8087 97.1174 35.7302
168.4788 77.4717 112.4457 138.8458 156.7470 117.5397 173.5342 110.6382 59.1897 130.8081 95.1110 34.9299 202.3989 166.2270 173.0135 40.9870 62.3321 103.5277 109.4286 209.7143 102.7129 131.5883 0.0000 73.6328 60.4006 39.1674 60.2357 200.3988 67.6378 44.1919
29.4035 81.2443 77.5528 122.1310 58.1641 91.3754 125.0972 114.3779 107.0982 92.1073 134.0245 104.4665 85.5323 57.6862 79.4189 79.0651 69.0898 150.7560 109.3537 73.1394 178.5448 83.4115 73.6328 0.0000 105.2569 228.6999 205.7983 161.1433 253.2997 131.3569
106.3988 69.0687 125.8899 171.5795 137.9037 213.1433 62.8800 77.3914 144.5162 129.3467 41.6754 200.3118 165.8323 57.5884 91.4046 84.0184 61.0992 32.3634 159.1705 189.0510 51.5050 142.7305 60.4006 105.2569 0.0000 31.8366 116.4170 34.1376 53.5208 5.9820
125.6535 104.5904 34.7886 24.3892 166.0160 130.2972 58.3593 109.9541 11.5540 139.5366 10.3310 82.4502 97.9572 19.1499 173.2217 65.6660 105.0577 91.3517 92.5926 73.6855 81.6339 56.6497 39.1674 228.6999 31.8366 0.0000 84.0479 211.5278 74.9980 15.3026
85.2205 189.6055 178.3250 203.1166 184.2574 79.1559 133.8917 105.6600 84.8049 93.9082 200.6947 44.0572 146.5485 247.0835 33.5419 64.6499 133.3012 56.8640 199.4030 120.7652 102.9144 74.3774 60.2357 205.7983 116.4170 84.0479 0.0000 51.2035 107.2798 132.9194
166.7916 81.6106 215.1788 25.7669 35.3571 120.6121 74.2477 24.5392 95.4179 61.6107 168.6664 99.2651 50.7345 45.2332 101.1991 96.4572 60.9976 31.5395 76.5949 3.2861 94.2640 123.8087 200.3988 161.1433 34.1376 211.5278 51.2035 0.0000 198.9902 107.8508
204.9225 43.3847 59.2285 36.8822 235.2135 114.2076 90.1574 74.0860 111.1508 146.5614 131.8394 145.3355 172.9637 74.2400 181.4079 8.0948 95.4597 126.9252 79.2545 102.1927 80.1209 97.1174 67.6378 253.2997 53.5208 74.9980 107.2798 198.9902 0.0000 60.4502
60.4822 201.4242 30.5177 4.7306 132.3341 173.0061 115.5955 33.6930 143.3262 60.9462 190.5762 68.5396 135.4655 66.5480 131.0952 110.0675 53.7898 68.5687 191.3414 146.3019 136.6624 35.7302 44.1919 131.3569 5.9820 15.3026 132.9194 107.8508 60.4502 0.0000
