30
0.0000 11.5998 107.9001 110.5193 111.4497 94.4329 73.6540 98.3933 64.3350 125.1610 228.7825 146.5277 131.6325 154.3057 112.6445 173.9855 32.2959 95.9059 156.1081 147.0400 216.0126 102.8086 33.8442 68.8957 31.0668 119.9180 199.4940 72.6968 154.0274 105.0257
11.5998 0.0000 184.8769 77.8353 122.9405 88.9490 129.2396 196.3674 148.9239 177.4928 120.2417 60.2444 92.1760 25.9216 124.5211 111.1188 58.5517 111.2925 35.9084 101.3231 39.6506 62.5410 19.7400 133.8727 198.9919 70.9144 116.0073 43.4230 45.9269 36.9277
107.9001 184.8769 0.0000 131.5041 116.6195 10.1145 90.7246 124.2515 172.8376 45.3918 51.9617 56.5608 123.3508 97.4887 154.1060 116.1999 185.1619 65.1439 135.2189 198.1807 196.8809 211.5569 13.9092 22.9636 136.7769 180.0440 122.8483 98.2423 71.6382 17.1781
110.5193 77.8353 131.5041 0.0000 201.1360 152.4717 121.1230 57.9647 283.7894 139.5196 113.5777 146.7994 186.2714 179.0344 81.7890 89.2295 7.2265 100.6874 41.5713 117.6078 134.1538 91.4628 194.0350 68.2911 121.0909 75.9362 9.5478 198.3547 32.2819 2.8091
111.4497 122.9405 116.6195 201.1360 0.0000 81.3838 33.3289 107.7555 160.2272 94.8150 50.9607 173.8003 103.3996 119.5469 25.2258 127.8112 88.0314 12.6166 137.5494 86.9112 41.3757 30.1169 69.9786 223.5641 82.2547 17.4900 76.0221 71.5521 102.8607 153.7545
94.4329 88.9490 10.1145 152.4717 81.3838 0.0000 188.4476 72.7525 134.0953 45.5520 3.5573 119.3842 40.2671 174.3946 147.3881 249.9665 66.5770 58.6701 127.5862 75.7126 25.5053 153.5769 203.7491 187.1368 160.7880 98.4531 58.0147 117.1846 175.0068 71.0548
73.6540 129.2396 90.7246 121.1230 33.3289 188.4476 0.0000 87.5180 74.9945 86.9777 63.2448 54.3413 89.3064 51.5488 188.5195 89.6317 69.9639 54.0160 142.6088 42.8155 199.6644 303.1720 191.1078 92.2164 115.8866 121.4683 100.6830 43.1369 135.4887 165.4937
98.3933 196.3674 124.2515 57.9647 107.7555 72.7525 87.5180 0.0000 52.5887 218.2868 20.2292 80.9761 184.4747 198.3741 137.2487 25.8974 148.6091 57.6981 47.2780 89.3325 54.5663 160.1440 88.7479 94.3675 40.8841 67.0306 154.2933 62.5061 36.3084 146.1049
64.3350 148.9239 172.8376 283.7894 160.2272 134.0953 74.9945 52.5887 0.0000 3.9742 90.2296 54.8028 92.2317 97.4685 60.6903 42.3551 29.5013 127.3864 35.4242 161.5405 216.2210 235.7034 163.4227 55.0460 95.7869 126.5037 163.3962 36.2086 94.3908 67.1121
125.1610 177.4928 45.3918 139.5196 94.8150 45.5520 86.9777 218.2868 3.9742 0.0000 169.6409 23.5174 149.6824 57.3947 108.4259 180.9625 166.9374 44.6597 79.3648 159.4655 111.7176 83.0902 120.6034 82.3591 130.4005 48.2433 112.4402 190.7438 143.2405 190.9784
228.7825 120.2417 51.9617 113.5777 50.9607 3.5573 63.2448 20.2292 90.2296 169.6409 0.0000 62.6167 148.7862 105.0324 95.9628 65.9016 31.4766 129.2187 136.8979 47.1100 65.3816 220.8047 127.0789 76.6061 140.0319 135.1750 198.4413 97.6574 22.9295 33.0670
146.5277 60.2444 56.5608 146.7994 173.8003 119.3842 54.3413 80.9761 54.8028 23.5174 62.6167 0.0000 170.2010 106.6932 193.0320 75.8863 81.8260 45.2349 79.0449 151.9950 130.6437 115.8209 98.1967 88.5141 131.8741 86.8171 104.4583 171.3000 35.8957 194.6284
131.6325 92.1760 123.3508 186.2714 103.3996 40.2671 89.3064 184.4747 92.2317 149.6824 148.7862 170.2010 0.0000 126.0143 225.3679 67.8992 92.9487 71.6361 59.7955 54.1780 147.6103 63.6920 6.1526 101.2545 117.9126 76.7832 77.9896 85.8094 52.8686 49.6617
154.3057 25.9216 97.4887 179.0344 119.5469 174.3946 51.5488 198.3741 97.4685 57.3947 105.0324 106.6932 126.0143 0.0000 88.6410 203.0341 88.1615 54.9245 115.5553 81.7728 82.8693 30.6704 209.1681 78.9177 113.9259 62.2710 116.1067 72.5528 156.5172 13.0065
112.6445 124.5211 154.1060 81.7890 25.2258 147.3881 188.5195 137.2487 60.6903 108.4259 95.9628 193.0320 225.3679 88.6410 0.0000 78.2689 80.4407 169.4561 94.8796 29.4077 153.3352 57.2225 125.9573 166.0550 104.7288 61.4319 176.7469 155.7848 102.2824 117.3835
173.9855 111.1188 116.1999 89.2295 127.8112 249.9665 89.6317 25.8974 42.3551 180.9625 65.9016 75.8863 67.8992 203.0341 78.2689 0.0000 142.2743 75.6682 121.1722 93.2888 6.0666 25.3139 67.1161 142.9419 79.9483 130.2509 6.0855 17.8214 34.2870 44.5141
32.2959 58.5517 185.1619 7.2265 88.0314 66.5770 69.9639 148.6091 29.5013 166.9374 31.4766 81.8260 92.9487 88.1615 80.4407 142.2743 0.0000 70.9288 169.8049 107.3525 122.7781 160.1027 175.2022 76.0657 114.0142 91.2918 66.8914 138.2032 96.3244 180.4285
95.9059 111.2925 65.1439 100.6874 12.6166 58.6701 54.0160 57.6981 127.3864 44.6597 129.2187 45.2349 71.6361 54.9245 169.4561 75.6682 70.9288 0.0000 133.4305 147.0430 148.5753 89.8747 93.3759 49.9505 73.6917 60.9672 178.1454 40.0535 155.5376 264.8007
156.1081 35.9084 135.2189 41.5713 137.5494 127.5862 142.6088 47.2780 35.4242 79.3648 136.8979 79.0449 59.7955 115.5553 94.8796 121.1722 169.8049 133.4305 0.0000 117.5255 36.7183 108.6752 70.3438 174.1205 110.9663 93.7552 92.2569 132.0620 169.1993 114.8940
147.0400 101.3231 198.1807 117.6078 86.9112 75.7126 42.8155 89.3325 161.5405 159.4655 47.1100 151.9950 54.1780 81.7728 29.4077 93.2888 107.3525 147.0430 117.5255 0.0000 145.4239 63.7431 70.3808 173.4179 192.4113 120.4644 148.4463 72.7939 101.6668 129.1710
216.0126 39.6506 196.8809 134.1538 41.3757 25.5053 199.6644 54.5663 216.2210 111.7176 65.3816 130.6437 147.6103 82.8693 153.3352 6.0666 122.7781 148.5753 36.7183 145.4239 0.0000 101.8572 119.8113 114.6883 114.9857 73.4930 41.0166 98.9799 139.4239 87.2646
102.8086 62.5410 211.5569 91.4628 30.1169 153.5769 303.1720 160.1440 235.7034 83.0902 220.8047 115.8209 63.6920 30.6704 57.2225 25.3139 160.1027 89.8747 108.6752 63.7431 101.8572 0.0000 46.7776 148.7044 149.4123 210.2732 89.7002 27.2608 168.9902 12.4390
33.8442 19.7400 13.9092 194.0350 69.9786 203.7491 191.1078 88.7479 163.4227 120.6034 127.0789 98.1967 6.1526 209.1681 125.9573 67.1161 175.2022 93.3759 70.3438 70.3808 119.8113 46.7776 0.0000 100.2565 94.7732 80.6035 190.0600 129.4086 93.4365 16.9998
68.8957 133.8727 22.9636 68.2911 223.5641 187.1368 92.2164 94.3675 55.0460 82.3591 76.6061 88.5141 101.2545 78.9177 166.0550 142.9419 76.0657 49.9505 174.1205 173.4179 114.6883 148.7044 100.2565 0.0000 186.4447 171.3117 27.0041 199.9832 96.6834 86.8492
31.0668 198.9919 136.7769 121.0909 82.2547 160.7880 115.8866 40.8841 95.7869 130.4005 140.0319 131.8741 117.9126 113.9259 104.7288 79.9483 114.0142 73.6917 110.9663 192.4113 114.9857 149.4123 94.7732 186.4447 0.0000 27.0993 80.5749 98.9937 70.5203 57.4760
119.9180 70.9144 180.0440 75.9362 17.4900 98.4531 121.4683 67.0306 126.5037 48.2433 135.1750 86.8171 76.7832 62.2710 61.4319 130.2509 91.2918 60.9672 93.7552 120.4644 73.4930 210.2732 80.6035 171.3117 27.0993 0.0000 95.5232 87.2930 265.4200 89.0045
199.4940 116.0073 122.8483 9.5478 76.0221 58.0147 100.6830 154.2933 163.3962 112.4402 198.4413 104.4583 77.9896 116.1067 176.7469 6.0855 66.8914 178.1454 92.2569 148.4463 41.0166 89.7002 190.0600 27.0041 80.5749 95.5232 0.0000 20.0105 124.2318 163.5966
72.6968 43.4230 98.2423 198.3547 71.5521 117.1846 43.1369 62.5061 36.2086 190.7438 97.6574 171.3000 85.8094 72.5528 155.7848 17.8214 138.2032 40.0535 132.0620 72.7939 98.9799 27.2608 129.4086 199.9832 98.9937 87.2930 20.0105 0.0000 126.7863 77.9544
154.0274 45.9269 71.6382 32.2819 102.8607 175.0068 135.4887 36.3084 94.3908 143.2405 22.9295 35.8957 52.8686 156.5172 102.2824 34.2870 96.3244 155.5376 169.1993 101.6668 139.4239 168.9902 93.4365 96.6834 70.5203 265.4200 124.2318 126.7863 0.0000 37.6045
105.0257 36.9277 17.1781 2.8091 153.7545 71.0548 165.4937 146.1049 67.1121 190.9784 33.0670 194.6284 49.6617 13.0065 117.3835 44.5141 180.4285 264.8007 114.8940 129.1710 87.2646 12.4390 16.9998 86.8492 57.4760 89.0045 163.5966 77.9544 37.6045 0.0000
