30
0.0000 125.7125 17.8690 49.7712 157.9897 102.6758 116.3051 89.2259 114.3720 75.7964 162.4823 72.5890 210.7606 108.1940 100.0525 63.8664 84.1773 73.2885 192.8675 33.3416 200.9423 104.2994 111.3875 127.4542 59.8754 38.6703 56.0109 41.1207 56.8606 53.7625
125.7125 0.0000 171.2104 67.7667 108.3782 96.7757 34.5230 123.9352 99.6662 163.5390 87.5102 190.6194 66.4194 169.1554 65.4566 95.8983 24.9929 159.7967 122.8140 155.9443 62.9170 102.9007 78.5422 90.1041 93.6376 157.1449 73.3460 105.1237 158.0180 124.0086
17.8690 171.2104 0.0000 39.1248 70.7116 113.9840 133.7486 99.5277 89.5860 252.4175 126.9086 115.4751 62.4122 144.3006 77.5299 61.9774 18.6299 89.6391 112.9194 98.1081 69.4506 51.0702 109.4683 102.6567 12.1702 125.8074 171.2086 126.5324 20.6192 112.6487
49.7712 67.7667 39.1248 0.0000 47.4084 60.3146 5.4507 131.3703 118.8485 162.0124 96.4322 155.0944 153.0633 207.2929 93.7612 155.8173 228.8152 143.5462 56.8665 71.6594 5.9768 27.0364 49.2768 104.8033 154.6451 112.4625 174.1051 108.7755 62.6514 156.8474
157.9897 108.3782 70.7116 47.4084 0.0000 135.7576 23.9848 40.5673 58.5239 147.6888 129.0076 43.0665 110.3446 218.0703 85.1485 53.1212 138.2798 163.8270 177.6911 62.2422 63.8086 12.6231 71.0240 110.1422 105.2578 153.1901 182.9065 87.1074 97.4535 41.9747
102.6758 96.7757 113.9840 60.3146 135.7576 0.0000 28.3334 141.5508 64.6211 163.4264 226.3587 41.7734 60.5505 123.0183 186.0959 180.9491 186.4641 118.7529 156.4800 77.5803 156.2790 79.7756 42.1671 26.5486 101.7779 56.0143 99.1497 46.2413 55.2930 117.5089
116.3051 34.5230 133.7486 5.4507 23.9848 28.3334 0.0000 162.9811 152.1346 84.3518 146.3859 256.1859 7.6730 155.9601 75.3231 118.6746 39.7215 149.9452 127.2709 199.6212 17.7230 35.9739 167.3742 140.6312 77.7147 54.8516 161.4358 178.1988 249.3041 94.2278
89.2259 123.9352 99.5277 131.3703 40.5673 141.5508 162.9811 0.0000 114.7729 129.8040 206.4661 163.7606 158.8913 148.1468 163.7921 188.0702 160.6577 19.1709 82.7016 167.3347 168.4600 33.3136 164.1165 93.5233 141.9789 155.9051 88.6064 128.2109 116.8532 113.7495
114.3720 99.6662 89.5860 118.8485 58.5239 64.6211 152.1346 114.7729 0.0000 171.8260 130.1349 51.2531 27.0427 169.8804 133.1191 78.8929 175.3789 112.8620 128.6917 196.1430 136.0047 100.2383 87.5659 88.0276 169.2965 62.2084 78.5284 10.3856 57.6983 108.1372
75.7964 163.5390 252.4175 162.0124 147.6888 163.4264 84.3518 129.8040 171.8260 0.0000 183.8856 22.6797 133.1242 40.6238 142.6973 173.5847 119.6706 62.1126 141.8236 57.5449 104.3249 6.4915 57.0109 105.0940 6.1635 105.9819 64.0905 75.7830 62.7302 50.5381
162.4823 87.5102 126.9086 96.4322 129.0076 226.3587 146.3859 206.4661 130.1349 183.8856 0.0000 39.3335 196.3275 71.0407 122.5621 238.7112 206.8572 22.7467 109.5399 67.2877 183.9858 64.9126 142.8713 260.3222 120.6767 21.0391 60.1545 56.0147 88.6273 170.0817
72.5890 190.6194 115.4751 155.0944 43.0665 41.7734 256.1859 163.7606 51.2531 22.6797 39.3335 0.0000 40.6509 149.5486 99.9292 41.1286 105.7750 89.8253 195.5586 174.3125 86.0681 37.6538 113.5138 9.8356 108.6124 95.0691 118.6541 74.5288 151.3070 155.7502
210.7606 66.4194 62.4122 153.0633 110.3446 60.5505 7.6730 158.8913 27.0427 133.1242 196.3275 40.6509 0.0000 152.5874 184.9049 106.0521 71.2701 94.8107 137.5222 105.0977 63.1811 22.3755 147.7042 138.6905 97.6259 106.4714 42.6496 71.1458 113.1566 93.4355
108.1940 169.1554 144.3006 207.2929 218.0703 123.0183 155.9601 148.1468 169.8804 40.6238 71.0407 149.5486 152.5874 0.0000 103.5473 204.5305 64.2893 97.6235 45.9011 66.1791 108.2527 182.9914 118.2248 131.3452 58.2869 252.1027 168.0918 162.7890 209.7008 63.6928
100.0525 65.4566 77.5299 93.7612 85.1485 186.0959 75.3231 163.7921 133.1191 142.6973 122.5621 99.9292 184.9049 103.5473 0.0000 103.7425 129.4101 66.0548 180.6231 117.9841 89.5835 108.8500 120.2637 23.6811 130.3729 109.3134 82.1216 22.3605 154.7696 141.4648
63.8664 95.8983 61.9774 155.8173 53.1212 180.9491 118.6746 188.0702 78.8929 173.5847 238.7112 41.1286 106.0521 204.5305 103.7425 0.0000 172.6804 71.8871 112.5381 58.2154 143.9651 155.2853 94.0595 41.5476 114.8286 107.2315 2.9071 90.1345 227.3621 144.6603
84.1773 24.9929 18.6299 228.8152 138.2798 186.4641 39.7215 160.6577 175.3789 119.6706 206.8572 105.7750 71.2701 64.2893 129.4101 172.6804 0.0000 146.4492 72.2817 130.4546 141.3313 76.5358 175.9315 112.9773 108.5139 138.1363 49.5627 95.0118 87.5701 126.7774
73.2885 159.7967 89.6391 143.5462 163.8270 118.7529 149.9452 19.1709 112.8620 62.1126 22.7467 89.8253 94.8107 97.6235 66.0548 71.8871 146.4492 0.0000 77.5813 167.6933 217.2901 179.1479 43.4805 139.1590 51.6366 168.5615 114.4189 201.1019 96.4277 228.7193
192.8675 122.8140 112.9194 56.8665 177.6911 156.4800 127.2709 82.7016 128.6917 141.8236 109.5399 195.5586 137.5222 45.9011 180.6231 112.5381 72.2817 77.5813 0.0000 39.9669 68.8145 114.9937 130.7356 87.1305 191.0966 98.9958 56.2816 133.7868 44.4285 99.0344
33.3416 155.9443 98.1081 71.6594 62.2422 77.5803 199.6212 167.3347 196.1430 57.5449 67.2877 174.3125 105.0977 66.1791 117.9841 58.2154 130.4546 167.6933 39.9669 0.0000 103.7728 130.0865 238.7508 213.0361 4.2548 160.7872 124.1464 101.6865 11.3157 123.1430
200.9423 62.9170 69.4506 5.9768 63.8086 156.2790 17.7230 168.4600 136.0047 104.3249 183.9858 86.0681 63.1811 108.2527 89.5835 143.9651 141.3313 217.2901 68.8145 103.7728 0.0000 85.7472 38.9341 36.4357 48.7074 138.2912 213.0859 75.9262 77.9980 120.1865
104.2994 102.9007 51.0702 27.0364 12.6231 79.7756 35.9739 33.3136 100.2383 6.4915 64.9126 37.6538 22.3755 182.9914 108.8500 155.2853 76.5358 179.1479 114.9937 130.0865 85.7472 0.0000 62.5991 154.4798 99.1221 8.5584 59.7726 30.2618 150.2945 118.8195
111.3875 78.5422 109.4683 49.2768 71.0240 42.1671 167.3742 164.1165 87.5659 57.0109 142.8713 113.5138 147.7042 118.2248 120.2637 94.0595 175.9315 43.4805 130.7356 238.7508 38.9341 62.5991 0.0000 63.1401 93.6656 105.9397 7.6360 61.1940 44.9369 103.1344
127.4542 90.1041 102.6567 104.8033 110.1422 26.5486 140.6312 93.5233 88.0276 105.0940 260.3222 9.8356 138.6905 131.3452 23.6811 41.5476 112.9773 139.1590 87.1305 213.0361 36.4357 154.4798 63.1401 0.0000 60.8467 142.1369 220.3895 68.7333 54.4603 133.1816
59.8754 93.6376 12.1702 154.6451 105.2578 101.7779 77.7147 141.9789 169.2965 6.1635 120.6767 108.6124 97.6259 58.2869 130.3729 114.8286 108.5139 51.6366 191.0966 4.2548 48.7074 99.1221 93.6656 60.8467 0.0000 75.2830 143.8248 39.9300 182.4503 68.8475
38.6703 157.1449 125.8074 112.4625 153.1901 56.0143 54.8516 155.9051 62.2084 105.9819 21.0391 95.0691 106.4714 252.1027 109.3134 107.2315 138.1363 168.5615 98.9958 160.7872 138.2912 8.5584 105.9397 142.1369 75.2830 0.0000 179.8501 36.5540 181.6273 29.3715
56.0109 73.3460 171.2086 174.1051 182.9065 99.1497 161.4358 88.6064 78.5284 64.0905 60.1545 118.6541 42.6496 168.0918 82.1216 2.9071 49.5627 114.4189 56.2816 124.1464 213.0859 59.7726 7.6360 220.3895 143.8248 179.8501 0.0000 40.3171 218.9576 22.9279
41.1207 105.1237 126.5324 108.7755 87.1074 46.2413 178.1988 128.2109 10.3856 75.7830 56.0147 74.5288 71.1458 162.7890 22.3605 90.1345 95.0118 201.1019 133.7868 101.6865 75.9262 30.2618 61.1940 68.7333 39.9300 36.5540 40.3171 0.0000 145.4777 37.1749
56.8606 158.0180 20.6192 62.6514 97.4535 55.2930 249.3041 116.8532 57.6983 62.7302 88.6273 151.3070 113.1566 209.7008 154.7696 227.3621 87.5701 96.4277 44.4285 11.3157 77.9980 150.2945 44.9369 54.4603 182.4503 181.6273 218.9576 145.4777 0.0000 36.7984
53.7625 124.0086 112.6487 156.8474 41.9747 117.5089 94.2278 113.7495 108.1372 50.5381 170.0817 155.7502 93.4355 63.6928 141.4648 144.6603 126.7774 228.7193 99.0344 123.1430 120.1865 118.8195 103.1344 133.1816 68.8475 29.3715 22.9279 37.1749 36.7984 0.0000
