20
0.0000 126.2749 155.4489 32.2797 69.8761 229.8251 72.5572 157.0986 67.7160 133.2370 87.9905 152.9973 23.5506 51.8040 69.5139 152.1825 257.4945 233.9476 94.2802 91.4349
126.2749 0.0000 198.1783 81.1819 113.5474 30.4389 90.7101 103.4846 171.2084 100.3373 150.2181 79.0087 145.0318 4.7262 180.8760 35.1992 173.1371 118.0340 138.2730 137.4976
155.4489 198.1783 0.0000 32.9259 136.7572 136.2777 110.0640 125.7175 242.5086 108.0027 186.0470 84.4110 103.5198 147.0122 93.7097 161.8906 49.7164 141.7950 140.7019 76.6164
32.2797 81.1819 32.9259 0.0000 28.1671 35.4597 88.8216 70.4198 63.4970 108.2791 73.5864 12.2616 143.4980 140.9795 86.3512 88.7552 76.0609 169.2974 399.5402 162.6655
69.8761 113.5474 136.7572 28.1671 0.0000 51.5281 68.0394 143.4562 108.4444 114.9884 28.6994 158.8984 28.9830 66.8327 63.3624 204.7582 103.0628 86.1269 93.6556 231.9318
229.8251 30.4389 136.2777 35.4597 51.5281 0.0000 144.9401 101.5251 59.6536 192.4187 90.6208 177.7710 44.1493 101.5850 21.1138 81.6502 151.2479 161.9905 147.5831 53.9863
72.5572 90.7101 110.0640 88.8216 68.0394 144.9401 0.0000 75.1975 48.2319 125.8672 97.5293 81.2455 79.5699 6.7477 86.6954 157.9444 12.8894 281.9792 157.1810 112.4673
157.0986 103.4846 125.7175 70.4198 143.4562 101.5251 75.1975 0.0000 31.9674 187.0787 173.5358 57.2845 4.9069 195.4718 116.2476 93.7863 107.1939 69.2415 70.5474 105.7857
67.7160 171.2084 242.5086 63.4970 108.4444 59.6536 48.2319 31.9674 0.0000 64.6723 27.6024 55.2573 55.7980 150.6677 9.2656 106.2732 22.5543 50.7645 52.5478 48.2987
133.2370 100.3373 108.0027 108.2791 114.9884 192.4187 125.8672 187.0787 64.6723 0.0000 101.5985 111.0745 86.2403 71.8089 145.1019 150.8013 69.4666 189.1203 70.0419 139.7744
87.9905 150.2181 186.0470 73.5864 28.6994 90.6208 97.5293 173.5358 27.6024 101.5985 0.0000 138.5730 123.7791 93.9952 76.0920 62.4184 179.9769 33.8334 144.1388 66.7925
152.9973 79.0087 84.4110 12.2616 158.8984 177.7710 81.2455 57.2845 55.2573 111.0745 138.5730 0.0000 154.3188 168.4910 102.2156 295.2300 145.8493 60.6017 117.8700 174.4010
23.5506 145.0318 103.5198 143.4980 28.9830 44.1493 79.5699 4.9069 55.7980 86.2403 123.7791 154.3188 0.0000 82.0504 14.2906 193.0701 114.8452 100.0080 167.1707 238.7136
51.8040 4.7262 147.0122 140.9795 66.8327 101.5850 6.7477 195.4718 150.6677 71.8089 93.9952 168.4910 82.0504 0.0000 125.5022 145.6495 43.9228 84.3795 253.4588 116.9332
69.5139 180.8760 93.7097 86.3512 63.3624 21.1138 86.6954 116.2476 9.2656 145.1019 76.0920 102.2156 14.2906 125.5022 0.0000 117.9358 67.7459 110.3576 115.0800 185.7128
152.1825 35.1992 161.8906 88.7552 204.7582 81.6502 157.9444 93.7863 106.2732 150.8013 62.4184 295.2300 193.0701 145.6495 117.9358 0.0000 197.0734 58.8032 95.5231 110.2533
257.4945 173.1371 49.7164 76.0609 103.0628 151.2479 12.8894 107.1939 22.5543 69.4666 179.9769 145.8493 114.8452 43.9228 67.7459 197.0734 0.0000 59.8802 119.3288 162.2895
233.9476 118.0340 141.7950 169.2974 86.1269 161.9905 281.9792 69.2415 50.7645 189.1203 33.8334 60.6017 100.0080 84.3795 110.3576 58.8032 59.8802 0.0000 104.5623 125.1318
94.2802 138.2730 140.7019 399.5402 93.6556 147.5831 157.1810 70.5474 52.5478 70.0419 144.1388 117.8700 167.1707 253.4588 115.0800 95.5231 119.3288 104.5623 0.0000 183.8936
91.4349 137.4976 76.6164 162.6655 231.9318 53.9863 112.4673 105.7857 48.2987 139.7744 66.7925 174.4010 238.7136 116.9332 185.7128 110.2533 162.2895 125.1318 183.8936 0.0000
