20
0.0000 168.7620 161.8653 60.1163 58.9862 125.3630 105.3024 77.3083 12.6362 94.0180 111.1722 172.1959 85.8877 187.5783 267.4908 114.2197 134.5269 64.9087 182.9282 45.6398
168.7620 0.0000 37.7914 47.5250 117.3670 34.9494 99.7366 207.2913 45.4613 144.3324 182.8524 56.4651 174.8126 89.7032 85.3529 154.0682 14.9409 107.8646 28.8558 104.0931
161.8653 37.7914 0.0000 34.5664 138.6188 86.8993 81.2032 156.2414 131.5657 117.7750 29.6385 43.1430 204.7517 80.9652 154.7977 54.3550 115.7065 202.9268 143.8325 134.0811
60.1163 47.5250 34.5664 0.0000 98.8902 81.6728 131.9463 174.8231 22.3056 18.4888 8.1514 56.4325 107.0221 135.5096 105.2863 97.3514 44.5609 199.9073 111.9209 225.6735
58.9862 117.3670 138.6188 98.8902 0.0000 28.0441 60.0323 129.4285 133.7997 96.2344 78.2955 31.9311 197.5855 67.3284 98.7853 31.8101 80.4567 143.4998 158.1880 81.2674
125.3630 34.9494 86.8993 81.6728 28.0441 0.0000 212.9477 124.2063 159.1296 126.2817 123.0515 199.9936 103.9213 171.4519 180.7335 130.0855 82.5994 121.5833 162.9863 89.7256
105.3024 99.7366 81.2032 131.9463 60.0323 212.9477 0.0000 69.5418 21.9819 132.3762 107.0874 197.8228 105.0438 189.7652 40.9571 51.0689 97.3365 70.3527 51.8987 56.0238
77.3083 207.2913 156.2414 174.8231 129.4285 124.2063 69.5418 0.0000 69.6030 52.8527 39.0264 99.9948 87.4720 234.3810 113.1942 59.8985 31.0932 74.8391 73.4038 75.5986
12.6362 45.4613 131.5657 22.3056 133.7997 159.1296 21.9819 69.6030 0.0000 31.4336 152.0798 130.3376 243.5088 79.5324 61.5990 77.1666 32.8564 151.8250 127.0792 194.3677
94.0180 144.3324 117.7750 18.4888 96.2344 126.2817 132.3762 52.8527 31.4336 0.0000 119.1791 65.2122 52.2444 98.2624 39.3596 124.5861 230.2784 149.4526 142.9545 190.9815
111.1722 182.8524 29.6385 8.1514 78.2955 123.0515 107.0874 39.0264 152.0798 119.1791 0.0000 83.7293 63.8128 133.2569 149.3137 145.1876 59.2984 98.0377 56.5259 94.6699
172.1959 56.4651 43.1430 56.4325 31.9311 199.9936 197.8228 99.9948 130.3376 65.2122 83.7293 0.0000 135.4741 63.6742 188.6620 20.8122 122.3606 120.8201 99.0947 132.1510
85.8877 174.8126 204.7517 107.0221 197.5855 103.9213 105.0438 87.4720 243.5088 52.2444 63.8128 135.4741 0.0000 91.3516 107.6009 126.8460 143.2598 48.2020 133.2046 109.6885
187.5783 89.7032 80.9652 135.5096 67.3284 171.4519 189.7652 234.3810 79.5324 98.2624 133.2569 63.6742 91.3516 0.0000 77.3104 113.3364 78.3263 109.7993 154.3451 51.9374
267.4908 85.3529 154.7977 105.2863 98.7853 180.7335 40.9571 113.1942 61.5990 39.3596 149.3137 188.6620 107.6009 77.3104 0.0000 51.5196 129.8427 131.5448 147.5266 56.9269
114.2197 154.0682 54.3550 97.3514 31.8101 130.0855 51.0689 59.8985 77.1666 124.5861 145.1876 20.8122 126.8460 113.3364 51.5196 0.0000 132.2746 92.5359 71.8634 47.5903
134.5269 14.9409 115.7065 44.5609 80.4567 82.5994 97.3365 31.0932 32.8564 230.2784 59.2984 122.3606 143.2598 78.3263 129.8427 132.2746 0.0000 79.7141 142.9608 109.2357
64.9087 107.8646 202.9268 199.9073 143.4998 121.5833 70.3527 74.8391 151.8250 149.4526 98.0377 120.8201 48.2020 109.7993 131.5448 92.5359 79.7141 0.0000 103.4480 34.5943
182.9282 28.8558 143.8325 111.9209 158.1880 162.9863 51.8987 73.4038 127.0792 142.9545 56.5259 99.0947 133.2046 154.3451 147.5266 71.8634 142.9608 103.4480 0.0000 145.1179
45.6398 104.0931 134.0811 225.6735 81.2674 89.7256 56.0238 75.5986 194.3677 190.9815 94.6699 132.1510 109.6885 51.9374 56.9269 47.5903 109.2357 34.5943 145.1179 0.0000
