20
0.0000 129.8770 172.6868 123.1420 90.9765 152.7037 34.2154 44.1137 79.6515 28.0404 111.4734 130.2469 140.5363 162.7116 104.5329 62.7243 124.5090 120.3410 142.2115 119.8512
129.8770 0.0000 133.6233 77.4783 111.1314 131.9289 1.1947 98.7077 70.1858 62.1391 151.8969 4.3979 10.4294 97.0660 252.2810 14.0951 71.3215 17.2491 136.9075 144.4175
172.6868 133.6233 0.0000 131.3982 186.6848 43.3602 106.2084 55.5034 80.6870 188.6809 142.8924 161.5603 85.3457 104.3410 53.9496 29.8655 100.4210 87.5327 115.4265 82.6315
123.1420 77.4783 131.3982 0.0000 152.1060 179.5545 185.3635 94.8166 103.9997 120.5591 141.3405 62.4604 216.5227 55.7036 128.6843 74.3080 88.0806 78.9032 182.0594 67.7137
90.9765 111.1314 186.6848 152.1060 0.0000 98.7008 48.4275 122.9120 79.5673 31.7364 69.7265 102.9455 146.0319 143.9526 158.6624 146.2677 77.7502 136.2047 99.8959 56.5849
152.7037 131.9289 43.3602 179.5545 98.7008 0.0000 132.0566 135.5262 102.1157 101.8574 115.4340 134.9500 171.5622 159.4594 216.7944 200.5920 86.5096 182.1624 91.1165 73.4157
34.2154 1.1947 106.2084 185.3635 48.4275 132.0566 0.0000 68.4283 40.5624 179.0280 136.5194 158.6323 115.5823 36.5285 12.8439 107.2562 54.1586 7.6559 68.3310 93.3578
44.1137 98.7077 55.5034 94.8166 122.9120 135.5262 68.4283 0.0000 120.2553 144.4505 100.6987 51.9164 29.5500 24.4598 49.8339 141.8928 73.6210 122.6182 138.8879 65.1131
79.6515 70.1858 80.6870 103.9997 79.5673 102.1157 40.5624 120.2553 0.0000 63.0019 56.0731 172.3474 65.2913 44.0033 114.3741 89.3868 135.3135 104.8079 125.7027 102.1833
28.0404 62.1391 188.6809 120.5591 31.7364 101.8574 179.0280 144.4505 63.0019 0.0000 60.6752 44.5041 86.7056 50.7915 166.8023 83.8231 56.6707 16.0376 79.8020 156.7649
111.4734 151.8969 142.8924 141.3405 69.7265 115.4340 136.5194 100.6987 56.0731 60.6752 0.0000 23.2689 54.7277 190.7276 145.8896 117.5805 27.0646 110.0400 137.5698 84.2784
130.2469 4.3979 161.5603 62.4604 102.9455 134.9500 158.6323 51.9164 172.3474 44.5041 23.2689 0.0000 134.2631 7.2782 86.4359 46.7777 59.8508 208.1803 40.7294 148.1374
140.5363 10.4294 85.3457 216.5227 146.0319 171.5622 115.5823 29.5500 65.2913 86.7056 54.7277 134.2631 0.0000 65.7534 101.1569 201.2596 46.5369 44.3358 29.0960 47.2531
162.7116 97.0660 104.3410 55.7036 143.9526 159.4594 36.5285 24.4598 44.0033 50.7915 190.7276 7.2782 65.7534 0.0000 73.4289 110.5900 127.3526 20.3737 78.1147 130.2229
104.5329 252.2810 53.9496 128.6843 158.6624 216.7944 12.8439 49.8339 114.3741 166.8023 145.8896 86.4359 101.1569 73.4289 0.0000 97.2847 51.1981 183.9987 62.6514 25.1377
62.7243 14.0951 29.8655 74.3080 146.2677 200.5920 107.2562 141.8928 89.3868 83.8231 117.5805 46.7777 201.2596 110.5900 97.2847 0.0000 182.5999 78.4568 79.3234 121.6936
124.5090 71.3215 100.4210 88.0806 77.7502 86.5096 54.1586 73.6210 135.3135 56.6707 27.0646 59.8508 46.5369 127.3526 51.1981 182.5999 0.0000 141.0272 58.3333 76.0505
120.3410 17.2491 87.5327 78.9032 136.2047 182.1624 7.6559 122.6182 104.8079 16.0376 110.0400 208.1803 44.3358 20.3737 183.9987 78.4568 141.0272 0.0000 147.2603 28.2323
142.2115 136.9075 115.4265 182.0594 99.8959 91.1165 68.3310 138.8879 125.7027 79.8020 137.5698 40.7294 29.0960 78.1147 62.6514 79.3234 58.3333 147.2603 0.0000 106.0401
119.8512 144.4175 82.6315 67.7137 56.5849 73.4157 93.3578 65.1131 102.1833 156.7649 84.2784 148.1374 47.2531 130.2229 25.1377 121.6936 76.0505 28.2323 106.0401 0.0000
