20
0.0000 6.5036 38.0974 89.3013 129.0115 106.6116 93.2588 129.9767 57.5129 108.8125 134.2041 35.5540 6.0055 80.6086 131.4525 121.9763 185.4932 55.9223 135.7313 68.2154
6.5036 0.0000 171.6527 179.4875 8.8309 108.8296 178.4418 118.1876 93.1663 97.0847 116.4875 73.4689 111.8482 151.5540 60.2652 171.7534 66.5103 214.0463 42.5426 82.0095
38.0974 171.6527 0.0000 69.3939 35.8527 95.8255 128.5922 68.1064 148.8629 11.4645 37.2959 96.4408 114.7273 96.7820 174.7890 128.0944 118.2503 110.9884 64.9805 96.3656
89.3013 179.4875 69.3939 0.0000 107.7805 103.8124 83.8732 157.0237 23.1396 91.2286 175.5039 39.8701 94.3219 149.4880 118.4719 39.4023 64.9868 78.4778 123.1819 121.4881
129.0115 8.8309 35.8527 107.7805 0.0000 252.6900 79.6375 122.7235 74.3964 215.9708 97.7306 107.3146 130.3664 94.5057 160.4318 71.9442 128.6146 73.8685 153.5867 218.2773
106.6116 108.8296 95.8255 103.8124 252.6900 0.0000 75.1220 63.2861 96.7261 73.8649 58.4724 108.8889 37.3126 44.6636 74.6532 80.8141 76.6911 87.3527 77.2663 163.4154
93.2588 178.4418 128.5922 83.8732 79.6375 75.1220 0.0000 149.2788 170.3811 138.2336 104.7643 186.2006 59.3294 173.1542 42.8553 218.0675 73.9814 145.1480 162.0736 43.5146
129.9767 118.1876 68.1064 157.0237 122.7235 63.2861 149.2788 0.0000 70.9261 97.3473 131.7901 77.3563 92.7467 52.3118 75.4741 116.1440 132.4453 107.9201 24.2852 162.5163
57.5129 93.1663 148.8629 23.1396 74.3964 96.7261 170.3811 70.9261 0.0000 60.8210 111.0565 120.5033 192.5557 10.0102 77.4155 79.0864 15.5414 50.2669 134.4947 96.3200
108.8125 97.0847 11.4645 91.2286 215.9708 73.8649 138.2336 97.3473 60.8210 0.0000 81.6625 40.3914 45.2899 56.6738 140.4049 94.0625 162.1181 40.2663 114.2064 102.5502
134.2041 116.4875 37.2959 175.5039 97.7306 58.4724 104.7643 131.7901 111.0565 81.6625 0.0000 196.2638 102.8584 223.5853 69.8396 68.2536 129.1949 141.7695 119.3877 165.5379
35.5540 73.4689 96.4408 39.8701 107.3146 108.8889 186.2006 77.3563 120.5033 40.3914 196.2638 0.0000 82.2325 54.4268 54.1220 83.4020 88.0241 56.4536 197.2081 195.9444
6.0055 111.8482 114.7273 94.3219 130.3664 37.3126 59.3294 92.7467 192.5557 45.2899 102.8584 82.2325 0.0000 58.5664 70.4268 162.5098 202.2878 105.3872 147.0046 168.6706
80.6086 151.5540 96.7820 149.4880 94.5057 44.6636 173.1542 52.3118 10.0102 56.6738 223.5853 54.4268 58.5664 0.0000 96.3718 143.2351 99.3332 45.9158 37.6533 103.4725
131.4525 60.2652 174.7890 118.4719 160.4318 74.6532 42.8553 75.4741 77.4155 140.4049 69.8396 54.1220 70.4268 96.3718 0.0000 110.1865 140.4065 136.1922 89.7284 271.5511
121.9763 171.7534 128.0944 39.4023 71.9442 80.8141 218.0675 116.1440 79.0864 94.0625 68.2536 83.4020 162.5098 143.2351 110.1865 0.0000 170.2027 138.1050 180.3559 57.6258
185.4932 66.5103 118.2503 64.9868 128.6146 76.6911 73.9814 132.4453 15.5414 162.1181 129.1949 88.0241 202.2878 99.3332 140.4065 170.2027 0.0000 74.5747 157.2757 118.0081
55.9223 214.0463 110.9884 78.4778 73.8685 87.3527 145.1480 107.9201 50.2669 40.2663 141.7695 56.4536 105.3872 45.9158 136.1922 138.1050 74.5747 0.0000 118.2063 71.0162
135.7313 42.5426 64.9805 123.1819 153.5867 77.2663 162.0736 24.2852 134.4947 114.2064 119.3877 197.2081 147.0046 37.6533 89.7284 180.3559 157.2757 118.2063 0.0000 83.0138
68.2154 82.0095 96.3656 121.4881 218.2773 163.4154 43.5146 162.5163 96.3200 102.5502 165.5379 195.9444 168.6706 103.4725 271.5511 57.6258 118.0081 71.0162 83.0138 0.0000
