20
0.0000 131.8097 93.8944 141.8271 135.1582 63.7230 146.2525 193.3150 40.1825 57.5482 64.4791 61.3391 105.0591 64.9021 186.1247 18.0004 237.5185 208.9450 124.2257 169.6491
131.8097 0.0000 121.6076 23.1595 126.7409 185.7509 126.7801 35.6884 28.2520 146.6486 116.4791 103.0945 101.3928 99.8083 44.5453 82.6256 59.9478 67.0980 35.9247 34.1052
93.8944 121.6076 0.0000 118.1394 141.7562 50.0967 102.3556 0.8346 84.7644 80.7727 84.1324 85.4217 120.7606 134.2529 99.5682 64.5591 105.1537 127.4153 89.4578 111.9015
141.8271 23.1595 118.1394 0.0000 53.6062 96.2690 135.1809 101.8497 115.6953 17.2547 71.6445 111.4754 74.9904 21.7183 146.2271 117.9771 51.7833 154.8903 79.0332 90.7392
135.1582 126.7409 141.7562 53.6062 0.0000 86.2575 1.5451 153.2855 62.5356 81.1095 85.2803 105.8249 79.7295 100.1392 184.5574 3.4867 98.6402 73.4135 171.0842 160.3106
63.7230 185.7509 50.0967 96.2690 86.2575 0.0000 41.9165 108.5910 105.2483 94.2902 148.7370 150.7703 44.4805 99.3833 9.7680 130.7161 16.4750 312.0238 122.7740 74.4562
146.2525 126.7801 102.3556 135.1809 1.5451 41.9165 0.0000 241.9651 155.1696 206.9357 60.8917 230.0103 120.5663 76.1835 59.9710 80.5605 95.3347 113.0490 89.3771 53.6283
193.3150 35.6884 0.8346 101.8497 153.2855 108.5910 241.9651 0.0000 49.4174 102.3307 7.2267 128.6449 64.7577 230.4340 74.0363 139.4096 181.5246 78.2195 158.3728 18.5936
40.1825 28.2520 84.7644 115.6953 62.5356 105.2483 155.1696 49.4174 0.0000 155.0465 175.7175 134.5537 104.8015 71.8579 128.8582 77.1026 122.6677 142.0876 164.6204 107.8087
57.5482 146.6486 80.7727 17.2547 81.1095 94.2902 206.9357 102.3307 155.0465 0.0000 111.2264 66.3917 210.0382 195.6585 49.8861 24.2997 101.5809 144.8286 212.5434 115.6866
64.4791 116.4791 84.1324 71.6445 85.2803 148.7370 60.8917 7.2267 175.7175 111.2264 0.0000 169.9433 137.3040 79.3046 123.9113 96.9415 96.0052 57.4491 89.5271 85.8320
61.3391 103.0945 85.4217 111.4754 105.8249 150.7703 230.0103 128.6449 134.5537 66.3917 169.9433 0.0000 38.3580 193.9828 105.2986 79.6229 44.9523 127.2641 101.3384 213.4682
105.0591 101.3928 120.7606 74.9904 79.7295 44.4805 120.5663 64.7577 104.8015 210.0382 137.3040 38.3580 0.0000 158.2370 206.5949 201.0223 41.9485 193.2747 53.5466 103.1542
64.9021 99.8083 134.2529 21.7183 100.1392 99.3833 76.1835 230.4340 71.8579 195.6585 79.3046 193.9828 158.2370 0.0000 47.0445 106.4058 106.8923 61.6415 136.9752 87.0727
186.1247 44.5453 99.5682 146.2271 184.5574 9.7680 59.9710 74.0363 128.8582 49.8861 123.9113 105.2986 206.5949 47.0445 0.0000 201.4704 135.5070 193.2302 29.5249 98.4534
18.0004 82.6256 64.5591 117.9771 3.4867 130.7161 80.5605 139.4096 77.1026 24.2997 96.9415 79.6229 201.0223 106.4058 201.4704 0.0000 111.0632 55.5376 70.6836 176.2813
237.5185 59.9478 105.1537 51.7833 98.6402 16.4750 95.3347 181.5246 122.6677 101.5809 96.0052 44.9523 41.9485 106.8923 135.5070 111.0632 0.0000 79.4984 66.6685 123.5158
208.9450 67.0980 127.4153 154.8903 73.4135 312.0238 113.0490 78.2195 142.0876 144.8286 57.4491 127.2641 193.2747 61.6415 193.2302 55.5376 79.4984 0.0000 141.1139 111.8013
124.2257 35.9247 89.4578 79.0332 171.0842 122.7740 89.3771 158.3728 164.6204 212.5434 89.5271 101.3384 53.5466 136.9752 29.5249 70.6836 66.6685 141.1139 0.0000 92.8242
169.6491 34.1052 111.9015 90.7392 160.3106 74.4562 53.6283 18.5936 107.8087 115.6866 85.8320 213.4682 103.1542 87.0727 98.4534 176.2813 123.5158 111.8013 92.8242 0.0000
