20
0.0000 139.8048 126.1051 162.0623 14.8646 144.5155 201.6852 103.1752 111.3307 120.5635 103.6423 192.5563 158.6729 65.9926 139.6991 128.6609 55.5380 96.0610 188.1393 172.9216
139.8048 0.0000 99.7402 146.2841 102.5083 70.8575 87.1096 80.0000 70.8627 101.5815 148.6552 225.6139 75.5992 147.5424 93.1142 55.1131 40.1649 72.2932 186.0617 58.4518
126.1051 99.7402 0.0000 231.0313 146.1063 141.0272 13.6798 73.4320 229.8157 205.1380 56.5603 31.7786 209.7392 113.2838 3.9099 82.7816 19.8141 213.6688 43.9817 25.6547
162.0623 146.2841 231.0313 0.0000 77.5764 203.2890 106.8826 44.1544 29.5684 200.4395 190.4162 7.2494 119.3050 60.7000 166.4896 56.5898 112.7672 93.8180 38.3165 8.2676
14.8646 102.5083 146.1063 77.5764 0.0000 195.3290 126.1861 75.9958 119.7661 144.3355 88.0417 30.7195 209.1542 17.0783 185.8981 51.7461 84.4772 120.1175 93.5593 10.2966
144.5155 70.8575 141.0272 203.2890 195.3290 0.0000 166.0042 88.7427 12.0887 19.4983 183.2007 123.0265 137.5593 144.5417 35.5289 140.6704 113.5297 165.9740 50.2108 174.6449
201.6852 87.1096 13.6798 106.8826 126.1861 166.0042 0.0000 170.2585 128.6551 43.8904 254.0105 77.8409 146.2341 182.5497 40.2398 207.7848 126.5103 109.6955 91.6665 195.5709
103.1752 80.0000 73.4320 44.1544 75.9958 88.7427 170.2585 0.0000 6.7832 18.7237 172.2381 106.9213 46.6590 42.6063 52.2840 177.2767 53.9171 227.1990 148.3393 54.8092
111.3307 70.8627 229.8157 29.5684 119.7661 12.0887 128.6551 6.7832 0.0000 298.9056 89.4341 62.6343 40.7809 108.1995 106.0991 18.1872 59.3965 83.9284 131.8325 113.7965
120.5635 101.5815 205.1380 200.4395 144.3355 19.4983 43.8904 18.7237 298.9056 0.0000 82.1317 85.7484 170.1138 63.9293 156.9124 169.3890 85.7642 120.4423 121.8874 30.1843
103.6423 148.6552 56.5603 190.4162 88.0417 183.2007 254.0105 172.2381 89.4341 82.1317 0.0000 124.7204 70.5243 36.5472 58.1616 83.7525 57.9568 107.9863 56.3025 177.5799
192.5563 225.6139 31.7786 7.2494 30.7195 123.0265 77.8409 106.9213 62.6343 85.7484 124.7204 0.0000 93.8917 68.6710 117.5184 85.9720 47.6085 156.3503 97.7197 169.9936
158.6729 75.5992 209.7392 119.3050 209.1542 137.5593 146.2341 46.6590 40.7809 170.1138 70.5243 93.8917 0.0000 75.8886 72.2211 131.1863 113.4536 145.2548 181.0213 146.4999
65.9926 147.5424 113.2838 60.7000 17.0783 144.5417 182.5497 42.6063 108.1995 63.9293 36.5472 68.6710 75.8886 0.0000 181.6994 79.1169 198.8680 59.8993 144.4893 98.0051
139.6991 93.1142 3.9099 166.4896 185.8981 35.5289 40.2398 52.2840 106.0991 156.9124 58.1616 117.5184 72.2211 181.6994 0.0000 158.1657 144.6343 63.7386 162.3050 51.2514
128.6609 55.1131 82.7816 56.5898 51.7461 140.6704 207.7848 177.2767 18.1872 169.3890 83.7525 85.9720 131.1863 79.1169 158.1657 0.0000 133.0741 61.8429 80.2633 53.8967
55.5380 40.1649 19.8141 112.7672 84.4772 113.5297 126.5103 53.9171 59.3965 85.7642 57.9568 47.6085 113.4536 198.8680 144.6343 133.0741 0.0000 55.8552 111.8797 47.6697
96.0610 72.2932 213.6688 93.8180 120.1175 165.9740 109.6955 227.1990 83.9284 120.4423 107.9863 156.3503 145.2548 59.8993 63.7386 61.8429 55.8552 0.0000 85.5097 116.8658
188.1393 186.0617 43.9817 38.3165 93.5593 50.2108 91.6665 148.3393 131.8325 121.8874 56.3025 97.7197 181.0213 144.4893 162.3050 80.2633 111.8797 85.5097 0.0000 150.0297
172.9216 58.4518 25.6547 8.2676 10.2966 174.6449 195.5709 54.8092 113.7965 30.1843 177.5799 169.9936 146.4999 98.0051 51.2514 53.8967 47.6697 116.8658 150.0297 0.0000
