20
0.0000 108.6398 138.3790 137.3680 171.6373 198.1498 111.8525 131.1809 100.5197 93.3498 49.6727 55.5194 61.2560 183.4426 40.0668 109.4524 73.1502 180.0662 101.7039 179.7396
108.6398 0.0000 14.3497 57.5797 111.3630 30.0634 65.8317 79.1238 131.0751 64.9490 79.3814 133.1374 104.5621 73.7845 73.0875 82.0008 123.8731 228.7183 214.4531 150.1121
138.3790 14.3497 0.0000 35.9443 103.5687 105.9632 153.3429 68.0767 136.2841 150.8533 185.2271 95.3873 194.0967 88.9600 129.3061 106.0727 151.2331 51.3278 107.3459 185.9512
137.3680 57.5797 35.9443 0.0000 12.6996 34.2715 76.9279 93.2078 160.5154 94.1567 151.2911 81.7035 113.0656 187.5555 73.2309 68.4987 173.7812 182.4616 24.7619 174.7715
171.6373 111.3630 103.5687 12.6996 0.0000 87.1853 171.1544 50.6469 107.8304 66.2037 2.4192 208.2294 206.5389 181.0975 135.5628 145.3490 83.6093 130.8791 71.6666 102.3387
198.1498 30.0634 105.9632 34.2715 87.1853 0.0000 89.7893 104.5168 87.9333 31.7603 131.0254 133.9512 68.3967 115.0909 128.1119 103.7454 167.9684 113.9221 140.8291 120.9622
111.8525 65.8317 153.3429 76.9279 171.1544 89.7893 0.0000 122.7949 190.0162 145.5053 115.6878 23.4295 120.3567 27.8632 89.4622 132.0250 60.2505 54.8043 186.5067 85.8662
131.1809 79.1238 68.0767 93.2078 50.6469 104.5168 122.7949 0.0000 136.6917 53.4284 12.0444 151.3318 130.0177 20.5304 4.2071 38.0364 143.8565 98.6353 186.5214 216.9982
100.5197 131.0751 136.2841 160.5154 107.8304 87.9333 190.0162 136.6917 0.0000 29.6371 96.1438 56.7866 96.4083 113.4183 188.5035 156.1529 90.4872 88.5908 83.8038 156.0877
93.3498 64.9490 150.8533 94.1567 66.2037 31.7603 145.5053 53.4284 29.6371 0.0000 75.7930 71.3837 175.1707 124.9235 24.9226 111.0195 91.6200 51.4511 278.4406 149.6707
49.6727 79.3814 185.2271 151.2911 2.4192 131.0254 115.6878 12.0444 96.1438 75.7930 0.0000 159.3341 71.7484 172.2096 55.4915 146.1974 63.0795 79.8630 113.7493 67.6398
55.5194 133.1374 95.3873 81.7035 208.2294 133.9512 23.4295 151.3318 56.7866 71.3837 159.3341 0.0000 190.6626 121.7215 81.7582 7.2915 162.4381 63.2885 82.5127 91.9518
61.2560 104.5621 194.0967 113.0656 206.5389 68.3967 120.3567 130.0177 96.4083 175.1707 71.7484 190.6626 0.0000 87.7048 136.5744 128.4466 121.7918 59.1373 88.3342 111.2817
183.4426 73.7845 88.9600 187.5555 181.0975 115.0909 27.8632 20.5304 113.4183 124.9235 172.2096 121.7215 87.7048 0.0000 146.0962 32.0158 41.4060 53.1562 187.8460 57.0755
40.0668 73.0875 129.3061 73.2309 135.5628 128.1119 89.4622 4.2071 188.5035 24.9226 55.4915 81.7582 136.5744 146.0962 0.0000 71.8526 54.9116 210.5288 23.9804 43.3862
109.4524 82.0008 106.0727 68.4987 145.3490 103.7454 132.0250 38.0364 156.1529 111.0195 146.1974 7.2915 128.4466 32.0158 71.8526 0.0000 97.4407 105.7900 134.7594 55.3846
73.1502 123.8731 151.2331 173.7812 83.6093 167.9684 60.2505 143.8565 90.4872 91.6200 63.0795 162.4381 121.7918 41.4060 54.9116 97.4407 0.0000 57.2947 38.1255 117.6396
180.0662 228.7183 51.3278 182.4616 130.8791 113.9221 54.8043 98.6353 88.5908 51.4511 79.8630 63.2885 59.1373 53.1562 210.5288 105.7900 57.2947 0.0000 130.6862 61.0498
101.7039 214.4531 107.3459 24.7619 71.6666 140.8291 186.5067 186.5214 83.8038 278.4406 113.7493 82.5127 88.3342 187.8460 23.9804 134.7594 38.1255 130.6862 0.0000 89.5934
179.7396 150.1121 185.9512 174.7715 102.3387 120.9622 85.8662 216.9982 156.0877 149.6707 67.6398 91.9518 111.2817 57.0755 43.3862 55.3846 117.6396 61.0498 89.5934 0.0000
