21
0.0000 11.3916 206.7196 55.1065 29.6740 93.0545 112.9862 195.1920 44.8486 38.3141 98.1473 85.4038 39.3339 59.9680 59.1385 78.7830 63.8370 110.9137 124.5348 94.6043 121.4552
11.3916 0.0000 82.5481 45.9154 53.6846 75.4455 52.8425 96.6828 119.8009 43.7888 164.1882 128.9302 100.2619 53.9692 120.7768 102.8653 26.1249 31.0218 19.0370 164.9123 56.0517
206.7196 82.5481 0.0000 43.0386 21.6214 50.4859 34.3857 1.5484 57.1466 45.8016 99.6168 99.2951 145.9146 0.1610 116.4645 38.4169 87.1402 174.4758 71.1890 185.3625 134.9511
55.1065 45.9154 43.0386 0.0000 87.4014 157.4538 129.6352 108.3000 94.6574 187.6856 145.0760 92.9364 55.7859 122.5441 125.2317 181.6709 145.4485 150.2403 167.0874 132.8446 99.4170
29.6740 53.6846 21.6214 87.4014 0.0000 113.5982 180.3383 27.5475 26.8583 131.0688 116.2137 109.7619 107.2786 137.2105 74.2687 102.1329 124.0698 45.0314 97.3058 81.0762 198.8761
93.0545 75.4455 50.4859 157.4538 113.5982 0.0000 115.8547 91.2318 176.9643 93.5270 135.6798 234.0266 38.3058 113.2265 188.3012 118.7197 145.9210 152.1600 89.3588 164.9954 79.2605
112.9862 52.8425 34.3857 129.6352 180.3383 115.8547 0.0000 83.1410 27.3546 116.4337 89.7112 186.3734 217.4997 140.9528 142.2888 107.8775 146.1323 143.7781 184.5815 81.6306 174.2428
195.1920 96.6828 1.5484 108.3000 27.5475 91.2318 83.1410 0.0000 46.5091 143.7055 79.9020 98.5158 163.5976 110.6958 58.2244 61.2076 109.6721 106.4603 111.5788 24.5836 22.5197
44.8486 119.8009 57.1466 94.6574 26.8583 176.9643 27.3546 46.5091 0.0000 44.9743 35.8694 28.0964 199.9815 120.5300 71.6644 11.3342 54.4700 163.1536 132.3184 197.9620 54.9266
38.3141 43.7888 45.8016 187.6856 131.0688 93.5270 116.4337 143.7055 44.9743 0.0000 177.1360 47.2815 72.6399 149.3171 145.7403 35.2868 93.9087 24.0975 181.8495 107.3631 139.4928
98.1473 164.1882 99.6168 145.0760 116.2137 135.6798 89.7112 79.9020 35.8694 177.1360 0.0000 111.5384 171.9002 122.5237 65.3519 94.6306 169.7148 116.1776 1.8073 218.1692 127.9317
85.4038 128.9302 99.2951 92.9364 109.7619 234.0266 186.3734 98.5158 28.0964 47.2815 111.5384 0.0000 10.9183 145.3578 107.3320 22.5450 21.6883 148.1285 95.0554 82.8942 86.0270
39.3339 100.2619 145.9146 55.7859 107.2786 38.3058 217.4997 163.5976 199.9815 72.6399 171.9002 10.9183 0.0000 100.5342 61.1830 11.1664 149.0399 99.3907 103.9734 161.6404 76.0500
59.9680 53.9692 0.1610 122.5441 137.2105 113.2265 140.9528 110.6958 120.5300 149.3171 122.5237 145.3578 100.5342 0.0000 46.6699 67.0635 31.0524 73.1719 67.8634 98.3562 169.5611
59.1385 120.7768 116.4645 125.2317 74.2687 188.3012 142.2888 58.2244 71.6644 145.7403 65.3519 107.3320 61.1830 46.6699 0.0000 90.4486 163.1515 48.9083 120.2391 6.5248 75.3541
78.7830 102.8653 38.4169 181.6709 102.1329 118.7197 107.8775 61.2076 11.3342 35.2868 94.6306 22.5450 11.1664 67.0635 90.4486 0.0000 30.3590 166.8011 238.6858 146.4902 45.2807
63.8370 26.1249 87.1402 145.4485 124.0698 145.9210 146.1323 109.6721 54.4700 93.9087 169.7148 21.6883 149.0399 31.0524 163.1515 30.3590 0.0000 81.7047 13.1170 100.1613 99.3437
110.9137 31.0218 174.4758 150.2403 45.0314 152.1600 143.7781 106.4603 163.1536 24.0975 116.1776 148.1285 99.3907 73.1719 48.9083 166.8011 81.7047 0.0000 18.7026 83.0983 100.1998
124.5348 19.0370 71.1890 167.0874 97.3058 89.3588 184.5815 111.5788 132.3184 181.8495 1.8073 95.0554 103.9734 67.8634 120.2391 238.6858 13.1170 18.7026 0.0000 16.4111 18.5597
94.6043 164.9123 185.3625 132.8446 81.0762 164.9954 81.6306 24.5836 197.9620 107.3631 218.1692 82.8942 161.6404 98.3562 6.5248 146.4902 100.1613 83.0983 16.4111 0.0000 113.7196
121.4552 56.0517 134.9511 99.4170 198.8761 79.2605 174.2428 22.5197 54.9266 139.4928 127.9317 86.0270 76.0500 169.5611 75.3541 45.2807 99.3437 100.1998 18.5597 113.7196 0.0000
