21
0.0000 156.0296 91.1582 33.2214 159.9903 155.5284 115.8287 201.9710 141.7904 37.5493 123.5848 44.3724 138.9398 101.9473 69.3217 145.7025 39.3008 59.4711 188.6378 69.2262 104.8137
156.0296 0.0000 126.2478 98.1477 171.0111 57.0618 58.4673 121.1770 175.5621 73.0726 168.4010 69.1278 115.3549 123.1262 83.4774 121.7434 140.9760 76.6972 93.8896 21.4499 158.6632
91.1582 126.2478 0.0000 197.8517 65.9703 181.9999 203.6082 72.1311 69.0027 149.7461 144.4054 22.1598 37.7058 137.4589 74.5515 22.0044 57.6349 65.7379 43.2479 136.9323 11.1748
33.2214 98.1477 197.8517 0.0000 73.3357 70.5304 105.9271 104.5330 29.8048 75.5327 156.0367 111.5066 10.1742 181.2986 223.8648 82.5200 131.2797 82.2622 108.0160 94.4774 94.8678
159.9903 171.0111 65.9703 73.3357 0.0000 1.1550 107.6682 159.8819 105.1107 151.5666 32.8805 163.0152 133.0148 70.3909 176.9934 51.4564 111.2316 33.8085 84.3218 172.0994 50.4497
155.5284 57.0618 181.9999 70.5304 1.1550 0.0000 111.7035 75.2722 182.0154 202.6969 123.8798 75.6666 84.7908 177.9388 177.2909 66.5885 53.2384 71.7535 27.7434 17.5255 149.3787
115.8287 58.4673 203.6082 105.9271 107.6682 111.7035 0.0000 170.1869 62.8054 13.5617 170.1599 57.3778 211.0718 223.7935 136.7098 37.0243 78.8203 103.9749 51.4628 213.3842 57.7079
201.9710 121.1770 72.1311 104.5330 159.8819 75.2722 170.1869 0.0000 150.1521 169.0059 112.6047 154.2640 144.1992 126.6273 146.7660 74.7362 41.5821 84.1728 55.7343 237.3382 78.0094
141.7904 175.5621 69.0027 29.8048 105.1107 182.0154 62.8054 150.1521 0.0000 107.1268 71.9736 42.3764 113.1320 82.5402 30.2105 61.2597 34.0263 151.2244 33.3295 64.7022 108.9771
37.5493 73.0726 149.7461 75.5327 151.5666 202.6969 13.5617 169.0059 107.1268 0.0000 39.6070 72.3018 131.1496 107.7038 122.6255 152.3649 172.1048 103.1528 77.2482 131.0594 87.4649
123.5848 168.4010 144.4054 156.0367 32.8805 123.8798 170.1599 112.6047 71.9736 39.6070 0.0000 154.1857 58.2141 159.9883 50.3727 176.9854 113.9956 124.9062 32.5452 100.4867 100.0420
44.3724 69.1278 22.1598 111.5066 163.0152 75.6666 57.3778 154.2640 42.3764 72.3018 154.1857 0.0000 256.2004 87.7874 36.2694 75.3246 46.3954 83.2577 111.3706 132.1327 92.3871
138.9398 115.3549 37.7058 10.1742 133.0148 84.7908 211.0718 144.1992 113.1320 131.1496 58.2141 256.2004 0.0000 87.6776 177.5167 154.5841 206.5109 154.2283 123.1268 59.4686 68.9809
101.9473 123.1262 137.4589 181.2986 70.3909 177.9388 223.7935 126.6273 82.5402 107.7038 159.9883 87.7874 87.6776 0.0000 95.3176 78.8664 28.4982 162.5247 162.2677 130.9826 106.1859
69.3217 83.4774 74.5515 223.8648 176.9934 177.2909 136.7098 146.7660 30.2105 122.6255 50.3727 36.2694 177.5167 95.3176 0.0000 184.5909 151.0099 187.3948 215.3547 24.5364 113.8860
145.7025 121.7434 22.0044 82.5200 51.4564 66.5885 37.0243 74.7362 61.2597 152.3649 176.9854 75.3246 154.5841 78.8664 184.5909 0.0000 104.2623 77.6302 65.5021 168.4180 86.2242
39.3008 140.9760 57.6349 131.2797 111.2316 53.2384 78.8203 41.5821 34.0263 172.1048 113.9956 46.3954 206.5109 28.4982 151.0099 104.2623 0.0000 95.2527 56.8847 167.7375 126.4098
59.4711 76.6972 65.7379 82.2622 33.8085 71.7535 103.9749 84.1728 151.2244 103.1528 124.9062 83.2577 154.2283 162.5247 187.3948 77.6302 95.2527 0.0000 94.4102 181.8917 108.6098
188.6378 93.8896 43.2479 108.0160 84.3218 27.7434 51.4628 55.7343 33.3295 77.2482 32.5452 111.3706 123.1268 162.2677 215.3547 65.5021 56.8847 94.4102 0.0000 144.3868 132.7895
69.2262 21.4499 136.9323 94.4774 172.0994 17.5255 213.3842 237.3382 64.7022 131.0594 100.4867 132.1327 59.4686 130.9826 24.5364 168.4180 167.7375 181.8917 144.3868 0.0000 111.6054
104.8137 158.6632 11.1748 94.8678 50.4497 149.3787 57.7079 78.0094 108.9771 87.4649 100.0420 92.3871 68.9809 106.1859 113.8860 86.2242 126.4098 108.6098 132.7895 111.6054 0.0000
