21
0.0000 182.5419 119.9354 169.7704 214.4818 215.7693 121.4551 91.5241 97.5691 214.4300 146.4559 145.9157 134.2941 144.4732 31.4271 191.5068 194.8963 115.6517 49.5897 116.2639 134.6668
182.5419 0.0000 166.5419 131.6653 226.0219 65.7441 14.3228 158.0453 62.7899 117.7143 41.2351 167.0264 16.2205 199.4874 191.1214 30.3848 94.1113 77.8204 108.8631 152.4693 110.7993
119.9354 166.5419 0.0000 264.5217 88.1447 225.6875 88.0959 115.1456 36.3023 161.6440 150.3983 124.3303 59.6720 155.1863 88.2784 12.3816 88.8332 53.9888 74.8120 135.6507 89.2942
169.7704 131.6653 264.5217 0.0000 80.2334 125.1816 177.8448 158.3744 135.5017 124.4350 49.8939 124.1949 193.0231 99.5995 105.3000 209.5262 109.6057 80.9486 35.7234 56.2643 103.3336
214.4818 226.0219 88.1447 80.2334 0.0000 93.6768 122.0057 134.4370 125.8842 77.2574 251.5455 22.7484 225.4540 107.6287 118.4136 138.3307 105.9894 105.4124 116.8386 37.1105 100.8608
215.7693 65.7441 225.6875 125.1816 93.6768 0.0000 59.7548 11.2578 99.9178 90.1385 84.3383 97.5996 6.8764 133.1705 63.3693 188.3744 119.2958 55.1844 45.1596 155.9175 24.3665
121.4551 14.3228 88.0959 177.8448 122.0057 59.7548 0.0000 221.4381 69.1261 125.1887 152.9378 118.2769 88.3510 40.6683 122.4949 76.9657 45.9296 211.2346 11.1412 129.5016 90.9987
91.5241 158.0453 115.1456 158.3744 134.4370 11.2578 221.4381 0.0000 53.5476 179.8758 122.6372 54.4573 164.1431 175.0691 164.4321 139.7663 102.4580 148.1373 81.4250 121.6170 88.3083
97.5691 62.7899 36.3023 135.5017 125.8842 99.9178 69.1261 53.5476 0.0000 93.7149 77.0830 62.5945 173.2681 94.1225 54.3460 140.4141 163.9676 158.7786 58.8618 12.2785 66.6402
214.4300 117.7143 161.6440 124.4350 77.2574 90.1385 125.1887 179.8758 93.7149 0.0000 49.9902 138.8521 34.4437 101.6038 190.5200 133.7291 90.4197 80.4293 52.8388 114.6554 187.5623
146.4559 41.2351 150.3983 49.8939 251.5455 84.3383 152.9378 122.6372 77.0830 49.9902 0.0000 183.4796 133.6719 169.1939 40.3982 151.7600 163.2081 193.1143 28.4554 122.7539 79.8960
145.9157 167.0264 124.3303 124.1949 22.7484 97.5996 118.2769 54.4573 62.5945 138.8521 183.4796 0.0000 60.2349 63.7674 168.9877 212.2443 144.0615 78.6116 87.2367 180.1980 55.1299
134.2941 16.2205 59.6720 193.0231 225.4540 6.8764 88.3510 164.1431 173.2681 34.4437 133.6719 60.2349 0.0000 121.8921 161.9805 73.3304 73.7557 57.4953 229.9119 213.7571 117.1572
144.4732 199.4874 155.1863 99.5995 107.6287 133.1705 40.6683 175.0691 94.1225 101.6038 169.1939 63.7674 121.8921 0.0000 98.1150 30.4340 224.2076 147.0446 48.9538 71.1125 135.4299
31.4271 191.1214 88.2784 105.3000 118.4136 63.3693 122.4949 164.4321 54.3460 190.5200 40.3982 168.9877 161.9805 98.1150 0.0000 204.2133 154.8795 28.9856 138.6002 88.0290 187.9169
191.5068 30.3848 12.3816 209.5262 138.3307 188.3744 76.9657 139.7663 140.4141 133.7291 151.7600 212.2443 73.3304 30.4340 204.2133 0.0000 231.7035 78.7930 88.5206 106.3895 157.0969
194.8963 94.1113 88.8332 109.6057 105.9894 119.2958 45.9296 102.4580 163.9676 90.4197 163.2081 144.0615 73.7557 224.2076 154.8795 231.7035 0.0000 2.6017 119.4556 87.3712 64.4243
115.6517 77.8204 53.9888 80.9486 105.4124 55.1844 211.2346 148.1373 158.7786 80.4293 193.1143 78.6116 57.4953 147.0446 28.9856 78.7930 2.6017 0.0000 149.6693 136.8113 126.8875
49.5897 108.8631 74.8120 35.7234 116.8386 45.1596 11.1412 81.4250 58.8618 52.8388 28.4554 87.2367 229.9119 48.9538 138.6002 88.5206 119.4556 149.6693 0.0000 82.7583 104.6161
116.2639 152.4693 135.6507 56.2643 37.1105 155.9175 129.5016 121.6170 12.2785 114.6554 122.7539 180.1980 213.7571 71.1125 88.0290 106.3895 87.3712 136.8113 82.7583 0.0000 197.5150
134.6668 110.7993 89.2942 103.3336 100.8608 24.3665 90.9987 88.3083 66.6402 187.5623 79.8960 55.1299 117.1572 135.4299 187.9169 157.0969 64.4243 126.8875 104.6161 197.5150 0.0000
