21
0.0000 120.4202 162.4783 36.9047 119.5372 57.5516 149.7481 42.8825 137.2555 71.8293 187.6718 96.4135 87.1252 3.7030 74.4623 14.3865 34.6880 12.9485 26.4164 121.0620 81.8176
120.4202 0.0000 125.7324 129.3780 124.1648 141.7700 125.8821 138.6978 89.3283 29.4399 149.4888 69.6231 170.1833 45.1733 88.1833 106.9675 39.7431 181.7599 126.2613 55.2279 126.8997
162.4783 125.7324 0.0000 236.9697 132.2012 35.1807 2.4586 28.0181 36.6771 92.3381 91.0639 205.1300 69.2304 200.5345 129.4458 135.5846 80.4136 74.8577 144.5050 72.5596 105.7447
36.9047 129.3780 236.9697 0.0000 1.4787 204.4566 122.8949 136.8371 18.6586 153.6743 4.8148 217.7717 18.9895 120.4032 107.5013 94.9109 50.1989 70.4576 132.4516 119.7889 120.2277
119.5372 124.1648 132.2012 1.4787 0.0000 98.3680 104.9358 78.8793 83.1915 74.7083 168.5793 104.4134 158.8763 104.1402 41.6316 187.6107 12.2553 78.2955 139.7293 78.5331 137.8527
57.5516 141.7700 35.1807 204.4566 98.3680 0.0000 131.1117 137.8877 104.0307 187.6652 97.2111 172.3420 105.0195 107.3697 169.2243 134.9196 189.9685 136.2454 71.6593 37.8636 44.6607
149.7481 125.8821 2.4586 122.8949 104.9358 131.1117 0.0000 162.6358 86.7542 120.1322 110.9430 53.7163 175.6526 109.8892 230.6396 138.2138 121.4894 50.3550 89.3711 129.1996 34.3903
42.8825 138.6978 28.0181 136.8371 78.8793 137.8877 162.6358 0.0000 91.5080 65.1753 38.3275 77.7159 67.6275 97.3108 145.7648 71.1256 62.4800 53.2206 145.2191 94.2620 36.0929
137.2555 89.3283 36.6771 18.6586 83.1915 104.0307 86.7542 91.5080 0.0000 155.6679 21.3849 95.9503 26.4243 68.1203 78.3539 60.1420 73.5200 56.1345 159.2906 116.4390 51.5023
71.8293 29.4399 92.3381 153.6743 74.7083 187.6652 120.1322 65.1753 155.6679 0.0000 99.3124 107.6811 118.6255 284.5100 88.1424 95.5056 71.9906 92.2974 78.4289 143.7397 109.4622
187.6718 149.4888 91.0639 4.8148 168.5793 97.2111 110.9430 38.3275 21.3849 99.3124 0.0000 122.7868 220.0186 163.6839 62.7674 146.1511 91.5221 99.4188 197.1717 212.9576 41.0484
96.4135 69.6231 205.1300 217.7717 104.4134 172.3420 53.7163 77.7159 95.9503 107.6811 122.7868 0.0000 10.6384 152.2344 201.5665 38.0658 30.3672 65.8753 80.5131 168.4751 104.3777
87.1252 170.1833 69.2304 18.9895 158.8763 105.0195 175.6526 67.6275 26.4243 118.6255 220.0186 10.6384 0.0000 116.2832 119.9995 143.6805 64.8262 50.9265 126.6348 97.6629 68.0107
3.7030 45.1733 200.5345 120.4032 104.1402 107.3697 109.8892 97.3108 68.1203 284.5100 163.6839 152.2344 116.2832 0.0000 194.9348 47.6029 111.2124 103.8610 114.0866 130.2794 273.7817
74.4623 88.1833 129.4458 107.5013 41.6316 169.2243 230.6396 145.7648 78.3539 88.1424 62.7674 201.5665 119.9995 194.9348 0.0000 93.8287 120.4782 61.8411 129.2121 142.7279 102.6858
14.3865 106.9675 135.5846 94.9109 187.6107 134.9196 138.2138 71.1256 60.1420 95.5056 146.1511 38.0658 143.6805 47.6029 93.8287 0.0000 188.5273 21.5271 139.6021 133.9101 183.2701
34.6880 39.7431 80.4136 50.1989 12.2553 189.9685 121.4894 62.4800 73.5200 71.9906 91.5221 30.3672 64.8262 111.2124 120.4782 188.5273 0.0000 75.5627 21.9913 80.2990 56.5118
12.9485 181.7599 74.8577 70.4576 78.2955 136.2454 50.3550 53.2206 56.1345 92.2974 99.4188 65.8753 50.9265 103.8610 61.8411 21.5271 75.5627 0.0000 62.8461 70.8095 190.5807
26.4164 126.2613 144.5050 132.4516 139.7293 71.6593 89.3711 145.2191 159.2906 78.4289 197.1717 80.5131 126.6348 114.0866 129.2121 139.6021 21.9913 62.8461 0.0000 54.5135 90.1231
121.0620 55.2279 72.5596 119.7889 78.5331 37.8636 129.1996 94.2620 116.4390 143.7397 212.9576 168.4751 97.6629 130.2794 142.7279 133.9101 80.2990 70.8095 54.5135 0.0000 70.5091
81.8176 126.8997 105.7447 120.2277 137.8527 44.6607 34.3903 36.0929 51.5023 109.4622 41.0484 104.3777 68.0107 273.7817 102.6858 183.2701 56.5118 190.5807 90.1231 70.5091 0.0000
