21
0.0000 128.2512 224.1494 109.4899 138.3745 224.3383 78.7991 119.9701 121.2750 106.3936 75.3671 223.5187 85.1981 88.2183 150.3535 86.9914 78.9365 158.9033 109.0074 149.9545 80.5948
128.2512 0.0000 156.6885 144.1053 69.2154 51.9430 203.2830 96.3051 44.6696 65.0530 146.0798 135.2490 131.9864 177.2240 80.4333 74.0253 81.8508 55.1477 112.3104 7.2137 91.1766
224.1494 156.6885 0.0000 52.8452 153.4073 125.2229 113.8443 171.9876 246.9394 104.9816 229.3164 197.4467 128.3086 191.9453 29.6208 77.1472 125.5321 118.4753 86.8392 40.9850 78.3251
109.4899 144.1053 52.8452 0.0000 146.5241 99.1434 199.0003 53.6035 123.8097 95.9470 92.1165 159.8104 97.0908 98.8063 94.8363 59.6303 131.5183 36.0752 202.9628 104.0677 132.3272
138.3745 69.2154 153.4073 146.5241 0.0000 39.9804 152.6437 111.9012 175.5921 115.7467 0.4330 165.2863 112.3128 153.7035 59.5888 168.5831 72.8754 38.0506 85.8135 192.4983 62.3241
224.3383 51.9430 125.2229 99.1434 39.9804 0.0000 107.3670 178.5310 26.8876 28.6436 152.8078 73.5288 118.9693 16.8526 224.5158 119.4067 37.2021 49.1455 97.0918 73.6568 114.6855
78.7991 203.2830 113.8443 199.0003 152.6437 107.3670 0.0000 138.9401 111.0243 169.2666 58.2405 175.6734 128.4912 87.6771 105.2523 80.2556 169.5979 59.7418 48.2941 92.6642 72.1374
119.9701 96.3051 171.9876 53.6035 111.9012 178.5310 138.9401 0.0000 90.1810 133.2027 47.4210 33.7832 166.6076 167.2840 56.9983 153.4093 70.8393 102.6605 69.1232 122.8765 1.5764
121.2750 44.6696 246.9394 123.8097 175.5921 26.8876 111.0243 90.1810 0.0000 134.3798 56.4242 148.3949 14.5295 81.4683 88.4610 76.3268 181.3832 184.1078 102.5092 131.6941 113.9266
106.3936 65.0530 104.9816 95.9470 115.7467 28.6436 169.2666 133.2027 134.3798 0.0000 221.7762 71.7303 96.4764 130.6290 29.3939 171.0399 95.4124 111.8256 210.5777 127.3185 102.5497
75.3671 146.0798 229.3164 92.1165 0.4330 152.8078 58.2405 47.4210 56.4242 221.7762 0.0000 32.6342 87.0128 64.3451 119.0460 223.7002 51.1399 132.3333 96.4108 122.7726 64.0829
223.5187 135.2490 197.4467 159.8104 165.2863 73.5288 175.6734 33.7832 148.3949 71.7303 32.6342 0.0000 203.2413 20.5780 101.3265 61.3228 70.0620 79.5789 56.4853 106.3730 5.5863
85.1981 131.9864 128.3086 97.0908 112.3128 118.9693 128.4912 166.6076 14.5295 96.4764 87.0128 203.2413 0.0000 189.9716 137.5624 105.9089 183.5226 79.1908 146.7836 163.0976 118.4285
88.2183 177.2240 191.9453 98.8063 153.7035 16.8526 87.6771 167.2840 81.4683 130.6290 64.3451 20.5780 189.9716 0.0000 61.6259 164.0909 86.4795 175.7561 160.2819 76.7890 93.0969
150.3535 80.4333 29.6208 94.8363 59.5888 224.5158 105.2523 56.9983 88.4610 29.3939 119.0460 101.3265 137.5624 61.6259 0.0000 30.9857 58.1623 74.2963 79.0829 26.7307 83.2496
86.9914 74.0253 77.1472 59.6303 168.5831 119.4067 80.2556 153.4093 76.3268 171.0399 223.7002 61.3228 105.9089 164.0909 30.9857 0.0000 106.9690 153.4871 124.1446 153.2686 116.0983
78.9365 81.8508 125.5321 131.5183 72.8754 37.2021 169.5979 70.8393 181.3832 95.4124 51.1399 70.0620 183.5226 86.4795 58.1623 106.9690 0.0000 124.5418 81.0912 59.3484 104.8889
158.9033 55.1477 118.4753 36.0752 38.0506 49.1455 59.7418 102.6605 184.1078 111.8256 132.3333 79.5789 79.1908 175.7561 74.2963 153.4871 124.5418 0.0000 110.1461 150.0500 88.9335
109.0074 112.3104 86.8392 202.9628 85.8135 97.0918 48.2941 69.1232 102.5092 210.5777 96.4108 56.4853 146.7836 160.2819 79.0829 124.1446 81.0912 110.1461 0.0000 205.9716 16.8021
149.9545 7.2137 40.9850 104.0677 192.4983 73.6568 92.6642 122.8765 131.6941 127.3185 122.7726 106.3730 163.0976 76.7890 26.7307 153.2686 59.3484 150.0500 205.9716 0.0000 54.6388
80.5948 91.1766 78.3251 132.3272 62.3241 114.6855 72.1374 1.5764 113.9266 102.5497 64.0829 5.5863 118.4285 93.0969 83.2496 116.0983 104.8889 88.9335 16.8021 54.6388 0.0000
