21
0.0000 36.5933 177.9828 147.0459 54.3052 131.2007 78.6395 57.9630 122.9996 99.0458 112.8338 89.2816 119.8399 106.5638 222.0498 206.2834 74.5316 66.5467 126.9972 20.6805 13.4530
36.5933 0.0000 141.0685 101.4419 162.2368 155.9044 50.4215 88.7665 69.2823 137.8682 149.6211 116.7658 0.9256 156.1670 84.7502 95.3436 96.9125 72.5339 79.5650 166.5243 37.8273
177.9828 141.0685 0.0000 71.8449 152.1865 153.0313 131.6443 151.3671 246.6980 154.3605 97.4156 113.9824 45.7122 114.1924 124.2780 115.3112 65.8788 142.7741 149.0709 62.8962 191.2719
147.0459 101.4419 71.8449 0.0000 112.2444 18.4653 126.3374 90.0601 22.0793 104.6150 133.2410 126.7859 172.1528 106.0742 120.9914 141.2965 155.3138 92.2252 89.0939 187.1004 159.7266
54.3052 162.2368 152.1865 112.2444 0.0000 9.9223 121.8587 76.9755 51.7938 133.9875 102.1631 70.1669 49.0530 150.4391 73.0434 166.6263 47.1507 46.4790 97.6750 145.6690 125.9124
131.2007 155.9044 153.0313 18.4653 9.9223 0.0000 164.4920 146.5039 101.8250 51.2464 212.7919 148.8213 46.7947 157.3839 171.6397 279.2598 199.0996 176.6777 123.1912 108.3747 115.3934
78.6395 50.4215 131.6443 126.3374 121.8587 164.4920 0.0000 73.8287 100.0974 124.5844 156.2391 42.1071 121.5337 64.6582 190.4333 43.0342 112.6492 60.5161 212.6702 135.7860 163.8250
57.9630 88.7665 151.3671 90.0601 76.9755 146.5039 73.8287 0.0000 53.9494 203.9768 29.6948 89.1052 89.1114 137.0738 107.7734 56.9493 91.1941 135.4130 199.7595 118.6486 120.1753
122.9996 69.2823 246.6980 22.0793 51.7938 101.8250 100.0974 53.9494 0.0000 111.2665 59.6567 31.0554 109.4278 27.6455 83.2198 70.4939 168.7905 105.4788 64.5552 82.6810 75.8396
99.0458 137.8682 154.3605 104.6150 133.9875 51.2464 124.5844 203.9768 111.2665 0.0000 118.0343 112.9719 36.0524 71.2394 98.8526 76.1612 82.5054 107.0148 103.8898 131.8508 74.1743
112.8338 149.6211 97.4156 133.2410 102.1631 212.7919 156.2391 29.6948 59.6567 118.0343 0.0000 63.3432 39.1476 69.4994 132.7610 79.9432 107.0899 62.7843 151.0920 201.9694 207.5035
89.2816 116.7658 113.9824 126.7859 70.1669 148.8213 42.1071 89.1052 31.0554 112.9719 63.3432 0.0000 90.0460 79.5800 47.9512 117.1744 109.2046 163.8575 1.1007 188.7642 58.9900
119.8399 0.9256 45.7122 172.1528 49.0530 46.7947 121.5337 89.1114 109.4278 36.0524 39.1476 90.0460 0.0000 107.5995 218.6273 59.8224 138.9533 163.4713 50.2298 112.7949 121.6062
106.5638 156.1670 114.1924 106.0742 150.4391 157.3839 64.6582 137.0738 27.6455 71.2394 69.4994 79.5800 107.5995 0.0000 73.8187 175.5284 78.1246 146.4251 87.1772 24.3331 14.2163
222.0498 84.7502 124.2780 120.9914 73.0434 171.6397 190.4333 107.7734 83.2198 98.8526 132.7610 47.9512 218.6273 73.8187 0.0000 168.4250 92.3271 155.4971 141.7155 127.2229 29.5339
206.2834 95.3436 115.3112 141.2965 166.6263 279.2598 43.0342 56.9493 70.4939 76.1612 79.9432 117.1744 59.8224 175.5284 168.4250 0.0000 173.8661 107.1849 135.5143 174.8542 84.9843
74.5316 96.9125 65.8788 155.3138 47.1507 199.0996 112.6492 91.1941 168.7905 82.5054 107.0899 109.2046 138.9533 78.1246 92.3271 173.8661 0.0000 56.4007 34.5148 105.0691 112.8234
66.5467 72.5339 142.7741 92.2252 46.4790 176.6777 60.5161 135.4130 105.4788 107.0148 62.7843 163.8575 163.4713 146.4251 155.4971 107.1849 56.4007 0.0000 66.7651 106.0812 107.5890
126.9972 79.5650 149.0709 89.0939 97.6750 123.1912 212.6702 199.7595 64.5552 103.8898 151.0920 1.1007 50.2298 87.1772 141.7155 135.5143 34.5148 66.7651 0.0000 128.7144 195.4595
20.6805 166.5243 62.8962 187.1004 145.6690 108.3747 135.7860 118.6486 82.6810 131.8508 201.9694 188.7642 112.7949 24.3331 127.2229 174.8542 105.0691 106.0812 128.7144 0.0000 134.5963
13.4530 37.8273 191.2719 159.7266 125.9124 115.3934 163.8250 120.1753 75.8396 74.1743 207.5035 58.9900 121.6062 14.2163 29.5339 84.9843 112.8234 107.5890 195.4595 134.5963 0.0000
