21
0.0000 80.0594 143.4589 123.0208 92.4770 131.4084 107.8538 133.3670 113.1361 53.0200 208.5767 52.7296 132.3411 105.6275 83.3576 107.6215 13.0481 74.6501 61.9203 15.0936 132.0865
80.0594 0.0000 122.4531 23.5550 97.6109 144.6227 194.7311 112.0007 100.3699 93.8980 123.1818 105.1026 56.8083 72.6066 64.0456 72.8386 108.7661 56.4854 79.9702 144.8895 58.8764
143.4589 122.4531 0.0000 32.6457 130.8262 110.8214 123.5324 68.2991 219.6631 105.9753 118.9005 69.4743 74.6673 76.9041 11.7880 33.8688 99.8972 36.2340 114.3968 93.1422 77.3569
123.0208 23.5550 32.6457 0.0000 173.7582 110.9844 102.3308 172.0075 32.1826 148.9895 108.6544 122.2490 179.7342 37.9242 21.3214 90.4885 61.7164 110.3020 159.3513 27.7280 125.4044
92.4770 97.6109 130.8262 173.7582 0.0000 5.3970 125.4964 105.8334 140.1371 180.2515 21.7779 110.5507 150.9833 86.2242 96.7479 104.4583 48.1275 164.2315 122.6034 82.3991 61.2201
131.4084 144.6227 110.8214 110.9844 5.3970 0.0000 140.2644 179.1767 142.8242 113.9781 133.5993 129.8305 44.2137 86.9917 89.1766 88.9687 89.6522 139.6245 204.5810 91.4723 131.4554
107.8538 194.7311 123.5324 102.3308 125.4964 140.2644 0.0000 105.8757 95.3984 76.9116 41.3926 120.9728 44.2631 148.9932 126.2156 27.0722 59.8690 83.5822 57.7138 166.4153 80.7224
133.3670 112.0007 68.2991 172.0075 105.8334 179.1767 105.8757 0.0000 113.9279 164.4558 38.7183 81.9056 32.1921 59.8501 83.7047 140.3358 108.3936 71.7243 0.6191 225.1030 123.2859
113.1361 100.3699 219.6631 32.1826 140.1371 142.8242 95.3984 113.9279 0.0000 90.7604 170.6695 159.1510 91.1038 100.9945 111.2002 45.7949 45.2374 115.9040 145.3382 103.9807 121.9877
53.0200 93.8980 105.9753 148.9895 180.2515 113.9781 76.9116 164.4558 90.7604 0.0000 112.1767 97.6951 18.9271 207.5490 63.3144 98.6615 84.6531 179.0217 203.4427 100.6843 237.4249
208.5767 123.1818 118.9005 108.6544 21.7779 133.5993 41.3926 38.7183 170.6695 112.1767 0.0000 26.8060 157.6286 56.4552 85.4884 172.5872 82.6797 87.4714 204.8581 13.0243 76.5388
52.7296 105.1026 69.4743 122.2490 110.5507 129.8305 120.9728 81.9056 159.1510 97.6951 26.8060 0.0000 114.0759 172.8499 69.0511 166.0614 152.8910 28.8804 146.2194 25.3553 127.3880
132.3411 56.8083 74.6673 179.7342 150.9833 44.2137 44.2631 32.1921 91.1038 18.9271 157.6286 114.0759 0.0000 103.6051 0.8990 22.6995 137.0443 82.3103 141.9611 140.4238 3.3177
105.6275 72.6066 76.9041 37.9242 86.2242 86.9917 148.9932 59.8501 100.9945 207.5490 56.4552 172.8499 103.6051 0.0000 141.5092 143.2530 147.8224 124.9257 136.2307 94.2391 109.5139
83.3576 64.0456 11.7880 21.3214 96.7479 89.1766 126.2156 83.7047 111.2002 63.3144 85.4884 69.0511 0.8990 141.5092 0.0000 145.9874 67.7566 145.1474 84.0424 167.5260 115.1015
107.6215 72.8386 33.8688 90.4885 104.4583 88.9687 27.0722 140.3358 45.7949 98.6615 172.5872 166.0614 22.6995 143.2530 145.9874 0.0000 173.0772 68.1802 53.2538 41.2508 120.2803
13.0481 108.7661 99.8972 61.7164 48.1275 89.6522 59.8690 108.3936 45.2374 84.6531 82.6797 152.8910 137.0443 147.8224 67.7566 173.0772 0.0000 101.0219 148.9477 54.0400 2.6514
74.6501 56.4854 36.2340 110.3020 164.2315 139.6245 83.5822 71.7243 115.9040 179.0217 87.4714 28.8804 82.3103 124.9257 145.1474 68.1802 101.0219 0.0000 178.1239 91.0184 60.6025
61.9203 79.9702 114.3968 159.3513 122.6034 204.5810 57.7138 0.6191 145.3382 203.4427 204.8581 146.2194 141.9611 136.2307 84.0424 53.2538 148.9477 178.1239 0.0000 154.7350 152.3750
15.0936 144.8895 93.1422 27.7280 82.3991 91.4723 166.4153 225.1030 103.9807 100.6843 13.0243 25.3553 140.4238 94.2391 167.5260 41.2508 54.0400 91.0184 154.7350 0.0000 34.0527
132.0865 58.8764 77.3569 125.4044 61.2201 131.4554 80.7224 123.2859 121.9877 237.4249 76.5388 127.3880 3.3177 109.5139 115.1015 120.2803 2.6514 60.6025 152.3750 34.0527 0.0000
