21
0.0000 149.9673 174.2524 131.7920 62.8164 113.0039 72.1123 55.6842 118.6519 67.8711 63.3616 154.3161 227.1581 174.0763 170.1309 77.3319 74.2132 138.7033 139.6198 101.8626 23.6795
149.9673 0.0000 66.4550 101.9519 41.3858 155.9613 147.5532 157.9071 32.0094 139.6393 88.5345 47.8421 122.0613 141.1209 3.0688 173.2470 193.9627 164.8999 38.9440 45.7595 129.0207
174.2524 66.4550 0.0000 122.8725 206.0818 94.7295 117.1131 93.1136 149.4195 68.8437 101.4223 146.8786 55.5952 76.8481 102.9226 172.8111 197.9465 103.6010 151.6203 151.1542 161.8999
131.7920 101.9519 122.8725 0.0000 229.2553 123.3125 124.1245 103.9724 104.1840 71.0698 142.3735 194.6410 19.0960 136.4642 50.4954 243.4273 199.6350 103.2681 110.1361 25.4346 150.4788
62.8164 41.3858 206.0818 229.2553 0.0000 38.4840 90.5653 34.9160 177.5068 61.4640 163.0642 198.0105 98.1358 116.5875 171.9687 140.5059 139.6083 91.6227 105.1755 180.3568 159.8293
113.0039 155.9613 94.7295 123.3125 38.4840 0.0000 120.0474 98.4607 89.1307 88.3844 30.5615 2.8309 92.9702 119.5556 87.3361 50.5721 202.8559 76.7367 120.4607 128.9854 102.9147
72.1123 147.5532 117.1131 124.1245 90.5653 120.0474 0.0000 55.0793 148.3200 143.3496 32.5906 121.8888 92.2376 60.9121 35.4277 116.8040 73.2797 116.6527 237.0849 111.6123 91.4457
55.6842 157.9071 93.1136 103.9724 34.9160 98.4607 55.0793 0.0000 14.6517 69.0092 106.6847 85.3884 57.9996 122.6540 229.2010 84.7075 112.6753 134.6971 187.0165 76.5085 98.4541
118.6519 32.0094 149.4195 104.1840 177.5068 89.1307 148.3200 14.6517 0.0000 106.4041 230.0472 54.1605 131.2327 87.0450 155.1265 98.4418 21.5243 157.8767 73.9991 183.8568 164.4778
67.8711 139.6393 68.8437 71.0698 61.4640 88.3844 143.3496 69.0092 106.4041 0.0000 116.5365 54.6183 7.0593 145.0339 175.4868 151.2830 181.7496 73.6634 73.5886 52.7860 115.0665
63.3616 88.5345 101.4223 142.3735 163.0642 30.5615 32.5906 106.6847 230.0472 116.5365 0.0000 3.2559 83.1513 110.3497 56.8213 91.0176 93.9656 137.4826 147.4244 34.0681 94.9595
154.3161 47.8421 146.8786 194.6410 198.0105 2.8309 121.8888 85.3884 54.1605 54.6183 3.2559 0.0000 111.1736 55.4377 67.4013 26.5008 127.5529 37.4464 68.4792 14.1525 64.5893
227.1581 122.0613 55.5952 19.0960 98.1358 92.9702 92.2376 57.9996 131.2327 7.0593 83.1513 111.1736 0.0000 119.5484 138.4581 50.6572 78.1991 36.1796 138.0408 100.7322 63.9631
174.0763 141.1209 76.8481 136.4642 116.5875 119.5556 60.9121 122.6540 87.0450 145.0339 110.3497 55.4377 119.5484 0.0000 208.3886 99.9254 84.2542 35.1116 221.9930 43.5665 137.3667
170.1309 3.0688 102.9226 50.4954 171.9687 87.3361 35.4277 229.2010 155.1265 175.4868 56.8213 67.4013 138.4581 208.3886 0.0000 88.2043 109.6501 128.9268 134.4691 77.3335 74.0196
77.3319 173.2470 172.8111 243.4273 140.5059 50.5721 116.8040 84.7075 98.4418 151.2830 91.0176 26.5008 50.6572 99.9254 88.2043 0.0000 90.4114 2.8007 44.5646 148.0781 99.5852
74.2132 193.9627 197.9465 199.6350 139.6083 202.8559 73.2797 112.6753 21.5243 181.7496 93.9656 127.5529 78.1991 84.2542 109.6501 90.4114 0.0000 82.6878 106.5677 101.8563 71.2854
138.7033 164.8999 103.6010 103.2681 91.6227 76.7367 116.6527 134.6971 157.8767 73.6634 137.4826 37.4464 36.1796 35.1116 128.9268 2.8007 82.6878 0.0000 132.6432 45.4338 108.5290
139.6198 38.9440 151.6203 110.1361 105.1755 120.4607 237.0849 187.0165 73.9991 73.5886 147.4244 68.4792 138.0408 221.9930 134.4691 44.5646 106.5677 132.6432 0.0000 87.5318 95.7027
101.8626 45.7595 151.1542 25.4346 180.3568 128.9854 111.6123 76.5085 183.8568 52.7860 34.0681 14.1525 100.7322 43.5665 77.3335 148.0781 101.8563 45.4338 87.5318 0.0000 56.0454
23.6795 129.0207 161.8999 150.4788 159.8293 102.9147 91.4457 98.4541 164.4778 115.0665 94.9595 64.5893 63.9631 137.3667 74.0196 99.5852 71.2854 108.5290 95.7027 56.0454 0.0000
