40
0.0000 141.1589 146.4827 9.0539 182.3196 1.2658 95.6085 64.3569 38.9841 134.1991 135.6552 270.7230 80.7919 72.0419 122.8805 115.3697 94.9882 184.3821 14.5798 135.3931 187.2400 23.6662 108.2055 162.4722 87.4432 127.6792 98.7964 185.6419 96.9348 181.3732 151.8786 63.7149 125.3623 63.4455 130.2222 66.7375 203.9068 112.9570 136.6107 182.9551
141.1589 0.0000 31.8674 24.6873 217.2567 51.7332 69.7270 76.2679 63.4602 86.1476 133.1383 199.4626 57.7037 177.3754 217.7973 81.7709 98.6888 174.7617 52.6395 56.0258 72.8949 153.0541 44.4329 82.2790 173.6346 233.3746 173.5629 6.4464 218.6427 107.1422 36.7404 104.2064 11.9116 225.6851 136.1656 230.9721 57.8944 11.7127 85.8988 139.8885
146.4827 31.8674 0.0000 1.1590 107.9642 100.5513 79.5943 76.6064 122.0944 9.0890 136.8466 85.4888 88.8000 104.3760 195.1192 156.2219 90.9241 146.8400 92.6246 44.9178 108.2873 129.0214 22.5726 136.1807 52.3265 203.0699 130.3793 90.1819 125.5086 73.0144 78.1962 12.9267 52.7994 69.9916 76.6546 160.8065 121.4039 59.1992 36.8748 83.3852
9.0539 24.6873 1.1590 0.0000 13.4778 163.3125 133.9916 75.1289 222.6590 135.8855 129.5882 122.2491 111.5890 114.5940 128.6084 78.2237 128.0115 24.9403 126.3357 97.7837 60.8770 149.3289 184.7121 2.0454 54.5329 22.6196 95.6018 86.4573 206.4880 28.4125 154.4890 66.8676 174.6386 3.9225 152.4333 86.9989 180.3434 39.9972 104.9838 97.0988
182.3196 217.2567 107.9642 13.4778 0.0000 118.7140 44.1185 87.6842 74.0750 26.7168 44.1626 34.7074 45.2892 125.6847 166.5462 134.6086 158.9162 4.4519 57.1160 15.1953 76.8278 131.7618 127.1502 67.5633 94.4305 102.6247 136.5210 72.5962 129.2810 147.7643 117.6233 55.7122 142.1061 157.1069 177.2128 103.8793 123.3049 13.4382 98.0364 77.7252
1.2658 51.7332 100.5513 163.3125 118.7140 0.0000 149.0336 127.5661 72.9126 27.9086 129.1511 198.9988 188.9336 61.7165 24.6013 66.9325 97.9975 61.1681 120.2311 76.0454 64.7606 46.3552 182.4788 24.2264 193.6758 117.1447 62.5357 147.9603 140.8719 22.6394 60.4244 129.2231 79.5039 151.3913 199.4357 184.4425 72.1041 59.0574 188.5814 42.5156
95.6085 69.7270 79.5943 133.9916 44.1185 149.0336 0.0000 83.9141 79.2975 190.6681 79.4115 147.9408 146.3447 197.2645 254.2349 21.6356 97.0762 87.1822 89.6887 159.2550 91.5736 100.7079 126.1585 206.1597 82.8999 74.5658 199.2933 120.3279 39.4409 107.9184 123.4752 151.0365 150.4906 65.5039 75.3950 140.6515 99.7158 181.4245 215.7803 57.2152
64.3569 76.2679 76.6064 75.1289 87.6842 127.5661 83.9141 0.0000 101.9973 177.9762 82.5637 69.9440 90.9838 108.1283 122.3934 138.6058 73.8387 169.5715 35.3002 83.9953 177.7329 95.5983 35.9866 119.6203 89.3250 5.0212 70.7691 214.3939 153.4317 124.8669 226.9332 130.4730 137.9028 105.0534 136.0320 104.3240 161.6039 176.6714 140.8381 64.7696
38.9841 63.4602 122.0944 222.6590 74.0750 72.9126 79.2975 101.9973 0.0000 93.2524 83.3518 65.6712 74.3495 55.9961 144.5453 154.4747 124.0517 104.1529 209.5250 54.8792 97.9543 53.5160 206.4749 113.7090 57.5314 235.7348 85.5632 90.9039 134.7251 40.3304 77.5293 29.4332 100.3401 8.7737 0.5324 46.5857 144.6459 38.3617 223.7303 155.7128
134.1991 86.1476 9.0890 135.8855 26.7168 27.9086 190.6681 177.9762 93.2524 0.0000 126.0756 99.0327 109.5746 72.4569 45.7348 51.8289 27.2766 102.0659 229.4562 117.2254 75.3927 103.2335 41.6315 105.9401 29.2087 33.3531 102.6477 39.0969 206.0719 136.4345 92.4234 137.5974 66.4033 140.7721 136.9768 41.7493 39.5841 79.7320 139.2254 190.1101
135.6552 133.1383 136.8466 129.5882 44.1626 129.1511 79.4115 82.5637 83.3518 126.0756 0.0000 178.6424 37.0046 31.8738 73.9562 52.8018 38.3303 46.3478 92.1300 64.7159 88.6440 116.0447 50.1439 138.8053 93.4590 116.4665 57.2603 4.9372 146.7756 152.8409 45.3971 205.1457 38.8442 128.1252 147.9135 130.5544 135.0986 114.6235 80.7566 102.2106
270.7230 199.4626 85.4888 122.2491 34.7074 198.9988 147.9408 69.9440 65.6712 99.0327 178.6424 0.0000 44.5799 149.9469 112.9666 152.2549 25.2144 97.4768 34.5951 128.4081 128.8869 94.3852 86.6433 149.3904 122.1613 146.9353 104.4791 104.0619 31.7048 12.2648 32.5069 76.7455 135.5130 61.9999 23.3343 73.9700 98.9682 32.4597 88.3874 138.2107
80.7919 57.7037 88.8000 111.5890 45.2892 188.9336 146.3447 90.9838 74.3495 109.5746 37.0046 44.5799 0.0000 214.5431 42.3748 152.9055 141.2861 139.8410 73.0793 98.3449 61.1552 60.2040 126.6802 96.6080 106.2593 74.2408 92.7998 55.7159 76.1827 48.9432 155.4026 179.0512 103.6110 165.3786 114.8026 123.0653 72.8340 124.4667 167.6152 137.5498
72.0419 177.3754 104.3760 114.5940 125.6847 61.7165 197.2645 108.1283 55.9961 72.4569 31.8738 149.9469 214.5431 0.0000 55.1123 151.4128 97.9842 56.1145 177.2385 83.1144 166.6339 164.4646 219.4920 69.7082 107.5235 133.9821 109.4333 149.7848 67.4855 44.8030 107.1605 70.1495 76.4650 139.0292 31.6949 35.0234 47.9301 25.8767 120.2881 61.8200
122.8805 217.7973 195.1192 128.6084 166.5462 24.6013 254.2349 122.3934 144.5453 45.7348 73.9562 112.9666 42.3748 55.1123 0.0000 64.6162 77.0798 215.6301 98.3853 124.2938 90.1090 132.5839 228.3657 116.7474 229.3891 132.2571 93.5735 84.6988 106.1825 135.6544 119.9892 99.8815 64.6574 115.9802 122.6476 125.5709 121.6536 84.8138 111.4804 75.6186
115.3697 81.7709 156.2219 78.2237 134.6086 66.9325 21.6356 138.6058 154.4747 51.8289 52.8018 152.2549 152.9055 151.4128 64.6162 0.0000 10.5255 134.4142 105.3292 81.1606 84.2241 120.0773 135.3444 74.8146 89.5223 102.1379 144.2594 164.4061 183.3585 100.4260 174.7534 171.2616 74.9489 69.8871 149.5785 159.7697 49.3208 60.8369 63.5844 72.8865
94.9882 98.6888 90.9241 128.0115 158.9162 97.9975 97.0762 73.8387 124.0517 27.2766 38.3303 25.2144 141.2861 97.9842 77.0798 10.5255 0.0000 34.9064 101.2797 80.5906 30.5957 153.0188 192.4018 10.0651 107.4260 22.6604 38.5263 99.6477 63.5378 16.0323 207.0114 168.3495 83.0230 44.8910 45.1404 70.5146 74.3499 191.9416 6.4319 99.8874
184.3821 174.7617 146.8400 24.9403 4.4519 61.1681 87.1822 169.5715 104.1529 102.0659 46.3478 97.4768 139.8410 56.1145 215.6301 134.4142 34.9064 0.0000 129.7885 128.5505 36.9371 142.8839 43.7127 100.0137 49.0445 113.8019 115.2550 128.1919 73.1147 162.8844 38.9527 90.5843 48.6585 157.4956 130.1457 73.9563 198.4203 149.8420 22.1934 115.1733
14.5798 52.6395 92.6246 126.3357 57.1160 120.2311 89.6887 35.3002 209.5250 229.4562 92.1300 34.5951 73.0793 177.2385 98.3853 105.3292 101.2797 129.7885 0.0000 143.2097 144.8239 100.0708 126.8120 152.5860 77.9822 43.6291 216.4589 81.7059 108.4004 77.0862 47.1491 73.8330 79.3371 114.8504 71.2772 97.6166 55.7572 45.7276 72.1210 107.0354
135.3931 56.0258 44.9178 97.7837 15.1953 76.0454 159.2550 83.9953 54.8792 117.2254 64.7159 128.4081 98.3449 83.1144 124.2938 81.1606 80.5906 128.5505 143.2097 0.0000 16.4354 160.7460 86.3028 24.9906 36.6319 50.9492 116.9906 128.8871 155.3349 41.8557 107.4080 14.2629 139.7474 187.7028 177.2553 115.8889 98.0777 91.6225 135.9952 37.8487
187.2400 72.8949 108.2873 60.8770 76.8278 64.7606 91.5736 177.7329 97.9543 75.3927 88.6440 128.8869 61.1552 166.6339 90.1090 84.2241 30.5957 36.9371 144.8239 16.4354 0.0000 203.1828 74.6329 65.3923 144.6737 15.1906 58.3568 24.0154 74.0654 50.9553 54.5996 108.2617 16.0040 120.7506 61.2419 154.4267 154.3028 152.2718 146.8620 72.1147
23.6662 153.0541 129.0214 149.3289 131.7618 46.3552 100.7079 95.5983 53.5160 103.2335 116.0447 94.3852 60.2040 164.4646 132.5839 120.0773 153.0188 142.8839 100.0708 160.7460 203.1828 0.0000 137.7850 145.0070 105.9765 91.5665 93.3695 70.5952 175.5256 251.1938 90.1002 69.8379 111.6186 139.2531 52.6712 190.8465 107.3866 125.9648 176.0503 280.7854
108.2055 44.4329 22.5726 184.7121 127.1502 182.4788 126.1585 35.9866 206.4749 41.6315 50.1439 86.6433 126.6802 219.4920 228.3657 135.3444 192.4018 43.7127 126.8120 86.3028 74.6329 137.7850 0.0000 15.0356 121.1668 128.5601 63.6550 91.5594 128.9957 93.4813 69.6324 103.9771 102.5885 193.9013 71.8227 47.6617 143.0844 111.9076 56.1972 155.4967
162.4722 82.2790 136.1807 2.0454 67.5633 24.2264 206.1597 119.6203 113.7090 105.9401 138.8053 149.3904 96.6080 69.7082 116.7474 74.8146 10.0651 100.0137 152.5860 24.9906 65.3923 145.0070 15.0356 0.0000 114.2236 40.4453 46.8220 79.7327 113.8191 99.7540 134.3790 94.5624 110.5685 73.0922 5.3461 43.3141 40.8791 42.6198 109.9862 107.0050
87.4432 173.6346 52.3265 54.5329 94.4305 193.6758 82.8999 89.3250 57.5314 29.2087 93.4590 122.1613 106.2593 107.5235 229.3891 89.5223 107.4260 49.0445 77.9822 36.6319 144.6737 105.9765 121.1668 114.2236 0.0000 100.9548 23.6521 57.5495 231.5684 143.5638 27.5691 29.6350 181.1020 127.7126 19.8503 21.9115 115.8008 167.6879 43.8437 169.4901
127.6792 233.3746 203.0699 22.6196 102.6247 117.1447 74.5658 5.0212 235.7348 33.3531 116.4665 146.9353 74.2408 133.9821 132.2571 102.1379 22.6604 113.8019 43.6291 50.9492 15.1906 91.5665 128.5601 40.4453 100.9548 0.0000 108.5537 57.8665 93.1758 4.0641 181.2705 34.8718 41.1669 168.7391 14.9359 55.7096 84.5963 18.2318 63.6704 203.8593
98.7964 173.5629 130.3793 95.6018 136.5210 62.5357 199.2933 70.7691 85.5632 102.6477 57.2603 104.4791 92.7998 109.4333 93.5735 144.2594 38.5263 115.2550 216.4589 116.9906 58.3568 93.3695 63.6550 46.8220 23.6521 108.5537 0.0000 111.6487 78.8704 122.4486 64.0182 85.3284 173.3509 124.4107 129.8856 41.6559 177.2418 166.6534 133.8287 66.8375
185.6419 6.4464 90.1819 86.4573 72.5962 147.9603 120.3279 214.3939 90.9039 39.0969 4.9372 104.0619 55.7159 149.7848 84.6988 164.4061 99.6477 128.1919 81.7059 128.8871 24.0154 70.5952 91.5594 79.7327 57.5495 57.8665 111.6487 0.0000 137.6607 113.6732 151.4301 152.2229 141.1251 186.7303 140.4088 194.6268 47.3912 63.7316 152.3124 57.1090
96.9348 218.6427 125.5086 206.4880 129.2810 140.8719 39.4409 153.4317 134.7251 206.0719 146.7756 31.7048 76.1827 67.4855 106.1825 183.3585 63.5378 73.1147 108.4004 155.3349 74.0654 175.5256 128.9957 113.8191 231.5684 93.1758 78.8704 137.6607 0.0000 204.0587 111.9196 152.0300 141.6714 77.0166 148.5430 112.0363 55.2017 47.7794 73.2535 174.1432
181.3732 107.1422 73.0144 28.4125 147.7643 22.6394 107.9184 124.8669 40.3304 136.4345 152.8409 12.2648 48.9432 44.8030 135.6544 100.4260 16.0323 162.8844 77.0862 41.8557 50.9553 251.1938 93.4813 99.7540 143.5638 4.0641 122.4486 113.6732 204.0587 0.0000 108.3817 143.8236 141.3993 50.8405 45.5312 136.1217 134.7115 67.7214 179.0714 67.8039
151.8786 36.7404 78.1962 154.4890 117.6233 60.4244 123.4752 226.9332 77.5293 92.4234 45.3971 32.5069 155.4026 107.1605 119.9892 174.7534 207.0114 38.9527 47.1491 107.4080 54.5996 90.1002 69.6324 134.3790 27.5691 181.2705 64.0182 151.4301 111.9196 108.3817 0.0000 76.3171 125.8337 180.2904 44.2280 32.6936 31.7615 90.3258 141.9338 141.5058
63.7149 104.2064 12.9267 66.8676 55.7122 129.2231 151.0365 130.4730 29.4332 137.5974 205.1457 76.7455 179.0512 70.1495 99.8815 171.2616 168.3495 90.5843 73.8330 14.2629 108.2617 69.8379 103.9771 94.5624 29.6350 34.8718 85.3284 152.2229 152.0300 143.8236 76.3171 0.0000 70.4464 19.6074 77.2028 106.3507 154.2130 266.7125 93.1445 99.8667
125.3623 11.9116 52.7994 174.6386 142.1061 79.5039 150.4906 137.9028 100.3401 66.4033 38.8442 135.5130 103.6110 76.4650 64.6574 74.9489 83.0230 48.6585 79.3371 139.7474 16.0040 111.6186 102.5885 110.5685 181.1020 41.1669 173.3509 141.1251 141.6714 141.3993 125.8337 70.4464 0.0000 89.1507 114.9669 284.1195 81.4570 110.6134 194.7306 165.0097
63.4455 225.6851 69.9916 3.9225 157.1069 151.3913 65.5039 105.0534 8.7737 140.7721 128.1252 61.9999 165.3786 139.0292 115.9802 69.8871 44.8910 157.4956 114.8504 187.7028 120.7506 139.2531 193.9013 73.0922 127.7126 168.7391 124.4107 186.7303 77.0166 50.8405 180.2904 19.6074 89.1507 0.0000 144.9419 110.1007 163.3558 33.5350 118.7117 42.4622
130.2222 136.1656 76.6546 152.4333 177.2128 199.4357 75.3950 136.0320 0.5324 136.9768 147.9135 23.3343 114.8026 31.6949 122.6476 149.5785 45.1404 130.1457 71.2772 177.2553 61.2419 52.6712 71.8227 5.3461 19.8503 14.9359 129.8856 140.4088 148.5430 45.5312 44.2280 77.2028 114.9669 144.9419 0.0000 176.6124 150.8955 178.9527 212.0264 150.9448
66.7375 230.9721 160.8065 86.9989 103.8793 184.4425 140.6515 104.3240 46.5857 41.7493 130.5544 73.9700 123.0653 35.0234 125.5709 159.7697 70.5146 73.9563 97.6166 115.8889 154.4267 190.8465 47.6617 43.3141 21.9115 55.7096 41.6559 194.6268 112.0363 136.1217 32.6936 106.3507 284.1195 110.1007 176.6124 0.0000 41.8703 39.5658 125.8085 109.0180
203.9068 57.8944 121.4039 180.3434 123.3049 72.1041 99.7158 161.6039 144.6459 39.5841 135.0986 98.9682 72.8340 47.9301 121.6536 49.3208 74.3499 198.4203 55.7572 98.0777 154.3028 107.3866 143.0844 40.8791 115.8008 84.5963 177.2418 47.3912 55.2017 134.7115 31.7615 154.2130 81.4570 163.3558 150.8955 41.8703 0.0000 86.9424 102.9992 128.9837
112.9570 11.7127 59.1992 39.9972 13.4382 59.0574 181.4245 176.6714 38.3617 79.7320 114.6235 32.4597 124.4667 25.8767 84.8138 60.8369 191.9416 149.8420 45.7276 91.6225 152.2718 125.9648 111.9076 42.6198 167.6879 18.2318 166.6534 63.7316 47.7794 67.7214 90.3258 266.7125 110.6134 33.5350 178.9527 39.5658 86.9424 0.0000 39.4730 30.3704
136.6107 85.8988 36.8748 104.9838 98.0364 188.5814 215.7803 140.8381 223.7303 139.2254 80.7566 88.3874 167.6152 120.2881 111.4804 63.5844 6.4319 22.1934 72.1210 135.9952 146.8620 176.0503 56.1972 109.9862 43.8437 63.6704 133.8287 152.3124 73.2535 179.0714 141.9338 93.1445 194.7306 118.7117 212.0264 125.8085 102.9992 39.4730 0.0000 131.3786
182.9551 139.8885 83.3852 97.0988 77.7252 42.5156 57.2152 64.7696 155.7128 190.1101 102.2106 138.2107 137.5498 61.8200 75.6186 72.8865 99.8874 115.1733 107.0354 37.8487 72.1147 280.7854 155.4967 107.0050 169.4901 203.8593 66.8375 57.1090 174.1432 67.8039 141.5058 99.8667 165.0097 42.4622 150.9448 109.0180 128.9837 30.3704 131.3786 0.0000
