40
0.0000 27.7879 64.0398 97.8958 173.0597 111.6324 189.9650 136.3043 125.8096 178.1052 111.8529 116.7666 42.0974 2.5446 60.5728 80.5777 60.0274 157.5460 74.6415 105.4354 133.2302 63.7077 89.2585 5.9139 231.0628 112.5409 76.9770 132.5064 162.3706 28.1847 145.4588 196.3695 60.0524 151.9502 194.4918 107.1172 179.6859 88.3533 41.1495 136.7202
27.7879 0.0000 85.1937 45.0511 150.7294 227.5655 11.0310 114.8404 98.1740 111.5578 97.1856 35.7008 87.1405 108.0563 119.8543 128.6801 202.3977 88.3285 33.8283 63.5786 165.5482 157.6378 161.6594 151.4346 145.4482 83.8509 76.8837 112.7339 145.4826 74.9433 78.4884 56.1514 79.1365 57.1647 133.5278 152.3340 103.3292 173.4360 69.1612 199.8782
64.0398 85.1937 0.0000 94.2305 57.8026 57.7532 108.5657 33.8818 35.9845 115.2385 80.1322 150.0087 144.9480 141.7039 157.0920 171.3079 112.6905 56.4860 58.9404 185.7850 128.2516 186.4456 108.1458 179.4787 32.2802 41.4524 109.5818 106.4804 53.2315 203.1416 56.8408 87.8231 169.9662 95.4557 40.0826 51.6958 57.1813 29.1518 46.5950 87.5520
97.8958 45.0511 94.2305 0.0000 103.4468 94.7319 61.2227 51.3234 0.9124 54.9090 45.1839 143.3419 122.7719 149.8047 120.4296 150.8502 85.4399 186.2823 69.5363 173.7061 76.6721 113.4030 143.1272 129.4619 91.0288 43.1302 135.7546 43.5329 38.1588 29.0194 112.9694 145.2737 110.2237 84.8387 71.8154 11.1640 163.4891 143.7980 149.4137 161.8190
173.0597 150.7294 57.8026 103.4468 0.0000 256.2360 6.8411 92.1979 149.8295 191.0309 115.4461 83.2528 0.1545 86.9956 101.9365 121.6496 102.6496 53.4446 63.9245 56.5879 47.3268 160.5937 193.4010 103.6990 97.4454 75.0823 74.8877 176.3395 94.2706 120.4046 71.2054 129.7817 46.6391 82.5195 158.2307 101.8037 153.6940 104.5427 85.8784 16.4168
111.6324 227.5655 57.7532 94.7319 256.2360 0.0000 77.2109 63.8371 132.6511 16.7356 20.0570 4.6873 96.9017 37.5228 78.9918 83.4312 202.3314 93.3808 114.4480 105.4285 137.8611 69.6998 102.9613 94.6157 119.9200 75.3637 47.2312 135.7629 40.4502 172.6950 55.0305 108.6855 98.2845 71.8618 222.8958 127.9015 147.9546 114.7468 59.5620 146.5967
189.9650 11.0310 108.5657 61.2227 6.8411 77.2109 0.0000 168.9382 117.4250 202.6490 58.5526 132.8606 119.2327 105.9083 141.8693 92.2850 173.9905 134.5100 95.1812 49.5115 142.2978 103.2240 125.7932 87.4335 14.6593 121.1902 115.3180 74.1712 195.4590 238.0843 98.9269 72.4027 134.1395 45.8750 60.7046 93.3889 141.1843 73.4164 169.1131 173.7120
136.3043 114.8404 33.8818 51.3234 92.1979 63.8371 168.9382 0.0000 27.9382 71.9705 245.4874 110.7847 58.4877 43.1322 122.9457 103.5507 155.1062 120.3610 117.7802 292.7445 163.2431 82.3285 91.8223 279.9043 81.5879 163.0020 190.1279 110.1454 65.6416 21.6638 152.2207 122.7855 81.7474 136.4799 112.0919 88.2024 54.0237 113.6175 40.5108 91.1061
125.8096 98.1740 35.9845 0.9124 149.8295 132.6511 117.4250 27.9382 0.0000 87.6385 158.5844 102.8310 83.4628 27.3081 8.0845 117.8477 132.8255 82.4978 107.7728 56.0586 97.2641 19.7953 68.6738 53.1796 223.2420 38.2469 153.3704 75.9814 40.2050 53.3108 89.4183 146.5071 193.3902 143.4405 55.6195 111.2672 170.8281 186.6849 1.6271 97.6182
178.1052 111.5578 115.2385 54.9090 191.0309 16.7356 202.6490 71.9705 87.6385 0.0000 82.4975 27.1241 195.7732 82.8289 55.6658 59.4410 123.9721 141.8759 83.4903 96.2046 75.4856 181.4259 164.9776 70.4157 72.0774 65.4676 130.7213 25.7383 179.0735 170.5682 135.3320 71.1298 152.7693 111.3204 82.7102 111.1517 61.6303 155.8103 114.2207 147.3222
111.8529 97.1856 80.1322 45.1839 115.4461 20.0570 58.5526 245.4874 158.5844 82.4975 0.0000 167.9923 160.0942 180.6326 153.1856 64.6092 156.7256 76.1738 55.7983 22.7434 84.0970 47.3513 123.1336 90.7031 67.5933 207.8745 73.3417 183.4115 68.6919 167.8794 114.3915 87.3878 149.4648 168.0057 131.0481 199.8054 165.0549 108.6164 111.8333 118.3053
116.7666 35.7008 150.0087 143.3419 83.2528 4.6873 132.8606 110.7847 102.8310 27.1241 167.9923 0.0000 128.2714 85.4164 114.9552 199.6335 200.6802 100.9324 126.3291 184.6537 83.6983 46.7120 113.6129 28.6528 94.1240 72.0993 66.0150 94.9664 71.7256 110.0626 71.5755 61.6911 32.8350 175.4930 46.7401 110.1252 91.8469 82.3603 94.0628 72.8816
42.0974 87.1405 144.9480 122.7719 0.1545 96.9017 119.2327 58.4877 83.4628 195.7732 160.0942 128.2714 0.0000 195.1477 23.8740 155.9020 15.7869 31.7533 214.2474 144.1139 78.8182 62.7615 107.2792 152.7169 39.5166 37.3935 53.6094 98.1646 258.7636 47.1590 75.8768 115.3604 37.2937 160.2553 19.6069 34.3120 55.3084 76.0242 58.9490 132.6450
2.5446 108.0563 141.7039 149.8047 86.9956 37.5228 105.9083 43.1322 27.3081 82.8289 180.6326 85.4164 195.1477 0.0000 132.6679 171.1911 141.7899 155.9024 135.0398 79.5485 10.0834 66.5477 66.6713 68.6446 74.8090 64.5423 203.2525 117.6132 11.1855 105.6895 171.6360 70.9546 13.9119 139.9217 157.2573 166.6149 55.5594 95.1218 173.5934 199.1350
60.5728 119.8543 157.0920 120.4296 101.9365 78.9918 141.8693 122.9457 8.0845 55.6658 153.1856 114.9552 23.8740 132.6679 0.0000 27.0158 33.8261 69.6096 63.7216 92.5348 48.9332 72.2706 186.2160 134.3145 238.1168 119.5108 102.6995 190.2938 98.1961 102.3213 130.6730 57.7598 122.9675 235.4124 168.2434 175.1611 37.6746 53.7853 53.7430 48.5381
80.5777 128.6801 171.3079 150.8502 121.6496 83.4312 92.2850 103.5507 117.8477 59.4410 64.6092 199.6335 155.9020 171.1911 27.0158 0.0000 55.1876 78.5170 30.5974 43.2103 161.0554 138.4037 113.6264 145.0990 143.8987 213.2698 4.3568 150.9085 94.8580 160.0044 164.4492 122.3254 124.2683 24.9761 85.6543 27.6551 106.6391 184.2363 33.2854 14.3573
60.0274 202.3977 112.6905 85.4399 102.6496 202.3314 173.9905 155.1062 132.8255 123.9721 156.7256 200.6802 15.7869 141.7899 33.8261 55.1876 0.0000 92.4213 72.4484 82.8877 37.8972 102.6436 127.2505 104.1914 63.1700 6.6602 96.9084 172.5244 126.7553 129.2945 67.4862 141.1474 88.1593 108.8724 116.8823 86.8759 154.0573 182.6912 131.9372 118.3144
157.5460 88.3285 56.4860 186.2823 53.4446 93.3808 134.5100 120.3610 82.4978 141.8759 76.1738 100.9324 31.7533 155.9024 69.6096 78.5170 92.4213 0.0000 110.4286 150.6581 110.3201 132.7549 3.3039 127.1500 95.3367 109.3701 75.9767 82.8104 73.6083 114.5738 120.1160 30.9909 20.4624 96.4555 171.1606 13.3561 104.8557 118.7305 12.9307 81.3933
74.6415 33.8283 58.9404 69.5363 63.9245 114.4480 95.1812 117.7802 107.7728 83.4903 55.7983 126.3291 214.2474 135.0398 63.7216 30.5974 72.4484 110.4286 0.0000 116.5181 149.0440 92.6845 59.1887 40.8204 60.0620 58.5185 97.7628 185.8277 56.7788 101.6637 71.5389 164.7324 89.9931 95.3986 202.4048 185.2688 92.5649 30.1021 158.4759 100.6704
105.4354 63.5786 185.7850 173.7061 56.5879 105.4285 49.5115 292.7445 56.0586 96.2046 22.7434 184.6537 144.1139 79.5485 92.5348 43.2103 82.8877 150.6581 116.5181 0.0000 73.1489 196.8821 134.2863 129.4191 113.9309 8.3802 71.2425 149.0186 123.3074 226.2664 79.5617 157.9612 59.6063 128.2011 43.8267 69.2669 139.8164 42.0852 57.9939 122.3181
133.2302 165.5482 128.2516 76.6721 47.3268 137.8611 142.2978 163.2431 97.2641 75.4856 84.0970 83.6983 78.8182 10.0834 48.9332 161.0554 37.8972 110.3201 149.0440 73.1489 0.0000 141.1893 72.6268 193.2377 111.6231 70.3177 171.9891 160.6009 108.3574 139.8823 43.5479 114.3181 154.8670 120.6456 145.2409 179.4780 108.1223 87.2453 174.0773 78.6481
63.7077 157.6378 186.4456 113.4030 160.5937 69.6998 103.2240 82.3285 19.7953 181.4259 47.3513 46.7120 62.7615 66.5477 72.2706 138.4037 102.6436 132.7549 92.6845 196.8821 141.1893 0.0000 132.6557 125.7020 96.5204 122.3952 70.6022 96.2536 221.7483 73.7899 133.4439 29.1366 90.1138 136.1911 162.4691 174.6835 32.1594 113.2570 113.9839 31.2348
89.2585 161.6594 108.1458 143.1272 193.4010 102.9613 125.7932 91.8223 68.6738 164.9776 123.1336 113.6129 107.2792 66.6713 186.2160 113.6264 127.2505 3.3039 59.1887 134.2863 72.6268 132.6557 0.0000 62.1777 34.0516 149.1969 2.6086 120.7399 64.4015 90.9144 132.4302 207.2361 56.0145 84.8757 145.2131 109.8061 170.2053 127.6096 147.7005 79.7260
5.9139 151.4346 179.4787 129.4619 103.6990 94.6157 87.4335 279.9043 53.1796 70.4157 90.7031 28.6528 152.7169 68.6446 134.3145 145.0990 104.1914 127.1500 40.8204 129.4191 193.2377 125.7020 62.1777 0.0000 78.7071 140.3789 93.8467 137.5067 76.6278 94.4507 168.4671 10.9773 179.6119 44.4736 69.8683 99.5074 47.4070 101.7192 4.6260 159.5916
231.0628 145.4482 32.2802 91.0288 97.4454 119.9200 14.6593 81.5879 223.2420 72.0774 67.5933 94.1240 39.5166 74.8090 238.1168 143.8987 63.1700 95.3367 60.0620 113.9309 111.6231 96.5204 34.0516 78.7071 0.0000 70.3004 119.7430 100.3268 20.1499 126.7810 167.7171 102.4383 33.8489 121.3187 155.8246 198.2130 22.4736 142.2815 131.3899 87.7758
112.5409 83.8509 41.4524 43.1302 75.0823 75.3637 121.1902 163.0020 38.2469 65.4676 207.8745 72.0993 37.3935 64.5423 119.5108 213.2698 6.6602 109.3701 58.5185 8.3802 70.3177 122.3952 149.1969 140.3789 70.3004 0.0000 78.3403 95.6088 69.1699 17.8315 100.3685 152.8791 76.8008 132.7955 8.8797 30.2795 17.5145 154.3478 91.8005 23.2134
76.9770 76.8837 109.5818 135.7546 74.8877 47.2312 115.3180 190.1279 153.3704 130.7213 73.3417 66.0150 53.6094 203.2525 102.6995 4.3568 96.9084 75.9767 97.7628 71.2425 171.9891 70.6022 2.6086 93.8467 119.7430 78.3403 0.0000 214.7843 39.9779 132.3293 206.8002 175.2073 31.8934 112.5681 90.9067 146.5061 24.7278 34.2531 139.8067 117.9885
132.5064 112.7339 106.4804 43.5329 176.3395 135.7629 74.1712 110.1454 75.9814 25.7383 183.4115 94.9664 98.1646 117.6132 190.2938 150.9085 172.5244 82.8104 185.8277 149.0186 160.6009 96.2536 120.7399 137.5067 100.3268 95.6088 214.7843 0.0000 238.1401 165.1288 110.2771 91.2430 113.8284 15.0172 136.6070 78.9010 30.7426 220.7073 98.1472 102.9140
162.3706 145.4826 53.2315 38.1588 94.2706 40.4502 195.4590 65.6416 40.2050 179.0735 68.6919 71.7256 258.7636 11.1855 98.1961 94.8580 126.7553 73.6083 56.7788 123.3074 108.3574 221.7483 64.4015 76.6278 20.1499 69.1699 39.9779 238.1401 0.0000 115.6709 49.2098 192.0869 78.5746 86.3994 146.2444 103.2943 222.1142 169.0980 64.4005 111.2290
28.1847 74.9433 203.1416 29.0194 120.4046 172.6950 238.0843 21.6638 53.3108 170.5682 167.8794 110.0626 47.1590 105.6895 102.3213 160.0044 129.2945 114.5738 101.6637 226.2664 139.8823 73.7899 90.9144 94.4507 126.7810 17.8315 132.3293 165.1288 115.6709 0.0000 138.8339 56.3947 80.5535 141.2261 148.1517 105.6452 84.3066 95.7708 149.3820 77.9079
145.4588 78.4884 56.8408 112.9694 71.2054 55.0305 98.9269 152.2207 89.4183 135.3320 114.3915 71.5755 75.8768 171.6360 130.6730 164.4492 67.4862 120.1160 71.5389 79.5617 43.5479 133.4439 132.4302 168.4671 167.7171 100.3685 206.8002 110.2771 49.2098 138.8339 0.0000 165.1513 107.7048 35.1114 177.0224 46.1258 168.5675 110.8723 188.9090 127.2303
196.3695 56.1514 87.8231 145.2737 129.7817 108.6855 72.4027 122.7855 146.5071 71.1298 87.3878 61.6911 115.3604 70.9546 57.7598 122.3254 141.1474 30.9909 164.7324 157.9612 114.3181 29.1366 207.2361 10.9773 102.4383 152.8791 175.2073 91.2430 192.0869 56.3947 165.1513 0.0000 70.6159 145.0543 282.7900 123.6880 106.9436 183.9623 195.8813 118.7864
60.0524 79.1365 169.9662 110.2237 46.6391 98.2845 134.1395 81.7474 193.3902 152.7693 149.4648 32.8350 37.2937 13.9119 122.9675 124.2683 88.1593 20.4624 89.9931 59.6063 154.8670 90.1138 56.0145 179.6119 33.8489 76.8008 31.8934 113.8284 78.5746 80.5535 107.7048 70.6159 0.0000 26.4198 121.2594 236.1833 47.9621 172.1013 57.6009 72.6267
151.9502 57.1647 95.4557 84.8387 82.5195 71.8618 45.8750 136.4799 143.4405 111.3204 168.0057 175.4930 160.2553 139.9217 235.4124 24.9761 108.8724 96.4555 95.3986 128.2011 120.6456 136.1911 84.8757 44.4736 121.3187 132.7955 112.5681 15.0172 86.3994 141.2261 35.1114 145.0543 26.4198 0.0000 176.8026 165.2383 66.7138 101.5950 200.2735 60.4388
194.4918 133.5278 40.0826 71.8154 158.2307 222.8958 60.7046 112.0919 55.6195 82.7102 131.0481 46.7401 19.6069 157.2573 168.2434 85.6543 116.8823 171.1606 202.4048 43.8267 145.2409 162.4691 145.2131 69.8683 155.8246 8.8797 90.9067 136.6070 146.2444 148.1517 177.0224 282.7900 121.2594 176.8026 0.0000 52.3618 58.4686 54.1127 79.6920 63.5644
107.1172 152.3340 51.6958 11.1640 101.8037 127.9015 93.3889 88.2024 111.2672 111.1517 199.8054 110.1252 34.3120 166.6149 175.1611 27.6551 86.8759 13.3561 185.2688 69.2669 179.4780 174.6835 109.8061 99.5074 198.2130 30.2795 146.5061 78.9010 103.2943 105.6452 46.1258 123.6880 236.1833 165.2383 52.3618 0.0000 82.9494 130.4523 118.9657 56.3955
179.6859 103.3292 57.1813 163.4891 153.6940 147.9546 141.1843 54.0237 170.8281 61.6303 165.0549 91.8469 55.3084 55.5594 37.6746 106.6391 154.0573 104.8557 92.5649 139.8164 108.1223 32.1594 170.2053 47.4070 22.4736 17.5145 24.7278 30.7426 222.1142 84.3066 168.5675 106.9436 47.9621 66.7138 58.4686 82.9494 0.0000 85.2349 151.6099 137.2289
88.3533 173.4360 29.1518 143.7980 104.5427 114.7468 73.4164 113.6175 186.6849 155.8103 108.6164 82.3603 76.0242 95.1218 53.7853 184.2363 182.6912 118.7305 30.1021 42.0852 87.2453 113.2570 127.6096 101.7192 142.2815 154.3478 34.2531 220.7073 169.0980 95.7708 110.8723 183.9623 172.1013 101.5950 54.1127 130.4523 85.2349 0.0000 174.6371 124.9931
41.1495 69.1612 46.5950 149.4137 85.8784 59.5620 169.1131 40.5108 1.6271 114.2207 111.8333 94.0628 58.9490 173.5934 53.7430 33.2854 131.9372 12.9307 158.4759 57.9939 174.0773 113.9839 147.7005 4.6260 131.3899 91.8005 139.8067 98.1472 64.4005 149.3820 188.9090 195.8813 57.6009 200.2735 79.6920 118.9657 151.6099 174.6371 0.0000 108.7899
136.7202 199.8782 87.5520 161.8190 16.4168 146.5967 173.7120 91.1061 97.6182 147.3222 118.3053 72.8816 132.6450 199.1350 48.5381 14.3573 118.3144 81.3933 100.6704 122.3181 78.6481 31.2348 79.7260 159.5916 87.7758 23.2134 117.9885 102.9140 111.2290 77.9079 127.2303 118.7864 72.6267 60.4388 63.5644 56.3955 137.2289 124.9931 108.7899 0.0000
