40
0.0000 156.6038 59.1972 109.7182 133.9028 110.9316 219.3129 129.4727 80.7823 18.0098 150.1414 91.9717 184.2489 92.1136 55.5825 53.8170 98.3936 113.1585 134.5635 50.7320 50.7845 94.6868 168.9156 81.6586 106.4141 157.0544 62.0658 47.2326 117.9921 56.9503 23.1314 131.2241 121.7168 64.4870 163.6376 124.1782 22.6885 86.4414 97.6319 8.3335
156.6038 0.0000 106.5814 146.6917 119.6599 82.9658 87.5081 54.6813 56.9141 58.5893 21.4756 122.9266 37.2569 94.8999 15.3043 163.1974 166.1110 188.9349 165.2861 86.9082 103.4154 181.2716 104.7811 96.3489 106.0600 63.9310 62.6860 30.9184 90.4049 105.9345 60.7142 110.4692 152.7501 97.7569 159.4610 55.9065 175.4088 114.5163 171.2266 131.0308
59.1972 106.5814 0.0000 84.4637 139.5620 73.2568 74.9278 100.8902 102.9370 143.3228 109.9673 18.4339 114.3849 139.7981 79.9588 103.2480 209.7368 115.1846 58.9484 170.0242 35.5163 147.7354 150.2030 131.5286 114.2166 40.4635 111.9062 97.7869 133.6075 136.7311 165.9932 4.0854 77.1494 236.4710 50.2479 93.5600 33.0343 67.2493 63.8829 66.3747
109.7182 146.6917 84.4637 0.0000 66.8742 49.6732 87.8845 85.8534 43.7257 89.8590 31.5116 55.4355 73.9409 26.4001 150.8702 226.1582 192.2140 115.9673 6.8442 101.7459 60.8844 50.7559 74.8604 93.2713 29.8336 176.6223 64.4426 104.2488 33.0482 167.9001 99.2491 146.2931 66.1354 171.9669 124.0714 8.6922 95.9891 179.2899 142.5096 67.7919
133.9028 119.6599 139.5620 66.8742 0.0000 103.5291 214.1071 47.7624 103.8686 152.2296 169.7785 125.8016 64.5926 147.1072 26.3970 150.5693 133.1749 152.2111 90.0602 126.6810 146.8295 70.7920 51.7035 1.5872 118.8709 114.8750 44.9913 24.3749 231.2919 70.7366 23.4162 42.0311 39.0749 104.5197 129.6909 129.3140 163.2728 49.3046 15.9141 116.0120
110.9316 82.9658 73.2568 49.6732 103.5291 0.0000 56.7887 153.1548 257.7533 182.7517 78.7671 31.7516 122.4664 43.8877 118.6490 49.2052 248.1316 60.5895 171.0681 61.8656 4.8858 98.3191 99.0695 274.3014 182.8533 50.6413 129.6304 133.9295 76.9951 165.5351 29.8219 112.8543 117.8738 57.6428 93.6729 85.7008 96.0839 240.3009 85.1630 109.6239
219.3129 87.5081 74.9278 87.8845 214.1071 56.7887 0.0000 46.3567 77.1571 102.4460 45.7054 141.9090 134.7768 81.7259 116.1870 119.5776 35.1448 85.3595 36.6202 113.9660 177.3649 162.9565 56.9208 58.5493 61.4849 85.9061 20.8684 103.0011 67.9506 83.1021 189.5576 62.3366 221.1770 134.8532 82.6554 105.2509 131.5846 115.1214 48.1954 98.1382
129.4727 54.6813 100.8902 85.8534 47.7624 153.1548 46.3567 0.0000 124.6557 30.2405 10.7377 99.0692 87.9681 128.2904 139.7237 114.7701 81.8784 80.8116 111.4189 109.9395 141.3625 161.8374 73.0938 108.4276 65.5534 146.0275 61.0026 39.0690 67.0281 142.8396 110.9897 47.0048 241.1863 223.1341 61.0244 92.5513 89.7622 204.9861 110.6594 142.2149
80.7823 56.9141 102.9370 43.7257 103.8686 257.7533 77.1571 124.6557 0.0000 134.6933 183.3884 133.4313 115.5883 142.3969 109.2670 217.2712 176.4564 20.8982 77.1443 120.5972 51.9356 105.1543 72.8376 90.5292 104.7154 95.7365 174.4776 9.5187 148.9874 180.3589 111.0789 116.2043 162.7387 107.8873 78.8645 32.0844 221.8177 30.9005 65.4573 103.1346
18.0098 58.5893 143.3228 89.8590 152.2296 182.7517 102.4460 30.2405 134.6933 0.0000 170.1139 56.0780 123.6903 49.3353 118.1658 119.0183 134.8064 185.3320 147.1520 66.4864 101.7415 83.0147 95.1947 101.3122 148.0965 140.6937 147.4152 10.7150 80.7072 118.9849 228.3373 120.4050 142.9413 237.8966 127.5216 168.1658 89.8337 179.8925 128.1267 79.9617
150.1414 21.4756 109.9673 31.5116 169.7785 78.7671 45.7054 10.7377 183.3884 170.1139 0.0000 43.5554 77.4590 153.9154 161.2084 3.5411 172.8920 138.4345 71.7097 91.4796 258.2319 195.2935 188.8858 199.9327 158.5692 115.1702 143.2627 49.2322 152.0535 157.4149 122.1719 99.5097 80.3456 120.6752 107.3690 76.4485 40.2640 27.7615 115.0461 91.4771
91.9717 122.9266 18.4339 55.4355 125.8016 31.7516 141.9090 99.0692 133.4313 56.0780 43.5554 0.0000 40.3933 105.3959 146.0037 119.0351 113.5354 48.6389 28.1905 150.8928 42.7029 82.5603 130.5988 98.2730 149.0882 13.6551 49.6320 92.3511 97.6976 222.6696 136.6552 133.4158 173.7249 197.6661 206.6434 23.3445 74.5829 49.9046 187.6898 168.2656
184.2489 37.2569 114.3849 73.9409 64.5926 122.4664 134.7768 87.9681 115.5883 123.6903 77.4590 40.3933 0.0000 56.3707 88.6709 81.0415 278.2373 50.9919 49.0297 104.6871 113.9355 172.7157 49.0828 86.2017 109.4909 22.1811 86.6699 84.8670 262.8980 62.8109 115.2139 133.2779 66.3161 14.4115 90.4790 131.3951 190.1189 83.0081 83.5531 88.4743
92.1136 94.8999 139.7981 26.4001 147.1072 43.8877 81.7259 128.2904 142.3969 49.3353 153.9154 105.3959 56.3707 0.0000 138.1935 126.3334 147.0210 78.9481 32.7044 122.5768 91.0941 29.7190 63.5154 74.9779 150.0793 50.7508 64.9613 108.9539 109.2339 98.3037 98.7408 144.8466 117.2108 70.6672 115.3994 93.6647 99.1690 78.1618 56.1855 136.5840
55.5825 15.3043 79.9588 150.8702 26.3970 118.6490 116.1870 139.7237 109.2670 118.1658 161.2084 146.0037 88.6709 138.1935 0.0000 88.2692 123.5964 50.8593 152.1592 103.3609 259.7346 111.3565 148.0209 105.0228 65.0678 190.6254 189.9226 75.4331 79.0211 140.7445 109.0070 49.6398 186.5668 154.2784 72.5421 33.2876 71.5511 17.5462 86.4205 145.7921
53.8170 163.1974 103.2480 226.1582 150.5693 49.2052 119.5776 114.7701 217.2712 119.0183 3.5411 119.0351 81.0415 126.3334 88.2692 0.0000 227.5212 30.4490 66.0735 109.3026 113.6574 157.7576 165.5913 42.5552 20.1787 31.8398 162.6607 178.1631 24.1513 95.0491 104.6868 92.5650 130.0571 33.8701 43.6738 118.8769 168.3872 45.2004 138.7831 130.7637
98.3936 166.1110 209.7368 192.2140 133.1749 248.1316 35.1448 81.8784 176.4564 134.8064 172.8920 113.5354 278.2373 147.0210 123.5964 227.5212 0.0000 116.4073 116.0326 116.6569 157.1940 177.1026 203.8776 13.3123 108.1710 79.6194 162.7966 102.8692 85.2163 32.4205 228.0540 157.3466 72.3759 52.3987 64.2926 107.6873 108.0789 133.7849 113.0481 217.4594
113.1585 188.9349 115.1846 115.9673 152.2111 60.5895 85.3595 80.8116 20.8982 185.3320 138.4345 48.6389 50.9919 78.9481 50.8593 30.4490 116.4073 0.0000 74.7055 32.6574 81.6255 14.3343 124.6579 42.5275 65.2749 61.6370 41.8181 182.2356 27.1276 29.8765 27.4381 55.7219 66.6539 208.1026 36.6244 143.4890 64.6164 229.2466 55.1919 130.8176
134.5635 165.2861 58.9484 6.8442 90.0602 171.0681 36.6202 111.4189 77.1443 147.1520 71.7097 28.1905 49.0297 32.7044 152.1592 66.0735 116.0326 74.7055 0.0000 155.1073 65.8583 115.3916 90.6954 115.2173 64.4468 39.6017 142.2375 85.3366 65.9365 32.9293 141.3524 40.3153 82.7457 95.7496 41.1370 105.7436 157.0785 100.1283 176.3177 88.8537
50.7320 86.9082 170.0242 101.7459 126.6810 61.8656 113.9660 109.9395 120.5972 66.4864 91.4796 150.8928 104.6871 122.5768 103.3609 109.3026 116.6569 32.6574 155.1073 0.0000 150.8489 87.9737 80.2665 147.1531 128.0446 90.3633 102.5762 5.3239 271.9450 68.8596 165.7431 184.1814 181.8048 206.6937 129.2212 151.4735 82.0370 111.0847 109.6642 10.4639
50.7845 103.4154 35.5163 60.8844 146.8295 4.8858 177.3649 141.3625 51.9356 101.7415 258.2319 42.7029 113.9355 91.0941 259.7346 113.6574 157.1940 81.6255 65.8583 150.8489 0.0000 121.2794 23.9491 65.1965 89.4042 94.4761 109.3031 157.6954 60.2903 9.7217 133.1924 15.9859 87.7117 67.1031 130.0267 123.2984 93.8052 4.9699 91.9916 123.4804
94.6868 181.2716 147.7354 50.7559 70.7920 98.3191 162.9565 161.8374 105.1543 83.0147 195.2935 82.5603 172.7157 29.7190 111.3565 157.7576 177.1026 14.3343 115.3916 87.9737 121.2794 0.0000 130.5629 162.6666 114.0808 114.9786 24.8329 56.4665 99.8956 150.5355 46.9717 96.5747 40.0531 125.3316 195.4901 107.3382 94.6240 139.6714 85.6956 107.6553
168.9156 104.7811 150.2030 74.8604 51.7035 99.0695 56.9208 73.0938 72.8376 95.1947 188.8858 130.5988 49.0828 63.5154 148.0209 165.5913 203.8776 124.6579 90.6954 80.2665 23.9491 130.5629 0.0000 35.1126 107.4385 113.7421 85.7294 18.0219 110.2571 82.6184 109.9753 66.7091 91.5659 46.3611 74.7028 115.4445 231.4639 72.2970 93.8679 148.6481
81.6586 96.3489 131.5286 93.2713 1.5872 274.3014 58.5493 108.4276 90.5292 101.3122 199.9327 98.2730 86.2017 74.9779 105.0228 42.5552 13.3123 42.5275 115.2173 147.1531 65.1965 162.6666 35.1126 0.0000 53.6901 77.2174 24.1508 215.3214 100.6671 98.7023 36.5059 186.4503 67.4489 123.5909 56.7701 182.0937 128.5877 54.4500 96.8694 4.3475
106.4141 106.0600 114.2166 29.8336 118.8709 182.8533 61.4849 65.5534 104.7154 148.0965 158.5692 149.0882 109.4909 150.0793 65.0678 20.1787 108.1710 65.2749 64.4468 128.0446 89.4042 114.0808 107.4385 53.6901 0.0000 112.9360 138.0159 94.7470 72.9833 207.5477 163.3378 108.3782 58.3227 153.4339 212.9144 179.1073 56.2432 161.2852 88.3076 133.7102
157.0544 63.9310 40.4635 176.6223 114.8750 50.6413 85.9061 146.0275 95.7365 140.6937 115.1702 13.6551 22.1811 50.7508 190.6254 31.8398 79.6194 61.6370 39.6017 90.3633 94.4761 114.9786 113.7421 77.2174 112.9360 0.0000 117.5878 98.7084 35.5607 39.2205 148.1972 104.1369 186.9096 18.9881 120.7504 109.3678 129.8583 146.3835 98.2444 241.7994
62.0658 62.6860 111.9062 64.4426 44.9913 129.6304 20.8684 61.0026 174.4776 147.4152 143.2627 49.6320 86.6699 64.9613 189.9226 162.6607 162.7966 41.8181 142.2375 102.5762 109.3031 24.8329 85.7294 24.1508 138.0159 117.5878 0.0000 219.3302 22.7218 150.6558 42.9953 142.9737 186.6224 200.9012 151.4042 160.1935 203.1144 155.0262 124.0359 123.8146
47.2326 30.9184 97.7869 104.2488 24.3749 133.9295 103.0011 39.0690 9.5187 10.7150 49.2322 92.3511 84.8670 108.9539 75.4331 178.1631 102.8692 182.2356 85.3366 5.3239 157.6954 56.4665 18.0219 215.3214 94.7470 98.7084 219.3302 0.0000 74.5390 72.8593 186.4276 55.5927 244.3556 87.9542 68.8875 126.1630 94.5564 154.6223 47.0408 122.3590
117.9921 90.4049 133.6075 33.0482 231.2919 76.9951 67.9506 67.0281 148.9874 80.7072 152.0535 97.6976 262.8980 109.2339 79.0211 24.1513 85.2163 27.1276 65.9365 271.9450 60.2903 99.8956 110.2571 100.6671 72.9833 35.5607 22.7218 74.5390 0.0000 23.5683 26.6155 167.8778 60.9198 167.2764 156.9236 46.0340 43.1350 123.7356 55.7408 179.4311
56.9503 105.9345 136.7311 167.9001 70.7366 165.5351 83.1021 142.8396 180.3589 118.9849 157.4149 222.6696 62.8109 98.3037 140.7445 95.0491 32.4205 29.8765 32.9293 68.8596 9.7217 150.5355 82.6184 98.7023 207.5477 39.2205 150.6558 72.8593 23.5683 0.0000 159.9619 143.5883 13.0897 62.8528 91.8481 20.3403 153.9921 174.9461 133.6647 68.5208
23.1314 60.7142 165.9932 99.2491 23.4162 29.8219 189.5576 110.9897 111.0789 228.3373 122.1719 136.6552 115.2139 98.7408 109.0070 104.6868 228.0540 27.4381 141.3524 165.7431 133.1924 46.9717 109.9753 36.5059 163.3378 148.1972 42.9953 186.4276 26.6155 159.9619 0.0000 106.7064 114.3060 187.3745 192.7115 72.7798 181.8062 31.4397 118.8726 45.2080
131.2241 110.4692 4.0854 146.2931 42.0311 112.8543 62.3366 47.0048 116.2043 120.4050 99.5097 133.4158 133.2779 144.8466 49.6398 92.5650 157.3466 55.7219 40.3153 184.1814 15.9859 96.5747 66.7091 186.4503 108.3782 104.1369 142.9737 55.5927 167.8778 143.5883 106.7064 0.0000 96.9801 122.7403 63.0069 200.1565 114.6775 129.4758 108.3105 18.8082
121.7168 152.7501 77.1494 66.1354 39.0749 117.8738 221.1770 241.1863 162.7387 142.9413 80.3456 173.7249 66.3161 117.2108 186.5668 130.0571 72.3759 66.6539 82.7457 181.8048 87.7117 40.0531 91.5659 67.4489 58.3227 186.9096 186.6224 244.3556 60.9198 13.0897 114.3060 96.9801 0.0000 188.3678 3.7123 93.4588 188.9315 87.6539 81.1586 137.0921
64.4870 97.7569 236.4710 171.9669 104.5197 57.6428 134.8532 223.1341 107.8873 237.8966 120.6752 197.6661 14.4115 70.6672 154.2784 33.8701 52.3987 208.1026 95.7496 206.6937 67.1031 125.3316 46.3611 123.5909 153.4339 18.9881 200.9012 87.9542 167.2764 62.8528 187.3745 122.7403 188.3678 0.0000 54.5163 119.1223 235.1090 135.5030 189.7906 121.5317
163.6376 159.4610 50.2479 124.0714 129.6909 93.6729 82.6554 61.0244 78.8645 127.5216 107.3690 206.6434 90.4790 115.3994 72.5421 43.6738 64.2926 36.6244 41.1370 129.2212 130.0267 195.4901 74.7028 56.7701 212.9144 120.7504 151.4042 68.8875 156.9236 91.8481 192.7115 63.0069 3.7123 54.5163 0.0000 78.4414 57.5916 179.3643 127.1995 71.8782
124.1782 55.9065 93.5600 8.6922 129.3140 85.7008 105.2509 92.5513 32.0844 168.1658 76.4485 23.3445 131.3951 93.6647 33.2876 118.8769 107.6873 143.4890 105.7436 151.4735 123.2984 107.3382 115.4445 182.0937 179.1073 109.3678 160.1935 126.1630 46.0340 20.3403 72.7798 200.1565 93.4588 119.1223 78.4414 0.0000 145.6311 100.6916 43.5526 119.2379
22.6885 175.4088 33.0343 95.9891 163.2728 96.0839 131.5846 89.7622 221.8177 89.8337 40.2640 74.5829 190.1189 99.1690 71.5511 168.3872 108.0789 64.6164 157.0785 82.0370 93.8052 94.6240 231.4639 128.5877 56.2432 129.8583 203.1144 94.5564 43.1350 153.9921 181.8062 114.6775 188.9315 235.1090 57.5916 145.6311 0.0000 100.4867 146.1071 60.5281
86.4414 114.5163 67.2493 179.2899 49.3046 240.3009 115.1214 204.9861 30.9005 179.8925 27.7615 49.9046 83.0081 78.1618 17.5462 45.2004 133.7849 229.2466 100.1283 111.0847 4.9699 139.6714 72.2970 54.4500 161.2852 146.3835 155.0262 154.6223 123.7356 174.9461 31.4397 129.4758 87.6539 135.5030 179.3643 100.6916 100.4867 0.0000 59.4704 66.4461
97.6319 171.2266 63.8829 142.5096 15.9141 85.1630 48.1954 110.6594 65.4573 128.1267 115.0461 187.6898 83.5531 56.1855 86.4205 138.7831 113.0481 55.1919 176.3177 109.6642 91.9916 85.6956 93.8679 96.8694 88.3076 98.2444 124.0359 47.0408 55.7408 133.6647 118.8726 108.3105 81.1586 189.7906 127.1995 43.5526 146.1071 59.4704 0.0000 183.6210
8.3335 131.0308 66.3747 67.7919 116.0120 109.6239 98.1382 142.2149 103.1346 79.9617 91.4771 168.2656 88.4743 136.5840 145.7921 130.7637 217.4594 130.8176 88.8537 10.4639 123.4804 107.6553 148.6481 4.3475 133.7102 241.7994 123.8146 122.3590 179.4311 68.5208 45.2080 18.8082 137.0921 121.5317 71.8782 119.2379 60.5281 66.4461 183.6210 0.0000
