40
0.0000 23.6317 92.0364 61.4465 37.4480 32.8539 115.0462 101.4773 44.1225 45.7212 62.5397 118.1468 51.6734 57.2312 70.1443 26.8766 130.1845 17.0271 86.3182 108.5633 239.5420 74.8855 128.4364 137.5656 83.7507 107.9484 68.0230 131.2750 17.1453 124.7064 109.0492 108.7901 33.8497 116.1731 87.6619 148.5527 56.3935 102.6622 82.4838 45.8256
23.6317 0.0000 286.3583 69.7183 193.9947 139.7166 157.8539 123.4677 15.7080 97.8145 87.4581 60.2677 201.7144 107.8981 81.9058 151.1003 30.7445 127.1580 97.7868 125.0698 126.1259 232.5483 57.8879 31.6141 0.7721 86.8737 62.8283 146.9166 74.7965 142.4384 126.1308 108.9852 98.1990 206.0993 64.8371 101.9996 33.9856 127.4899 119.1805 35.5542
92.0364 286.3583 0.0000 73.2541 230.7184 129.7446 124.7100 148.4510 149.8629 158.0316 10.1216 88.3770 90.7261 124.5441 150.8888 96.5785 24.6435 148.1485 138.1186 141.9054 72.6360 90.0728 93.3326 132.6727 34.6898 82.4852 113.0060 81.2358 32.8313 53.4504 42.5342 190.2153 38.4230 80.2558 62.7218 27.8389 98.5942 121.4333 72.8513 164.5803
61.4465 69.7183 73.2541 0.0000 79.7261 64.4257 38.6331 92.4786 101.0227 174.9650 164.7978 176.6317 72.0196 71.9735 90.1327 168.3878 130.4605 157.6015 104.9513 49.1623 108.2617 67.0937 145.4631 50.5615 140.8118 48.8277 119.3730 57.7368 163.5361 104.7805 118.1487 133.1673 76.2347 42.7518 133.9205 114.7852 194.8978 77.7831 121.1170 161.2305
37.4480 193.9947 230.7184 79.7261 0.0000 136.0064 7.5817 109.3067 2.1605 18.9431 72.8164 62.2425 75.0463 74.9063 163.2922 18.4199 95.0369 36.8910 75.8898 265.4577 84.0521 96.2597 88.2618 148.2787 55.0313 97.2341 156.3478 91.8532 82.8937 23.1756 39.2868 52.4812 202.6465 131.6351 120.1982 174.6922 128.4479 197.9049 84.8536 47.6243
32.8539 139.7166 129.7446 64.4257 136.0064 0.0000 16.1044 106.7824 133.4127 222.0774 36.9182 133.2340 129.8533 130.8110 129.4137 69.1476 46.4558 134.5454 100.0635 118.3425 19.4493 15.9383 71.4421 193.7411 141.0404 98.3482 63.6020 45.6933 96.3526 114.4272 178.0156 170.1967 106.7145 14.7457 126.9544 84.3638 58.7338 146.6296 168.2104 96.3244
115.0462 157.8539 124.7100 38.6331 7.5817 16.1044 0.0000 99.5822 28.7766 87.4185 61.1413 29.3012 18.1569 35.2909 72.5750 95.0605 127.3860 189.8427 153.4623 157.0363 100.8765 53.5115 148.3265 3.0652 127.5363 163.7779 188.6554 35.4571 39.0419 191.8117 168.2277 75.3820 123.1124 103.9475 105.1260 148.8729 11.8287 80.9391 109.6311 183.0126
101.4773 123.4677 148.4510 92.4786 109.3067 106.7824 99.5822 0.0000 5.8506 154.5773 98.2524 149.9712 97.0323 117.9081 135.8273 132.3599 169.8993 213.5820 95.6248 99.5051 87.0093 90.5710 184.8263 110.5727 75.1503 132.1781 101.9868 22.4457 187.1582 78.8300 131.5417 218.9196 147.0831 77.1232 152.4033 86.8589 117.7069 124.1148 120.4623 96.5762
44.1225 15.7080 149.8629 101.0227 2.1605 133.4127 28.7766 5.8506 0.0000 122.0713 25.7286 144.9375 32.2685 121.8805 84.4573 67.9116 93.7542 153.2528 89.7930 50.8163 139.9701 93.5050 88.0597 122.5263 49.1686 154.5821 161.3338 98.6832 83.8695 251.5257 90.0748 143.8399 79.0746 44.0876 128.7874 72.9722 14.5646 163.7859 93.4354 161.2495
45.7212 97.8145 158.0316 174.9650 18.9431 222.0774 87.4185 154.5773 122.0713 0.0000 71.2594 80.2836 140.5514 69.5900 98.8735 141.1057 154.7450 59.3921 80.6671 85.3026 82.4208 140.6564 64.8041 131.8235 110.4614 114.8259 187.0168 81.4162 70.9359 54.6893 167.7393 79.9628 30.9970 208.2395 111.0396 66.1995 94.0109 78.1203 138.8307 243.5832
62.5397 87.4581 10.1216 164.7978 72.8164 36.9182 61.1413 98.2524 25.7286 71.2594 0.0000 182.1783 49.1490 90.6824 73.0244 144.9463 131.4464 51.4839 155.6275 182.5239 7.6422 77.9962 121.5265 204.3751 56.2903 99.3049 69.4953 121.8764 106.4621 40.0365 157.5121 63.3585 90.1342 111.5823 181.3804 114.0618 21.7779 110.8231 118.5200 109.9417
118.1468 60.2677 88.3770 176.6317 62.2425 133.2340 29.3012 149.9712 144.9375 80.2836 182.1783 0.0000 166.6135 114.4132 110.0789 49.1618 135.6712 113.3495 79.0874 243.8825 137.9422 159.6167 188.3122 88.0607 55.2333 75.8985 131.3851 207.1120 64.0317 80.6925 228.6002 157.3541 169.4295 148.4111 73.2287 113.2725 131.0992 94.3864 55.2642 94.3161
51.6734 201.7144 90.7261 72.0196 75.0463 129.8533 18.1569 97.0323 32.2685 140.5514 49.1490 166.6135 0.0000 91.2161 129.8245 43.0124 89.5442 41.2645 131.9460 71.7251 55.1587 21.1496 175.8271 165.0797 53.3951 135.2664 40.1255 23.5420 177.0470 241.3323 70.5591 174.5517 111.9568 34.2337 70.8306 30.9215 141.3553 150.0096 127.4338 50.5972
57.2312 107.8981 124.5441 71.9735 74.9063 130.8110 35.2909 117.9081 121.8805 69.5900 90.6824 114.4132 91.2161 0.0000 29.7350 83.4714 219.1169 204.8327 168.3242 122.0775 124.6597 42.3561 170.3333 152.2769 225.0361 145.9204 71.9295 123.7624 56.8228 55.7481 152.8326 151.5241 196.9030 1.1567 130.7049 93.1123 24.6144 105.1389 110.5403 136.1061
70.1443 81.9058 150.8888 90.1327 163.2922 129.4137 72.5750 135.8273 84.4573 98.8735 73.0244 110.0789 129.8245 29.7350 0.0000 45.2163 106.4982 134.5844 132.5973 120.4399 27.4740 174.0740 108.2143 25.7464 26.9376 189.5709 96.0497 131.5762 143.5940 119.8700 60.7434 116.7144 127.9691 127.7106 3.9985 138.0262 41.0874 128.5570 139.6734 123.6616
26.8766 151.1003 96.5785 168.3878 18.4199 69.1476 95.0605 132.3599 67.9116 141.1057 144.9463 49.1618 43.0124 83.4714 45.2163 0.0000 183.4868 185.6338 85.9624 58.9909 82.8625 104.0977 130.7525 130.6010 76.3017 83.7991 119.5181 15.9288 100.3672 23.1108 66.1252 186.8305 39.7312 86.6456 146.4111 139.5664 156.8227 71.2491 52.9640 83.9574
130.1845 30.7445 24.6435 130.4605 95.0369 46.4558 127.3860 169.8993 93.7542 154.7450 131.4464 135.6712 89.5442 219.1169 106.4982 183.4868 0.0000 182.3748 86.7918 36.2131 30.9718 108.6629 85.2853 208.8740 172.4061 189.2737 102.4338 206.0950 74.0922 255.8979 105.2116 60.1452 92.5412 77.4001 120.1683 170.0092 104.0114 99.9239 151.8199 148.8036
17.0271 127.1580 148.1485 157.6015 36.8910 134.5454 189.8427 213.5820 153.2528 59.3921 51.4839 113.3495 41.2645 204.8327 134.5844 185.6338 182.3748 0.0000 213.9298 150.1003 146.4416 81.8892 25.6649 51.7428 17.2024 2.8986 77.5372 125.7951 152.0887 49.8838 135.9091 80.8919 74.0082 94.6435 127.2359 62.0558 173.0577 23.8349 12.0960 62.7769
86.3182 97.7868 138.1186 104.9513 75.8898 100.0635 153.4623 95.6248 89.7930 80.6671 155.6275 79.0874 131.9460 168.3242 132.5973 85.9624 86.7918 213.9298 0.0000 139.3070 102.2313 0.5522 47.9642 162.7666 92.7582 97.8379 110.1609 131.3375 148.7448 60.1868 117.2621 153.3336 96.4685 119.6194 70.8082 196.9276 168.2673 120.2633 36.6121 164.8800
108.5633 125.0698 141.9054 49.1623 265.4577 118.3425 157.0363 99.5051 50.8163 85.3026 182.5239 243.8825 71.7251 122.0775 120.4399 58.9909 36.2131 150.1003 139.3070 0.0000 166.5622 153.1514 124.9601 215.6575 60.7218 94.4508 44.2422 122.1012 170.8988 143.5649 99.0039 230.6989 219.3560 199.7979 172.4513 119.7612 184.1660 110.3877 191.5178 129.3828
239.5420 126.1259 72.6360 108.2617 84.0521 19.4493 100.8765 87.0093 139.9701 82.4208 7.6422 137.9422 55.1587 124.6597 27.4740 82.8625 30.9718 146.4416 102.2313 166.5622 0.0000 105.6292 111.5647 38.3263 120.6452 151.2348 146.6071 133.9644 121.7326 23.4223 44.7140 63.9288 63.4552 172.9217 17.8523 65.4519 82.3670 208.8271 85.9651 22.0530
74.8855 232.5483 90.0728 67.0937 96.2597 15.9383 53.5115 90.5710 93.5050 140.6564 77.9962 159.6167 21.1496 42.3561 174.0740 104.0977 108.6629 81.8892 0.5522 153.1514 105.6292 0.0000 15.5337 63.5361 73.1063 91.2055 139.2932 185.1242 139.5227 124.9627 110.4802 62.3040 120.9447 147.2926 69.2426 37.3857 126.5993 72.2775 89.7444 97.1967
128.4364 57.8879 93.3326 145.4631 88.2618 71.4421 148.3265 184.8263 88.0597 64.8041 121.5265 188.3122 175.8271 170.3333 108.2143 130.7525 85.2853 25.6649 47.9642 124.9601 111.5647 15.5337 0.0000 172.1185 1.3315 24.0485 168.1969 131.4624 55.1553 152.3868 69.6582 82.9337 96.2070 143.6367 102.4536 81.8017 131.2591 182.1292 45.0283 10.7225
137.5656 31.6141 132.6727 50.5615 148.2787 193.7411 3.0652 110.5727 122.5263 131.8235 204.3751 88.0607 165.0797 152.2769 25.7464 130.6010 208.8740 51.7428 162.7666 215.6575 38.3263 63.5361 172.1185 0.0000 108.3059 119.9007 92.0507 87.2628 130.8052 55.9630 196.6085 115.2343 73.8330 84.8027 134.1643 88.5630 83.4539 148.5692 68.9249 47.1930
83.7507 0.7721 34.6898 140.8118 55.0313 141.0404 127.5363 75.1503 49.1686 110.4614 56.2903 55.2333 53.3951 225.0361 26.9376 76.3017 172.4061 17.2024 92.7582 60.7218 120.6452 73.1063 1.3315 108.3059 0.0000 71.6002 106.3140 30.4453 60.8493 116.9576 60.6386 163.7824 225.4304 94.8566 121.5838 9.7840 101.1549 43.3449 139.8028 95.2270
107.9484 86.8737 82.4852 48.8277 97.2341 98.3482 163.7779 132.1781 154.5821 114.8259 99.3049 75.8985 135.2664 145.9204 189.5709 83.7991 189.2737 2.8986 97.8379 94.4508 151.2348 91.2055 24.0485 119.9007 71.6002 0.0000 165.5480 211.1950 97.5974 196.2589 157.6836 142.6634 204.0902 73.2028 4.0936 156.5445 93.3553 27.0661 100.9286 143.9750
68.0230 62.8283 113.0060 119.3730 156.3478 63.6020 188.6554 101.9868 161.3338 187.0168 69.4953 131.3851 40.1255 71.9295 96.0497 119.5181 102.4338 77.5372 110.1609 44.2422 146.6071 139.2932 168.1969 92.0507 106.3140 165.5480 0.0000 71.2002 124.5241 72.3906 61.0495 97.3579 146.0502 3.9214 93.1839 157.8318 110.0320 80.3050 226.2475 87.8317
131.2750 146.9166 81.2358 57.7368 91.8532 45.6933 35.4571 22.4457 98.6832 81.4162 121.8764 207.1120 23.5420 123.7624 131.5762 15.9288 206.0950 125.7951 131.3375 122.1012 133.9644 185.1242 131.4624 87.2628 30.4453 211.1950 71.2002 0.0000 178.1858 115.9520 146.6380 4.6521 148.9999 84.4836 198.6070 218.6995 114.5327 142.4226 156.5281 67.1057
17.1453 74.7965 32.8313 163.5361 82.8937 96.3526 39.0419 187.1582 83.8695 70.9359 106.4621 64.0317 177.0470 56.8228 143.5940 100.3672 74.0922 152.0887 148.7448 170.8988 121.7326 139.5227 55.1553 130.8052 60.8493 97.5974 124.5241 178.1858 0.0000 31.7064 73.9627 133.5769 93.1266 94.3806 57.1713 144.9876 191.8928 114.7551 39.7622 84.6890
124.7064 142.4384 53.4504 104.7805 23.1756 114.4272 191.8117 78.8300 251.5257 54.6893 40.0365 80.6925 241.3323 55.7481 119.8700 23.1108 255.8979 49.8838 60.1868 143.5649 23.4223 124.9627 152.3868 55.9630 116.9576 196.2589 72.3906 115.9520 31.7064 0.0000 156.4683 56.6934 44.5875 84.9873 169.7497 159.3571 89.0646 194.5642 104.1768 81.1285
109.0492 126.1308 42.5342 118.1487 39.2868 178.0156 168.2277 131.5417 90.0748 167.7393 157.5121 228.6002 70.5591 152.8326 60.7434 66.1252 105.2116 135.9091 117.2621 99.0039 44.7140 110.4802 69.6582 196.6085 60.6386 157.6836 61.0495 146.6380 73.9627 156.4683 0.0000 77.6668 158.7364 73.9556 113.6972 314.5478 130.2922 153.5233 43.9732 111.3858
108.7901 108.9852 190.2153 133.1673 52.4812 170.1967 75.3820 218.9196 143.8399 79.9628 63.3585 157.3541 174.5517 151.5241 116.7144 186.8305 60.1452 80.8919 153.3336 230.6989 63.9288 62.3040 82.9337 115.2343 163.7824 142.6634 97.3579 4.6521 133.5769 56.6934 77.6668 0.0000 48.0597 140.1881 144.5629 62.2761 179.5113 21.1711 184.8657 155.5254
33.8497 98.1990 38.4230 76.2347 202.6465 106.7145 123.1124 147.0831 79.0746 30.9970 90.1342 169.4295 111.9568 196.9030 127.9691 39.7312 92.5412 74.0082 96.4685 219.3560 63.4552 120.9447 96.2070 73.8330 225.4304 204.0902 146.0502 148.9999 93.1266 44.5875 158.7364 48.0597 0.0000 194.1218 119.5951 154.3325 147.3973 111.1208 153.5067 72.6974
116.1731 206.0993 80.2558 42.7518 131.6351 14.7457 103.9475 77.1232 44.0876 208.2395 111.5823 148.4111 34.2337 1.1567 127.7106 86.6456 77.4001 94.6435 119.6194 199.7979 172.9217 147.2926 143.6367 84.8027 94.8566 73.2028 3.9214 84.4836 94.3806 84.9873 73.9556 140.1881 194.1218 0.0000 168.3612 45.7169 86.9347 60.1051 167.4537 85.6777
87.6619 64.8371 62.7218 133.9205 120.1982 126.9544 105.1260 152.4033 128.7874 111.0396 181.3804 73.2287 70.8306 130.7049 3.9985 146.4111 120.1683 127.2359 70.8082 172.4513 17.8523 69.2426 102.4536 134.1643 121.5838 4.0936 93.1839 198.6070 57.1713 169.7497 113.6972 144.5629 119.5951 168.3612 0.0000 19.5989 162.0843 100.9913 174.5917 189.8500
148.5527 101.9996 27.8389 114.7852 174.6922 84.3638 148.8729 86.8589 72.9722 66.1995 114.0618 113.2725 30.9215 93.1123 138.0262 139.5664 170.0092 62.0558 196.9276 119.7612 65.4519 37.3857 81.8017 88.5630 9.7840 156.5445 157.8318 218.6995 144.9876 159.3571 314.5478 62.2761 154.3325 45.7169 19.5989 0.0000 21.6235 102.0695 144.4105 202.1963
56.3935 33.9856 98.5942 194.8978 128.4479 58.7338 11.8287 117.7069 14.5646 94.0109 21.7779 131.0992 141.3553 24.6144 41.0874 156.8227 104.0114 173.0577 168.2673 184.1660 82.3670 126.5993 131.2591 83.4539 101.1549 93.3553 110.0320 114.5327 191.8928 89.0646 130.2922 179.5113 147.3973 86.9347 162.0843 21.6235 0.0000 35.5343 108.3755 88.9100
102.6622 127.4899 121.4333 77.7831 197.9049 146.6296 80.9391 124.1148 163.7859 78.1203 110.8231 94.3864 150.0096 105.1389 128.5570 71.2491 99.9239 23.8349 120.2633 110.3877 208.8271 72.2775 182.1292 148.5692 43.3449 27.0661 80.3050 142.4226 114.7551 194.5642 153.5233 21.1711 111.1208 60.1051 100.9913 102.0695 35.5343 0.0000 104.7322 167.3791
82.4838 119.1805 72.8513 121.1170 84.8536 168.2104 109.6311 120.4623 93.4354 138.8307 118.5200 55.2642 127.4338 110.5403 139.6734 52.9640 151.8199 12.0960 36.6121 191.5178 85.9651 89.7444 45.0283 68.9249 139.8028 100.9286 226.2475 156.5281 39.7622 104.1768 43.9732 184.8657 153.5067 167.4537 174.5917 144.4105 108.3755 104.7322 0.0000 191.4904
45.8256 35.5542 164.5803 161.2305 47.6243 96.3244 183.0126 96.5762 161.2495 243.5832 109.9417 94.3161 50.5972 136.1061 123.6616 83.9574 148.8036 62.7769 164.8800 129.3828 22.0530 97.1967 10.7225 47.1930 95.2270 143.9750 87.8317 67.1057 84.6890 81.1285 111.3858 155.5254 72.6974 85.6777 189.8500 202.1963 88.9100 167.3791 191.4904 0.0000
