40
0.0000 215.6878 70.5173 231.7522 85.3642 57.0262 135.9573 59.4855 149.2585 62.9936 53.3843 94.9253 73.5857 76.4402 138.5724 149.8019 121.9271 149.8529 101.7732 103.2333 138.1422 64.9375 0.2864 152.3669 151.8382 147.3998 124.2140 42.4306 89.4973 85.8154 133.3421 18.1202 34.1379 51.2227 137.8116 29.5674 63.6503 149.6684 112.8379 38.4792
215.6878 0.0000 151.0435 83.0662 57.1873 58.3707 228.4244 50.5801 215.6641 153.6495 65.8600 50.9885 6.6543 150.7428 100.7969 90.4174 145.4329 13.8712 173.9268 27.4412 147.6242 242.0761 13.6319 173.0981 99.1551 181.8266 121.7003 61.0226 86.1277 28.0038 206.3929 197.3960 145.0695 124.0851 87.9241 135.1171 106.1163 39.2117 168.0292 48.5104
70.5173 151.0435 0.0000 59.8028 87.1996 33.6720 103.4327 78.5222 92.7292 206.1302 174.2221 66.5408 18.7547 64.1763 97.4870 136.8847 78.4713 126.0491 153.3894 182.8749 44.2301 211.5079 78.0423 162.3875 2.2211 180.5464 56.1225 96.1913 53.4574 125.5574 179.9731 69.1223 58.8197 73.0009 171.4976 38.7266 103.1087 114.9438 90.2201 80.1151
231.7522 83.0662 59.8028 0.0000 176.9973 126.3612 155.8858 172.1103 129.3975 81.8295 86.9946 90.2181 49.9677 118.9211 99.6168 90.8653 167.2178 126.0659 135.9149 35.5195 118.5676 44.1976 23.3054 61.2080 72.1262 86.4481 142.6216 73.3969 107.6560 183.3048 110.9454 106.6367 111.7328 152.6953 182.1630 122.8229 219.0105 27.2691 185.2656 102.4395
85.3642 57.1873 87.1996 176.9973 0.0000 169.8149 51.1293 120.5071 93.9291 79.2027 81.3712 144.8917 41.5234 189.1310 128.9687 139.5996 172.8959 26.1226 70.3931 93.6602 69.8644 223.5060 185.9030 85.5311 112.2109 74.9134 7.5898 91.6013 134.1408 148.7440 117.4442 134.1875 200.9727 124.3433 84.9698 74.8021 206.7561 155.3948 80.9885 56.8102
57.0262 58.3707 33.6720 126.3612 169.8149 0.0000 95.4700 94.6721 72.1173 28.0384 6.4584 207.7416 73.8468 132.9998 58.9008 46.3526 99.6033 84.8974 103.0249 226.6404 96.6720 77.0262 9.6984 140.0260 42.3603 118.0079 104.1177 116.4156 213.5468 77.0854 207.8533 114.9746 30.0882 77.5258 111.7242 160.5045 161.7445 145.1380 97.3856 200.7325
135.9573 228.4244 103.4327 155.8858 51.1293 95.4700 0.0000 71.2879 138.3695 129.0742 195.5545 97.5166 93.1709 74.2408 51.1427 91.4701 10.3416 103.2905 127.0059 179.0476 232.7164 97.6145 44.5687 74.1877 141.2475 103.9718 113.0114 56.7102 179.9783 150.0839 92.9396 158.2838 55.3084 22.7246 69.0922 12.6005 152.1547 132.2682 124.0574 146.1442
59.4855 50.5801 78.5222 172.1103 120.5071 94.6721 71.2879 0.0000 110.1530 160.1386 113.0300 71.2699 32.9687 89.3411 42.3829 178.0623 70.1040 60.0373 102.1875 159.4344 133.9339 54.3765 153.9546 60.4262 99.1499 161.7129 66.2613 42.1167 122.0260 96.4818 68.0997 34.6113 115.8011 115.4814 92.8728 154.5402 46.3760 101.0005 155.9551 94.4208
149.2585 215.6641 92.7292 129.3975 93.9291 72.1173 138.3695 110.1530 0.0000 199.0820 79.2637 113.5123 131.3636 18.9292 121.4440 122.7422 163.5720 27.1239 37.4406 44.0574 54.3152 137.3847 119.4877 139.6066 101.9465 177.2019 149.4285 92.3697 138.3889 111.8911 123.0239 167.3394 46.3784 10.3033 90.1124 109.5237 8.5592 118.5118 13.4840 251.6273
62.9936 153.6495 206.1302 81.8295 79.2027 28.0384 129.0742 160.1386 199.0820 0.0000 89.1131 168.0464 115.1623 172.1705 27.0297 70.5669 126.6387 51.9085 193.9651 129.7370 239.8978 43.6622 94.4044 125.6630 35.3384 54.1773 51.3050 83.8911 114.0413 141.6800 29.0102 133.9529 135.2975 46.7703 102.1963 141.9008 66.6058 21.3745 59.0869 116.8420
53.3843 65.8600 174.2221 86.9946 81.3712 6.4584 195.5545 113.0300 79.2637 89.1131 0.0000 5.8876 76.7662 152.3501 110.8415 238.8366 95.9141 24.1110 58.6713 29.9110 69.8485 99.1971 51.7399 150.8778 130.3127 115.9462 145.9601 73.0121 178.0161 28.2375 179.6798 206.2632 119.6120 114.4962 89.4718 54.4253 104.7979 121.5186 113.5194 92.8752
94.9253 50.9885 66.5408 90.2181 144.8917 207.7416 97.5166 71.2699 113.5123 168.0464 5.8876 0.0000 64.4933 179.1173 39.8012 130.0101 90.1234 19.0123 190.9795 65.1909 28.9931 95.6059 42.0742 66.2783 29.5422 176.0283 118.8660 50.8385 54.5484 129.0165 179.6308 158.0718 107.8296 197.7315 146.5146 90.0466 62.9658 196.4496 58.9828 170.8891
73.5857 6.6543 18.7547 49.9677 41.5234 73.8468 93.1709 32.9687 131.3636 115.1623 76.7662 64.4933 0.0000 134.8898 35.3465 118.3665 9.7479 104.1711 37.7401 110.2081 128.8282 209.2034 84.7667 144.5628 59.5082 144.4321 78.5795 110.9995 76.5574 35.3859 38.8862 87.5334 155.7901 109.3074 69.9333 106.6111 194.0160 189.8545 32.8138 97.7828
76.4402 150.7428 64.1763 118.9211 189.1310 132.9998 74.2408 89.3411 18.9292 172.1705 152.3501 179.1173 134.8898 0.0000 218.0784 108.3637 168.4623 2.9058 70.3779 107.4793 204.8862 101.7214 155.1521 95.3287 205.5165 56.5525 67.3860 85.1041 141.0353 138.4805 156.6265 32.1456 154.6514 139.8414 19.8594 36.9943 99.1140 91.6970 49.9214 72.6214
138.5724 100.7969 97.4870 99.6168 128.9687 58.9008 51.1427 42.3829 121.4440 27.0297 110.8415 39.8012 35.3465 218.0784 0.0000 65.6943 91.0092 182.9731 15.6249 23.1212 102.7129 190.8842 50.9448 95.7057 109.8345 97.9673 34.0048 179.7361 87.3652 118.5285 121.2594 36.7849 77.5654 152.1628 156.1541 74.8935 101.6364 33.9981 120.6188 186.9132
149.8019 90.4174 136.8847 90.8653 139.5996 46.3526 91.4701 178.0623 122.7422 70.5669 238.8366 130.0101 118.3665 108.3637 65.6943 0.0000 143.8217 158.8366 137.4737 5.2062 84.0144 138.9397 145.0607 139.1201 83.8851 116.4287 106.6859 28.9434 118.8563 165.5788 170.8840 104.7924 166.0456 72.7616 89.8751 23.3199 141.8125 63.7004 39.5799 131.2653
121.9271 145.4329 78.4713 167.2178 172.8959 99.6033 10.3416 70.1040 163.5720 126.6387 95.9141 90.1234 9.7479 168.4623 91.0092 143.8217 0.0000 125.0818 74.7998 93.3110 40.4773 38.0533 24.0514 121.6216 152.6302 57.7387 147.4482 72.3170 101.5644 197.6915 26.8174 58.0083 114.8034 43.3019 134.0190 222.9314 168.9493 10.1370 126.7954 112.1740
149.8529 13.8712 126.0491 126.0659 26.1226 84.8974 103.2905 60.0373 27.1239 51.9085 24.1110 19.0123 104.1711 2.9058 182.9731 158.8366 125.0818 0.0000 271.4365 185.2332 138.0002 143.7800 76.3330 82.0465 78.9393 144.5846 211.6281 51.9070 105.2157 76.9411 129.1377 153.6803 38.3278 71.4177 2.3076 75.3662 145.6531 83.4098 96.2029 92.1445
101.7732 173.9268 153.3894 135.9149 70.3931 103.0249 127.0059 102.1875 37.4406 193.9651 58.6713 190.9795 37.7401 70.3779 15.6249 137.4737 74.7998 271.4365 0.0000 95.2811 107.2141 161.3488 65.3376 53.6966 88.3144 75.2341 10.4747 115.4305 49.7148 42.7568 97.8439 105.4689 143.2039 90.8489 127.5598 54.4710 58.6874 132.6255 82.2176 46.5392
103.2333 27.4412 182.8749 35.5195 93.6602 226.6404 179.0476 159.4344 44.0574 129.7370 29.9110 65.1909 110.2081 107.4793 23.1212 5.2062 93.3110 185.2332 95.2811 0.0000 42.2613 174.0388 36.2401 8.2256 129.1150 49.0234 160.0580 128.5951 122.8715 123.2426 37.6553 138.6406 27.3327 160.1103 127.0810 138.1228 105.1074 15.5532 222.7022 91.6898
138.1422 147.6242 44.2301 118.5676 69.8644 96.6720 232.7164 133.9339 54.3152 239.8978 69.8485 28.9931 128.8282 204.8862 102.7129 84.0144 40.4773 138.0002 107.2141 42.2613 0.0000 60.0960 16.4526 186.8332 119.5472 92.2918 210.6195 195.1675 96.6419 18.2597 118.1353 88.3730 121.5571 129.2866 160.5937 83.2785 77.8233 132.7034 145.3415 191.7714
64.9375 242.0761 211.5079 44.1976 223.5060 77.0262 97.6145 54.3765 137.3847 43.6622 99.1971 95.6059 209.2034 101.7214 190.8842 138.9397 38.0533 143.7800 161.3488 174.0388 60.0960 0.0000 111.8980 147.9381 183.4820 24.4307 189.6218 102.8010 41.1816 32.8473 172.5542 100.4782 149.8461 77.1239 73.3730 114.1347 79.7489 6.3683 76.3864 141.0077
0.2864 13.6319 78.0423 23.3054 185.9030 9.6984 44.5687 153.9546 119.4877 94.4044 51.7399 42.0742 84.7667 155.1521 50.9448 145.0607 24.0514 76.3330 65.3376 36.2401 16.4526 111.8980 0.0000 74.0054 161.1897 67.1776 134.2838 79.0956 173.4264 220.4312 180.6191 75.1161 169.1208 85.6417 163.8372 57.2232 91.9101 150.3548 108.5234 213.6821
152.3669 173.0981 162.3875 61.2080 85.5311 140.0260 74.1877 60.4262 139.6066 125.6630 150.8778 66.2783 144.5628 95.3287 95.7057 139.1201 121.6216 82.0465 53.6966 8.2256 186.8332 147.9381 74.0054 0.0000 143.2903 76.2779 112.7631 79.8331 193.0776 66.5036 7.0582 100.6458 123.1346 78.5445 18.3217 172.4483 74.4752 72.3329 137.7135 230.6956
151.8382 99.1551 2.2211 72.1262 112.2109 42.3603 141.2475 99.1499 101.9465 35.3384 130.3127 29.5422 59.5082 205.5165 109.8345 83.8851 152.6302 78.9393 88.3144 129.1150 119.5472 183.4820 161.1897 143.2903 0.0000 76.3879 110.4281 103.5528 48.7922 118.7653 76.0753 119.7049 111.6780 90.6100 89.5120 14.4590 91.3226 5.4417 106.8311 29.5498
147.3998 181.8266 180.5464 86.4481 74.9134 118.0079 103.9718 161.7129 177.2019 54.1773 115.9462 176.0283 144.4321 56.5525 97.9673 116.4287 57.7387 144.5846 75.2341 49.0234 92.2918 24.4307 67.1776 76.2779 76.3879 0.0000 171.7843 81.6326 148.9252 54.7424 204.8328 44.2064 153.4886 157.2315 82.9322 15.4789 86.6762 39.5643 102.1196 85.5586
124.2140 121.7003 56.1225 142.6216 7.5898 104.1177 113.0114 66.2613 149.4285 51.3050 145.9601 118.8660 78.5795 67.3860 34.0048 106.6859 147.4482 211.6281 10.4747 160.0580 210.6195 189.6218 134.2838 112.7631 110.4281 171.7843 0.0000 84.6584 182.6937 110.7280 130.8577 68.9351 115.5542 184.1073 168.0401 90.4033 164.0091 153.9745 22.8944 48.9261
42.4306 61.0226 96.1913 73.3969 91.6013 116.4156 56.7102 42.1167 92.3697 83.8911 73.0121 50.8385 110.9995 85.1041 179.7361 28.9434 72.3170 51.9070 115.4305 128.5951 195.1675 102.8010 79.0956 79.8331 103.5528 81.6326 84.6584 0.0000 154.3507 140.5882 29.5117 98.9614 96.2178 114.8397 122.3084 66.9220 73.9538 111.5083 10.1980 113.8062
89.4973 86.1277 53.4574 107.6560 134.1408 213.5468 179.9783 122.0260 138.3889 114.0413 178.0161 54.5484 76.5574 141.0353 87.3652 118.8563 101.5644 105.2157 49.7148 122.8715 96.6419 41.1816 173.4264 193.0776 48.7922 148.9252 182.6937 154.3507 0.0000 41.4180 132.9820 217.8130 92.4763 199.0656 122.1969 38.6261 159.1728 96.8976 8.4793 80.1403
85.8154 28.0038 125.5574 183.3048 148.7440 77.0854 150.0839 96.4818 111.8911 141.6800 28.2375 129.0165 35.3859 138.4805 118.5285 165.5788 197.6915 76.9411 42.7568 123.2426 18.2597 32.8473 220.4312 66.5036 118.7653 54.7424 110.7280 140.5882 41.4180 0.0000 159.6442 105.1885 160.2487 103.3863 120.9685 67.3017 102.3244 170.7079 96.0788 110.6202
133.3421 206.3929 179.9731 110.9454 117.4442 207.8533 92.9396 68.0997 123.0239 29.0102 179.6798 179.6308 38.8862 156.6265 121.2594 170.8840 26.8174 129.1377 97.8439 37.6553 118.1353 172.5542 180.6191 7.0582 76.0753 204.8328 130.8577 29.5117 132.9820 159.6442 0.0000 118.1186 48.5168 133.9934 170.4256 94.2707 80.3368 109.2402 36.3784 260.5026
18.1202 197.3960 69.1223 106.6367 134.1875 114.9746 158.2838 34.6113 167.3394 133.9529 206.2632 158.0718 87.5334 32.1456 36.7849 104.7924 58.0083 153.6803 105.4689 138.6406 88.3730 100.4782 75.1161 100.6458 119.7049 44.2064 68.9351 98.9614 217.8130 105.1885 118.1186 0.0000 166.2604 109.3009 108.9150 57.2748 0.6411 84.1792 45.0412 244.7019
34.1379 145.0695 58.8197 111.7328 200.9727 30.0882 55.3084 115.8011 46.3784 135.2975 119.6120 107.8296 155.7901 154.6514 77.5654 166.0456 114.8034 38.3278 143.2039 27.3327 121.5571 149.8461 169.1208 123.1346 111.6780 153.4886 115.5542 96.2178 92.4763 160.2487 48.5168 166.2604 0.0000 87.6559 62.4044 87.1131 127.2241 72.2846 87.7228 52.6512
51.2227 124.0851 73.0009 152.6953 124.3433 77.5258 22.7246 115.4814 10.3033 46.7703 114.4962 197.7315 109.3074 139.8414 152.1628 72.7616 43.3019 71.4177 90.8489 160.1103 129.2866 77.1239 85.6417 78.5445 90.6100 157.2315 184.1073 114.8397 199.0656 103.3863 133.9934 109.3009 87.6559 0.0000 179.2777 101.8357 101.2473 170.9688 78.7465 89.1328
137.8116 87.9241 171.4976 182.1630 84.9698 111.7242 69.0922 92.8728 90.1124 102.1963 89.4718 146.5146 69.9333 19.8594 156.1541 89.8751 134.0190 2.3076 127.5598 127.0810 160.5937 73.3730 163.8372 18.3217 89.5120 82.9322 168.0401 122.3084 122.1969 120.9685 170.4256 108.9150 62.4044 179.2777 0.0000 44.9437 81.8197 198.3755 149.1855 48.8109
29.5674 135.1171 38.7266 122.8229 74.8021 160.5045 12.6005 154.5402 109.5237 141.9008 54.4253 90.0466 106.6111 36.9943 74.8935 23.3199 222.9314 75.3662 54.4710 138.1228 83.2785 114.1347 57.2232 172.4483 14.4590 15.4789 90.4033 66.9220 38.6261 67.3017 94.2707 57.2748 87.1131 101.8357 44.9437 0.0000 201.4400 48.6313 116.3679 102.3855
63.6503 106.1163 103.1087 219.0105 206.7561 161.7445 152.1547 46.3760 8.5592 66.6058 104.7979 62.9658 194.0160 99.1140 101.6364 141.8125 168.9493 145.6531 58.6874 105.1074 77.8233 79.7489 91.9101 74.4752 91.3226 86.6762 164.0091 73.9538 159.1728 102.3244 80.3368 0.6411 127.2241 101.2473 81.8197 201.4400 0.0000 94.7384 34.9072 132.9000
149.6684 39.2117 114.9438 27.2691 155.3948 145.1380 132.2682 101.0005 118.5118 21.3745 121.5186 196.4496 189.8545 91.6970 33.9981 63.7004 10.1370 83.4098 132.6255 15.5532 132.7034 6.3683 150.3548 72.3329 5.4417 39.5643 153.9745 111.5083 96.8976 170.7079 109.2402 84.1792 72.2846 170.9688 198.3755 48.6313 94.7384 0.0000 37.8511 68.0985
112.8379 168.0292 90.2201 185.2656 80.9885 97.3856 124.0574 155.9551 13.4840 59.0869 113.5194 58.9828 32.8138 49.9214 120.6188 39.5799 126.7954 96.2029 82.2176 222.7022 145.3415 76.3864 108.5234 137.7135 106.8311 102.1196 22.8944 10.1980 8.4793 96.0788 36.3784 45.0412 87.7228 78.7465 149.1855 116.3679 34.9072 37.8511 0.0000 155.2621
38.4792 48.5104 80.1151 102.4395 56.8102 200.7325 146.1442 94.4208 251.6273 116.8420 92.8752 170.8891 97.7828 72.6214 186.9132 131.2653 112.1740 92.1445 46.5392 91.6898 191.7714 141.0077 213.6821 230.6956 29.5498 85.5586 48.9261 113.8062 80.1403 110.6202 260.5026 244.7019 52.6512 89.1328 48.8109 102.3855 132.9000 68.0985 155.2621 0.0000
