40
0.0000 44.6603 100.4121 82.7251 79.4499 72.7783 60.7922 60.5122 136.5832 11.3571 71.2283 143.3259 97.9220 147.1589 19.9828 99.1899 15.0685 71.7805 31.8224 112.6365 84.7281 33.6450 30.4451 183.9645 77.4988 171.4481 67.1947 111.0051 124.5190 142.3644 159.8828 47.6850 111.1133 62.7255 8.5012 134.9416 141.4842 46.8979 138.1527 41.0483
44.6603 0.0000 171.9880 62.1254 121.3956 190.5475 49.0256 83.2349 89.3169 2.1958 118.9247 142.6627 5.7841 151.8106 134.1570 114.0217 155.9768 200.6166 62.7777 164.8812 132.6858 151.1663 105.7769 229.2708 68.0002 64.3053 140.9934 107.1220 6.8281 44.3766 138.8794 158.2014 126.2589 119.9893 0.6887 85.8265 234.8486 221.8444 88.4991 147.5099
100.4121 171.9880 0.0000 74.6112 141.0295 185.0257 127.1109 57.9242 52.4733 131.5559 163.8831 17.5018 87.5899 106.0320 89.9364 58.1804 38.2755 74.0536 124.8865 50.8606 103.8600 103.0284 117.1117 76.5049 13.1086 150.5623 175.0066 101.7619 80.6835 186.2036 138.3799 15.6801 289.4997 139.6537 22.8427 97.8652 110.2514 139.2230 60.6034 70.4192
82.7251 62.1254 74.6112 0.0000 72.6073 125.8092 24.2015 124.8398 168.2840 43.8874 150.2347 174.3828 92.7156 95.6649 43.1368 123.7646 35.3650 48.7692 52.0596 140.4741 106.3163 44.0430 8.0819 141.0935 176.9942 145.1740 156.4792 95.9029 237.9784 112.5975 115.1619 5.8674 69.0883 27.5193 172.3359 153.5563 102.1904 102.8399 140.7580 186.2696
79.4499 121.3956 141.0295 72.6073 0.0000 95.4177 55.3481 16.7315 73.6256 144.8450 130.6834 185.1570 77.9866 97.6090 58.8133 39.3065 96.8334 149.0397 105.6254 206.3252 136.1703 162.7922 179.8812 122.1338 27.9736 103.3733 75.1753 138.0800 132.7686 62.4176 127.6198 221.1054 38.1178 91.1752 165.9479 105.1237 107.8230 116.8641 90.7349 58.1120
72.7783 190.5475 185.0257 125.8092 95.4177 0.0000 11.7546 182.0687 210.1313 78.4705 17.7126 117.6797 53.7288 24.1088 87.9224 4.7674 90.3271 92.7805 34.3369 44.2824 46.9708 45.3981 81.9462 103.1041 150.9502 50.0846 123.2926 130.8250 39.1977 167.5403 65.1509 63.9331 179.1694 165.8119 0.4137 67.8139 79.3458 102.2648 28.6963 127.4681
60.7922 49.0256 127.1109 24.2015 55.3481 11.7546 0.0000 107.6456 92.2142 102.5722 22.1590 128.5928 44.6812 117.3511 19.3843 165.8536 99.7813 15.0689 157.7707 92.5113 28.6489 119.0257 95.3137 171.9543 166.8594 196.8696 50.0971 122.1975 69.9478 20.7695 131.3019 127.7213 149.0255 132.4775 64.5126 80.4423 47.1449 88.9391 163.7602 146.6317
60.5122 83.2349 57.9242 124.8398 16.7315 182.0687 107.6456 0.0000 34.4150 105.8829 56.1316 9.6618 70.0080 47.0884 153.8881 185.6593 62.2890 47.4066 16.1906 77.5049 189.1718 116.6266 226.9199 39.0977 106.0180 151.6125 173.8714 215.4743 120.3284 133.1646 69.4705 102.1378 40.8080 76.2572 80.5811 128.9543 8.0060 77.7325 54.0414 95.2635
136.5832 89.3169 52.4733 168.2840 73.6256 210.1313 92.2142 34.4150 0.0000 163.1105 6.0967 134.1646 91.0841 127.1228 171.4045 153.6700 219.2514 67.2918 66.1233 134.0201 97.8827 47.8039 232.9425 160.8427 13.4806 58.0587 50.6428 110.0783 77.6045 88.1551 136.9344 152.2215 91.9812 85.5797 114.2356 126.3244 175.0560 183.3749 151.9943 160.1015
11.3571 2.1958 131.5559 43.8874 144.8450 78.4705 102.5722 105.8829 163.1105 0.0000 120.0672 163.4950 31.6177 87.8112 172.1665 209.7260 102.9055 169.3083 93.8031 55.2612 70.5242 55.8838 73.8655 79.2179 171.0459 156.4799 91.1835 134.4681 0.3529 88.0323 58.0071 111.0280 131.4141 64.0419 65.1050 116.0120 197.0404 165.6966 87.2496 42.5225
71.2283 118.9247 163.8831 150.2347 130.6834 17.7126 22.1590 56.1316 6.0967 120.0672 0.0000 11.9188 164.2351 96.2924 184.2427 102.9528 45.6643 41.9708 118.7221 193.1190 83.0541 83.0824 148.1657 78.4752 148.8152 287.2086 77.6715 23.5209 92.5265 106.2184 178.9116 20.6583 143.1247 95.8597 78.5638 81.9372 55.1249 127.3021 145.2101 141.2229
143.3259 142.6627 17.5018 174.3828 185.1570 117.6797 128.5928 9.6618 134.1646 163.4950 11.9188 0.0000 50.0440 176.7002 83.0605 182.5742 133.6030 54.4519 135.7778 64.9120 240.3168 74.5656 137.6785 100.5619 97.8258 58.4205 270.1876 25.1452 120.3930 45.7858 55.4945 183.7804 82.9946 80.9618 173.9476 121.4182 101.6404 23.1223 35.8829 170.2172
97.9220 5.7841 87.5899 92.7156 77.9866 53.7288 44.6812 70.0080 91.0841 31.6177 164.2351 50.0440 0.0000 196.7315 79.0703 17.1523 66.0204 146.8710 222.4805 135.0120 136.0202 53.8322 46.8224 111.9479 144.1744 157.5554 101.7639 50.1708 73.4141 79.3572 75.1836 141.6007 149.3428 211.3142 73.3673 210.1741 76.5158 89.7253 143.5237 88.3056
147.1589 151.8106 106.0320 95.6649 97.6090 24.1088 117.3511 47.0884 127.1228 87.8112 96.2924 176.7002 196.7315 0.0000 40.7063 113.6050 43.0324 35.6726 167.7037 125.2061 217.8298 71.5368 133.4119 169.5445 56.1849 57.7857 116.5190 101.1989 98.7560 79.1677 121.2506 135.6298 69.4910 105.2007 171.4290 60.9907 103.4623 59.6445 62.6009 105.3096
19.9828 134.1570 89.9364 43.1368 58.8133 87.9224 19.3843 153.8881 171.4045 172.1665 184.2427 83.0605 79.0703 40.7063 0.0000 100.6872 275.7534 78.2315 93.0962 189.9697 121.8703 51.0134 122.2011 90.1585 118.6522 100.1851 120.0718 58.9026 201.9526 92.0355 86.2067 9.1809 120.2430 223.2768 132.0222 85.2122 51.6825 148.8101 105.0830 111.1780
99.1899 114.0217 58.1804 123.7646 39.3065 4.7674 165.8536 185.6593 153.6700 209.7260 102.9528 182.5742 17.1523 113.6050 100.6872 0.0000 101.6437 142.2355 141.1600 127.6769 202.1955 105.1809 11.2800 166.9543 28.8777 128.0610 121.9724 172.8654 123.5619 106.0646 128.2631 164.7520 17.1062 126.7781 7.8581 55.8705 112.6724 165.2714 182.3997 226.5215
15.0685 155.9768 38.2755 35.3650 96.8334 90.3271 99.7813 62.2890 219.2514 102.9055 45.6643 133.6030 66.0204 43.0324 275.7534 101.6437 0.0000 75.5363 200.1041 91.7629 42.2511 36.4463 149.1624 86.4591 5.6384 69.8026 76.4666 131.9958 70.6393 84.0719 91.3364 159.3881 129.9277 43.3769 73.2033 131.9400 132.4648 169.7278 168.9781 106.9667
71.7805 200.6166 74.0536 48.7692 149.0397 92.7805 15.0689 47.4066 67.2918 169.3083 41.9708 54.4519 146.8710 35.6726 78.2315 142.2355 75.5363 0.0000 11.6763 130.3924 52.1095 121.7179 33.3006 20.7779 285.5100 77.6000 128.6807 141.3995 39.4522 109.9637 105.7346 256.8928 146.6389 87.2131 114.9425 100.3592 50.1250 49.1454 121.4178 65.1779
31.8224 62.7777 124.8865 52.0596 105.6254 34.3369 157.7707 16.1906 66.1233 93.8031 118.7221 135.7778 222.4805 167.7037 93.0962 141.1600 200.1041 11.6763 0.0000 103.7990 75.2251 3.1343 68.9730 79.8534 58.3377 59.3346 75.8581 114.1274 52.6237 91.5896 97.2797 60.9568 33.2314 66.6818 54.7999 176.8240 54.7662 73.3999 83.1858 148.1480
112.6365 164.8812 50.8606 140.4741 206.3252 44.2824 92.5113 77.5049 134.0201 55.2612 193.1190 64.9120 135.0120 125.2061 189.9697 127.6769 91.7629 130.3924 103.7990 0.0000 204.5681 91.4573 101.2787 36.9960 105.3905 186.3859 48.2863 210.0719 11.1696 126.1285 35.8981 41.7609 211.3448 144.1344 132.7065 71.4775 135.3605 198.2395 131.7354 97.6118
84.7281 132.6858 103.8600 106.3163 136.1703 46.9708 28.6489 189.1718 97.8827 70.5242 83.0541 240.3168 136.0202 217.8298 121.8703 202.1955 42.2511 52.1095 75.2251 204.5681 0.0000 126.9698 156.5889 84.5134 156.8631 165.1051 138.6634 174.4341 67.6164 117.0089 44.5709 122.2751 104.2155 22.2653 19.6750 65.3532 159.1340 115.0928 110.6629 163.8554
33.6450 151.1663 103.0284 44.0430 162.7922 45.3981 119.0257 116.6266 47.8039 55.8838 83.0824 74.5656 53.8322 71.5368 51.0134 105.1809 36.4463 121.7179 3.1343 91.4573 126.9698 0.0000 155.3927 108.0872 188.3250 146.2635 89.0624 40.7550 259.0708 102.1631 104.0685 133.3997 25.5148 187.5928 110.8987 110.2297 112.7784 123.7652 4.1598 115.5520
30.4451 105.7769 117.1117 8.0819 179.8812 81.9462 95.3137 226.9199 232.9425 73.8655 148.1657 137.6785 46.8224 133.4119 122.2011 11.2800 149.1624 33.3006 68.9730 101.2787 156.5889 155.3927 0.0000 88.2098 110.9963 135.9205 74.8945 110.7839 248.3539 92.7681 89.4047 63.7033 127.9045 195.7835 177.7920 30.6161 75.3034 130.6243 175.2899 76.0053
183.9645 229.2708 76.5049 141.0935 122.1338 103.1041 171.9543 39.0977 160.8427 79.2179 78.4752 100.5619 111.9479 169.5445 90.1585 166.9543 86.4591 20.7779 79.8534 36.9960 84.5134 108.0872 88.2098 0.0000 200.4749 75.2354 139.5854 104.0593 120.3584 0.6826 47.3347 123.2171 133.4572 141.9235 150.1044 233.2704 14.8790 213.5505 23.8425 163.2472
77.4988 68.0002 13.1086 176.9942 27.9736 150.9502 166.8594 106.0180 13.4806 171.0459 148.8152 97.8258 144.1744 56.1849 118.6522 28.8777 5.6384 285.5100 58.3377 105.3905 156.8631 188.3250 110.9963 200.4749 0.0000 2.4391 111.3815 203.6429 76.3013 120.0128 133.2650 87.8466 10.7949 69.6104 211.6451 71.7514 22.0366 121.2221 66.0260 145.1660
171.4481 64.3053 150.5623 145.1740 103.3733 50.0846 196.8696 151.6125 58.0587 156.4799 287.2086 58.4205 157.5554 57.7857 100.1851 128.0610 69.8026 77.6000 59.3346 186.3859 165.1051 146.2635 135.9205 75.2354 2.4391 0.0000 30.7611 57.5372 101.1207 19.9257 147.3547 214.1865 11.7602 128.6955 114.9994 79.4527 70.1871 206.6123 138.1673 94.6824
67.1947 140.9934 175.0066 156.4792 75.1753 123.2926 50.0971 173.8714 50.6428 91.1835 77.6715 270.1876 101.7639 116.5190 120.0718 121.9724 76.4666 128.6807 75.8581 48.2863 138.6634 89.0624 74.8945 139.5854 111.3815 30.7611 0.0000 42.6054 88.3486 123.6815 102.8472 123.7799 153.8368 97.0081 150.7525 19.6053 67.0936 102.9967 67.5531 58.1223
111.0051 107.1220 101.7619 95.9029 138.0800 130.8250 122.1975 215.4743 110.0783 134.4681 23.5209 25.1452 50.1708 101.1989 58.9026 172.8654 131.9958 141.3995 114.1274 210.0719 174.4341 40.7550 110.7839 104.0593 203.6429 57.5372 42.6054 0.0000 85.4011 49.3835 74.7719 29.8441 148.6972 131.2738 104.4303 31.4811 126.3150 24.1491 135.2401 171.9844
124.5190 6.8281 80.6835 237.9784 132.7686 39.1977 69.9478 120.3284 77.6045 0.3529 92.5265 120.3930 73.4141 98.7560 201.9526 123.5619 70.6393 39.4522 52.6237 11.1696 67.6164 259.0708 248.3539 120.3584 76.3013 101.1207 88.3486 85.4011 0.0000 15.6072 151.8864 72.4467 133.0428 101.5872 160.5617 126.2958 203.2803 45.1500 98.9357 124.4258
142.3644 44.3766 186.2036 112.5975 62.4176 167.5403 20.7695 133.1646 88.1551 88.0323 106.2184 45.7858 79.3572 79.1677 92.0355 106.0646 84.0719 109.9637 91.5896 126.1285 117.0089 102.1631 92.7681 0.6826 120.0128 19.9257 123.6815 49.3835 15.6072 0.0000 102.1543 135.9926 81.3849 38.2653 89.4239 230.5078 113.8791 88.5836 167.9475 12.4774
159.8828 138.8794 138.3799 115.1619 127.6198 65.1509 131.3019 69.4705 136.9344 58.0071 178.9116 55.4945 75.1836 121.2506 86.2067 128.2631 91.3364 105.7346 97.2797 35.8981 44.5709 104.0685 89.4047 47.3347 133.2650 147.3547 102.8472 74.7719 151.8864 102.1543 0.0000 109.0649 243.4111 69.2948 97.3541 133.2636 218.8512 56.3461 83.7404 110.9548
47.6850 158.2014 15.6801 5.8674 221.1054 63.9331 127.7213 102.1378 152.2215 111.0280 20.6583 183.7804 141.6007 135.6298 9.1809 164.7520 159.3881 256.8928 60.9568 41.7609 122.2751 133.3997 63.7033 123.2171 87.8466 214.1865 123.7799 29.8441 72.4467 135.9926 109.0649 0.0000 102.7193 38.0351 18.0501 52.0240 104.6628 52.4497 77.1018 95.6313
111.1133 126.2589 289.4997 69.0883 38.1178 179.1694 149.0255 40.8080 91.9812 131.4141 143.1247 82.9946 149.3428 69.4910 120.2430 17.1062 129.9277 146.6389 33.2314 211.3448 104.2155 25.5148 127.9045 133.4572 10.7949 11.7602 153.8368 148.6972 133.0428 81.3849 243.4111 102.7193 0.0000 69.5450 85.5531 43.0849 150.7893 87.3801 80.8045 115.6664
62.7255 119.9893 139.6537 27.5193 91.1752 165.8119 132.4775 76.2572 85.5797 64.0419 95.8597 80.9618 211.3142 105.2007 223.2768 126.7781 43.3769 87.2131 66.6818 144.1344 22.2653 187.5928 195.7835 141.9235 69.6104 128.6955 97.0081 131.2738 101.5872 38.2653 69.2948 38.0351 69.5450 0.0000 144.4697 176.8216 43.0137 80.3767 210.1996 92.7217
8.5012 0.6887 22.8427 172.3359 165.9479 0.4137 64.5126 80.5811 114.2356 65.1050 78.5638 173.9476 73.3673 171.4290 132.0222 7.8581 73.2033 114.9425 54.7999 132.7065 19.6750 110.8987 177.7920 150.1044 211.6451 114.9994 150.7525 104.4303 160.5617 89.4239 97.3541 18.0501 85.5531 144.4697 0.0000 57.2697 139.2835 73.9745 205.2487 93.2616
134.9416 85.8265 97.8652 153.5563 105.1237 67.8139 80.4423 128.9543 126.3244 116.0120 81.9372 121.4182 210.1741 60.9907 85.2122 55.8705 131.9400 100.3592 176.8240 71.4775 65.3532 110.2297 30.6161 233.2704 71.7514 79.4527 19.6053 31.4811 126.2958 230.5078 133.2636 52.0240 43.0849 176.8216 57.2697 0.0000 151.9206 38.6581 97.5959 35.0031
141.4842 234.8486 110.2514 102.1904 107.8230 79.3458 47.1449 8.0060 175.0560 197.0404 55.1249 101.6404 76.5158 103.4623 51.6825 112.6724 132.4648 50.1250 54.7662 135.3605 159.1340 112.7784 75.3034 14.8790 22.0366 70.1871 67.0936 126.3150 203.2803 113.8791 218.8512 104.6628 150.7893 43.0137 139.2835 151.9206 0.0000 14.0169 129.0165 20.5354
46.8979 221.8444 139.2230 102.8399 116.8641 102.2648 88.9391 77.7325 183.3749 165.6966 127.3021 23.1223 89.7253 59.6445 148.8101 165.2714 169.7278 49.1454 73.3999 198.2395 115.0928 123.7652 130.6243 213.5505 121.2221 206.6123 102.9967 24.1491 45.1500 88.5836 56.3461 52.4497 87.3801 80.3767 73.9745 38.6581 14.0169 0.0000 56.8373 154.5845
138.1527 88.4991 60.6034 140.7580 90.7349 28.6963 163.7602 54.0414 151.9943 87.2496 145.2101 35.8829 143.5237 62.6009 105.0830 182.3997 168.9781 121.4178 83.1858 131.7354 110.6629 4.1598 175.2899 23.8425 66.0260 138.1673 67.5531 135.2401 98.9357 167.9475 83.7404 77.1018 80.8045 210.1996 205.2487 97.5959 129.0165 56.8373 0.0000 207.2081
41.0483 147.5099 70.4192 186.2696 58.1120 127.4681 146.6317 95.2635 160.1015 42.5225 141.2229 170.2172 88.3056 105.3096 111.1780 226.5215 106.9667 65.1779 148.1480 97.6118 163.8554 115.5520 76.0053 163.2472 145.1660 94.6824 58.1223 171.9844 124.4258 12.4774 110.9548 95.6313 115.6664 92.7217 93.2616 35.0031 20.5354 154.5845 207.2081 0.0000
