40
0.0000 29.5639 195.1632 196.1688 126.7494 121.1829 145.9626 132.1966 83.7747 148.3772 180.9036 144.7693 24.8691 176.4698 45.4059 72.0724 94.5762 136.5913 136.8187 85.7566 22.5229 16.8881 127.1086 160.6751 48.6622 205.8578 82.8488 187.4366 101.2007 87.5178 174.1451 109.7180 188.0229 60.6722 65.3574 122.1469 104.7857 33.2849 24.7668 28.8417
29.5639 0.0000 51.5675 61.2845 22.7527 149.1543 101.2449 199.6156 193.3538 24.3717 22.3431 110.0922 106.6929 224.9421 57.2991 59.5885 61.0550 66.9610 110.0455 79.7260 106.1720 133.6748 73.0869 17.8451 195.1253 124.5403 132.1049 77.1901 67.8024 84.2405 87.5454 52.3947 177.6844 127.1737 107.4899 105.6883 105.4675 107.7328 59.4964 63.2358
195.1632 51.5675 0.0000 173.1923 123.6801 96.3383 84.9468 69.3912 56.6157 117.6578 80.7990 96.0450 110.6636 32.4896 162.0027 90.3660 23.1630 175.7078 102.6837 148.7733 140.0881 147.0952 78.2967 93.6246 58.3401 107.0501 197.0071 33.0691 87.8444 249.4557 132.3713 172.7141 182.2698 60.7507 71.2349 249.9729 126.9252 79.6078 79.5985 90.9923
196.1688 61.2845 173.1923 0.0000 148.6197 61.8562 58.6002 157.1628 49.9654 57.7835 194.1157 91.6678 79.9169 74.1511 237.0138 112.8995 75.8392 93.6139 109.5556 113.3363 184.0682 120.0230 22.7282 211.4899 168.1483 14.8016 128.6264 78.5968 168.5508 38.9438 21.3026 40.1624 127.3858 110.5584 108.7674 67.1728 111.3718 139.2145 149.3387 145.6380
126.7494 22.7527 123.6801 148.6197 0.0000 72.3272 97.8711 7.9069 112.9255 62.2260 23.6903 113.1553 154.7671 65.2583 94.4687 96.1368 211.2276 37.4821 162.3578 194.8104 77.4185 139.6269 199.5899 97.7666 95.0731 105.5622 74.0418 179.9274 147.9966 51.6526 158.9128 123.4847 13.2942 134.6125 106.0445 92.1411 19.0440 156.5109 168.7553 137.7703
121.1829 149.1543 96.3383 61.8562 72.3272 0.0000 106.5062 229.1627 146.4254 211.6677 101.3409 63.4367 224.2974 0.8239 151.8620 98.8857 114.4792 109.1521 67.0006 178.1704 127.3203 134.7941 83.4815 55.5306 163.5561 199.2385 23.0170 21.7157 57.0659 116.9656 43.1251 171.5192 131.5180 79.1671 165.8550 154.7829 63.2327 59.2763 78.8864 83.2132
145.9626 101.2449 84.9468 58.6002 97.8711 106.5062 0.0000 94.9276 57.5088 61.8770 152.0200 79.0262 105.6827 93.7732 163.8951 126.0888 170.0651 113.0650 169.7027 23.6292 53.3914 143.0685 76.0972 163.7404 87.2076 35.1928 133.1958 189.8760 166.7403 160.9017 128.6905 173.5693 125.6622 7.4556 82.9380 47.2461 91.6402 93.3888 26.7253 39.8643
132.1966 199.6156 69.3912 157.1628 7.9069 229.1627 94.9276 0.0000 140.4847 98.0693 75.1787 122.9053 7.5125 127.3226 151.2618 41.5498 152.5108 133.5090 101.0830 59.0267 59.6653 124.0980 111.0928 178.5981 148.0509 59.3774 89.5885 89.3526 165.3184 53.5412 143.4757 23.2201 118.6673 43.8441 97.4914 123.7193 43.8540 107.4270 9.2548 56.1502
83.7747 193.3538 56.6157 49.9654 112.9255 146.4254 57.5088 140.4847 0.0000 17.4687 33.4651 47.3316 166.7244 110.6473 130.1715 102.1929 47.5611 55.2648 5.0550 54.7827 10.9737 162.1227 65.7113 92.8740 182.8998 259.5546 97.3508 143.0668 54.6428 132.6616 48.7336 141.1056 132.0866 107.6750 158.6032 79.0490 241.9823 89.1654 76.7843 37.7157
148.3772 24.3717 117.6578 57.7835 62.2260 211.6677 61.8770 98.0693 17.4687 0.0000 130.3347 177.2187 136.9159 141.1551 99.2794 108.3740 99.0743 125.7759 132.0411 215.5906 99.7829 92.4797 141.5290 133.6445 80.1963 66.7381 8.9928 160.3621 141.2979 212.1300 93.1765 167.1215 63.9064 52.3844 87.3979 7.7497 25.6197 173.4818 83.9225 164.3598
180.9036 22.3431 80.7990 194.1157 23.6903 101.3409 152.0200 75.1787 33.4651 130.3347 0.0000 229.5137 107.6275 106.3316 106.6145 104.7798 66.9206 87.5754 41.3007 236.0044 60.6144 159.4022 74.2541 136.5209 29.8889 154.7555 96.1293 10.8206 79.2269 97.3137 92.3407 73.4299 32.6192 171.1997 53.4110 151.3755 112.6153 14.8660 68.7046 188.2234
144.7693 110.0922 96.0450 91.6678 113.1553 63.4367 79.0262 122.9053 47.3316 177.2187 229.5137 0.0000 125.5434 164.9462 56.0085 117.7986 156.8950 44.8692 15.8283 101.3746 93.1778 102.0092 98.8629 37.9169 127.1207 43.3340 52.8559 118.9521 65.4488 114.2790 123.3566 125.0582 117.3822 77.7022 31.4310 71.4760 101.9868 135.2725 69.8070 47.9425
24.8691 106.6929 110.6636 79.9169 154.7671 224.2974 105.6827 7.5125 166.7244 136.9159 107.6275 125.5434 0.0000 23.9764 62.3782 60.8245 161.3864 42.2787 153.2091 139.0665 122.0050 102.0426 225.2515 23.0816 63.4489 117.1428 118.3328 72.5138 66.1703 3.6947 141.3791 200.1564 126.3296 63.7979 68.7661 146.9735 87.0471 124.1081 113.2950 87.8276
176.4698 224.9421 32.4896 74.1511 65.2583 0.8239 93.7732 127.3226 110.6473 141.1551 106.3316 164.9462 23.9764 0.0000 237.3935 108.1814 37.7966 135.4738 30.3813 101.6704 69.5326 55.5779 42.0800 190.8939 105.3132 76.9879 1.1878 70.1713 23.8376 98.5168 169.0864 156.4651 220.8456 192.8364 45.8459 26.9567 61.5810 123.3619 140.6396 149.5657
45.4059 57.2991 162.0027 237.0138 94.4687 151.8620 163.8951 151.2618 130.1715 99.2794 106.6145 56.0085 62.3782 237.3935 0.0000 155.5301 13.2582 172.4651 149.5417 124.2706 181.0467 42.7812 134.8198 124.6642 122.3997 69.6075 83.7042 66.1655 189.7071 126.8592 180.9865 273.3010 78.6180 146.9779 184.9796 201.8333 150.3971 71.0169 79.4555 11.7636
72.0724 59.5885 90.3660 112.8995 96.1368 98.8857 126.0888 41.5498 102.1929 108.3740 104.7798 117.7986 60.8245 108.1814 155.5301 0.0000 111.3056 18.6648 177.2159 19.8957 68.0875 147.1296 151.8679 24.9602 111.8494 26.5137 111.2564 86.1746 125.2746 120.1998 22.3598 85.3107 151.4166 112.3955 97.6195 200.2807 57.5923 154.2879 109.0267 101.9953
94.5762 61.0550 23.1630 75.8392 211.2276 114.4792 170.0651 152.5108 47.5611 99.0743 66.9206 156.8950 161.3864 37.7966 13.2582 111.3056 0.0000 102.9753 80.1695 169.8915 65.9113 87.8451 92.8908 218.5654 46.0429 84.2491 67.2877 97.4391 130.0084 172.3992 223.4185 112.9686 58.2807 101.4280 53.5229 167.7370 113.4697 67.1695 89.6110 102.3408
136.5913 66.9610 175.7078 93.6139 37.4821 109.1521 113.0650 133.5090 55.2648 125.7759 87.5754 44.8692 42.2787 135.4738 172.4651 18.6648 102.9753 0.0000 86.9508 69.9698 80.3243 92.5718 135.3800 128.7091 102.2291 37.8152 165.1524 242.3850 103.4384 150.3219 46.9390 127.8093 118.1419 81.2792 123.2335 106.6620 144.0520 216.9484 109.3780 146.5151
136.8187 110.0455 102.6837 109.5556 162.3578 67.0006 169.7027 101.0830 5.0550 132.0411 41.3007 15.8283 153.2091 30.3813 149.5417 177.2159 80.1695 86.9508 0.0000 125.2395 140.3662 39.6455 124.1024 102.2519 71.8944 83.5659 143.2025 123.1229 0.4352 84.4182 167.0460 107.7036 154.5922 32.6952 99.0766 171.0861 172.3509 82.1799 119.1549 80.0490
85.7566 79.7260 148.7733 113.3363 194.8104 178.1704 23.6292 59.0267 54.7827 215.5906 236.0044 101.3746 139.0665 101.6704 124.2706 19.8957 169.8915 69.9698 125.2395 0.0000 114.2360 58.2720 108.6744 72.0800 59.7485 99.7079 113.2134 96.3519 186.2957 11.1971 133.5336 144.5501 232.1723 145.7081 184.8287 107.9092 93.6514 60.2080 207.2042 58.0331
22.5229 106.1720 140.0881 184.0682 77.4185 127.3203 53.3914 59.6653 10.9737 99.7829 60.6144 93.1778 122.0050 69.5326 181.0467 68.0875 65.9113 80.3243 140.3662 114.2360 0.0000 51.7782 138.1656 129.9641 111.1161 50.7967 46.0611 162.8845 75.6158 22.9581 178.9327 63.5477 93.8594 136.4447 190.0670 84.8044 68.2763 164.0088 105.1565 205.3586
16.8881 133.6748 147.0952 120.0230 139.6269 134.7941 143.0685 124.0980 162.1227 92.4797 159.4022 102.0092 102.0426 55.5779 42.7812 147.1296 87.8451 92.5718 39.6455 58.2720 51.7782 0.0000 126.2550 134.1804 109.2481 153.0037 142.2552 27.1713 65.3980 100.2345 80.2875 36.4442 125.2784 155.6286 85.8089 94.4554 114.1313 77.7319 23.0148 148.8008
127.1086 73.0869 78.2967 22.7282 199.5899 83.4815 76.0972 111.0928 65.7113 141.5290 74.2541 98.8629 225.2515 42.0800 134.8198 151.8679 92.8908 135.3800 124.1024 108.6744 138.1656 126.2550 0.0000 50.3391 33.5282 37.7226 11.6160 88.7152 11.8335 140.2889 0.0790 57.3789 164.7712 132.1755 71.8594 64.8212 74.1297 78.3710 45.5740 90.9794
160.6751 17.8451 93.6246 211.4899 97.7666 55.5306 163.7404 178.5981 92.8740 133.6445 136.5209 37.9169 23.0816 190.8939 124.6642 24.9602 218.5654 128.7091 102.2519 72.0800 129.9641 134.1804 50.3391 0.0000 68.1076 126.1036 35.0748 217.1098 113.7542 257.4226 82.4816 89.7046 217.0486 31.4067 22.1741 138.1632 40.0125 63.9616 113.8050 1.5343
48.6622 195.1253 58.3401 168.1483 95.0731 163.5561 87.2076 148.0509 182.8998 80.1963 29.8889 127.1207 63.4489 105.3132 122.3997 111.8494 46.0429 102.2291 71.8944 59.7485 111.1161 109.2481 33.5282 68.1076 0.0000 75.4686 55.2578 209.7921 156.9644 80.5409 105.8917 14.8694 126.8422 102.1131 70.1134 103.6233 68.7402 141.2593 136.2182 137.6093
205.8578 124.5403 107.0501 14.8016 105.5622 199.2385 35.1928 59.3774 259.5546 66.7381 154.7555 43.3340 117.1428 76.9879 69.6075 26.5137 84.2491 37.8152 83.5659 99.7079 50.7967 153.0037 37.7226 126.1036 75.4686 0.0000 164.0959 159.4203 116.1814 38.2575 82.1069 74.7960 54.5760 126.1847 44.3928 148.9632 57.7996 87.3331 82.1151 58.8505
82.8488 132.1049 197.0071 128.6264 74.0418 23.0170 133.1958 89.5885 97.3508 8.9928 96.1293 52.8559 118.3328 1.1878 83.7042 111.2564 67.2877 165.1524 143.2025 113.2134 46.0611 142.2552 11.6160 35.0748 55.2578 164.0959 0.0000 86.4738 63.4776 70.7068 129.3698 51.7767 71.7446 125.2483 109.5735 28.2660 97.6844 151.5898 65.6460 111.0518
187.4366 77.1901 33.0691 78.5968 179.9274 21.7157 189.8760 89.3526 143.0668 160.3621 10.8206 118.9521 72.5138 70.1713 66.1655 86.1746 97.4391 242.3850 123.1229 96.3519 162.8845 27.1713 88.7152 217.1098 209.7921 159.4203 86.4738 0.0000 54.4615 169.7924 24.6365 0.6969 134.5679 136.2558 106.3776 137.9018 33.4858 163.8311 90.8090 73.7329
101.2007 67.8024 87.8444 168.5508 147.9966 57.0659 166.7403 165.3184 54.6428 141.2979 79.2269 65.4488 66.1703 23.8376 189.7071 125.2746 130.0084 103.4384 0.4352 186.2957 75.6158 65.3980 11.8335 113.7542 156.9644 116.1814 63.4776 54.4615 0.0000 73.6889 141.0848 267.0962 52.1607 91.4716 101.3490 174.9515 105.2620 116.2564 108.4017 139.7625
87.5178 84.2405 249.4557 38.9438 51.6526 116.9656 160.9017 53.5412 132.6616 212.1300 97.3137 114.2790 3.6947 98.5168 126.8592 120.1998 172.3992 150.3219 84.4182 11.1971 22.9581 100.2345 140.2889 257.4226 80.5409 38.2575 70.7068 169.7924 73.6889 0.0000 49.2118 135.3891 187.8511 71.6340 157.4377 90.4072 56.3139 183.6692 105.2427 198.5249
174.1451 87.5454 132.3713 21.3026 158.9128 43.1251 128.6905 143.4757 48.7336 93.1765 92.3407 123.3566 141.3791 169.0864 180.9865 22.3598 223.4185 46.9390 167.0460 133.5336 178.9327 80.2875 0.0790 82.4816 105.8917 82.1069 129.3698 24.6365 141.0848 49.2118 0.0000 133.9708 150.2570 96.3618 154.2631 117.4042 135.9606 49.9701 115.7269 156.5021
109.7180 52.3947 172.7141 40.1624 123.4847 171.5192 173.5693 23.2201 141.1056 167.1215 73.4299 125.0582 200.1564 156.4651 273.3010 85.3107 112.9686 127.8093 107.7036 144.5501 63.5477 36.4442 57.3789 89.7046 14.8694 74.7960 51.7767 0.6969 267.0962 135.3891 133.9708 0.0000 117.9362 121.3183 94.0721 95.0332 95.1653 86.6358 79.8240 132.2938
188.0229 177.6844 182.2698 127.3858 13.2942 131.5180 125.6622 118.6673 132.0866 63.9064 32.6192 117.3822 126.3296 220.8456 78.6180 151.4166 58.2807 118.1419 154.5922 232.1723 93.8594 125.2784 164.7712 217.0486 126.8422 54.5760 71.7446 134.5679 52.1607 187.8511 150.2570 117.9362 0.0000 133.3056 79.5409 108.3812 124.4588 177.6298 156.2602 86.9392
60.6722 127.1737 60.7507 110.5584 134.6125 79.1671 7.4556 43.8441 107.6750 52.3844 171.1997 77.7022 63.7979 192.8364 146.9779 112.3955 101.4280 81.2792 32.6952 145.7081 136.4447 155.6286 132.1755 31.4067 102.1131 126.1847 125.2483 136.2558 91.4716 71.6340 96.3618 121.3183 133.3056 0.0000 155.2544 250.6698 34.4605 11.1673 106.6936 68.1428
65.3574 107.4899 71.2349 108.7674 106.0445 165.8550 82.9380 97.4914 158.6032 87.3979 53.4110 31.4310 68.7661 45.8459 184.9796 97.6195 53.5229 123.2335 99.0766 184.8287 190.0670 85.8089 71.8594 22.1741 70.1134 44.3928 109.5735 106.3776 101.3490 157.4377 154.2631 94.0721 79.5409 155.2544 0.0000 124.8907 88.3933 66.3334 127.1000 213.5715
122.1469 105.6883 249.9729 67.1728 92.1411 154.7829 47.2461 123.7193 79.0490 7.7497 151.3755 71.4760 146.9735 26.9567 201.8333 200.2807 167.7370 106.6620 171.0861 107.9092 84.8044 94.4554 64.8212 138.1632 103.6233 148.9632 28.2660 137.9018 174.9515 90.4072 117.4042 95.0332 108.3812 250.6698 124.8907 0.0000 82.2469 36.5733 88.0732 152.4029
104.7857 105.4675 126.9252 111.3718 19.0440 63.2327 91.6402 43.8540 241.9823 25.6197 112.6153 101.9868 87.0471 61.5810 150.3971 57.5923 113.4697 144.0520 172.3509 93.6514 68.2763 114.1313 74.1297 40.0125 68.7402 57.7996 97.6844 33.4858 105.2620 56.3139 135.9606 95.1653 124.4588 34.4605 88.3933 82.2469 0.0000 138.1873 138.5808 169.4295
33.2849 107.7328 79.6078 139.2145 156.5109 59.2763 93.3888 107.4270 89.1654 173.4818 14.8660 135.2725 124.1081 123.3619 71.0169 154.2879 67.1695 216.9484 82.1799 60.2080 164.0088 77.7319 78.3710 63.9616 141.2593 87.3331 151.5898 163.8311 116.2564 183.6692 49.9701 86.6358 177.6298 11.1673 66.3334 36.5733 138.1873 0.0000 24.2996 53.4428
24.7668 59.4964 79.5985 149.3387 168.7553 78.8864 26.7253 9.2548 76.7843 83.9225 68.7046 69.8070 113.2950 140.6396 79.4555 109.0267 89.6110 109.3780 119.1549 207.2042 105.1565 23.0148 45.5740 113.8050 136.2182 82.1151 65.6460 90.8090 108.4017 105.2427 115.7269 79.8240 156.2602 106.6936 127.1000 88.0732 138.5808 24.2996 0.0000 58.9686
28.8417 63.2358 90.9923 145.6380 137.7703 83.2132 39.8643 56.1502 37.7157 164.3598 188.2234 47.9425 87.8276 149.5657 11.7636 101.9953 102.3408 146.5151 80.0490 58.0331 205.3586 148.8008 90.9794 1.5343 137.6093 58.8505 111.0518 73.7329 139.7625 198.5249 156.5021 132.2938 86.9392 68.1428 213.5715 152.4029 169.4295 53.4428 58.9686 0.0000
