40
0.0000 91.5654 97.4671 71.8425 86.8696 28.8098 93.3779 55.2938 43.4864 61.0928 8.4128 89.4598 39.0492 119.6803 135.9001 201.8856 226.7569 41.9718 19.0958 71.0297 156.7478 110.9392 36.5806 68.4678 211.8594 93.1653 181.5698 13.6335 207.4361 96.4700 71.9005 49.0373 90.2689 115.0915 121.5284 171.0315 53.8498 55.6895 185.8097 117.2062
91.5654 0.0000 139.3061 130.5087 99.7435 129.2013 169.6302 67.2191 68.5369 78.2508 127.9923 24.6447 116.2392 108.6317 124.2576 89.3970 56.4796 28.1713 124.6769 9.2273 119.3198 107.2405 8.5766 42.3900 115.7403 61.6014 127.8572 128.4567 118.9524 26.3368 151.3733 63.0910 92.5133 22.6042 122.6005 110.0990 92.2714 90.6012 163.6460 64.9083
97.4671 139.3061 0.0000 90.0278 243.8831 121.5523 106.2226 83.6535 29.6597 97.8567 64.1907 74.9794 183.8948 51.6195 109.1314 156.1781 177.9144 189.6936 180.6065 39.6700 88.3444 97.5500 53.2555 114.1635 26.2558 25.2057 157.6843 198.7000 112.4457 23.4867 137.2575 30.1735 52.6567 151.7964 149.6314 132.3127 114.1676 48.1363 130.8447 216.2416
71.8425 130.5087 90.0278 0.0000 117.9500 43.0427 88.7548 44.6629 103.0015 60.3470 58.9300 177.1510 40.5599 110.5420 91.2902 108.4513 148.6412 29.6126 72.8374 8.7204 91.1906 133.7636 89.9365 80.5149 62.9718 139.3181 129.3933 116.9546 107.0276 161.3303 162.0124 93.5425 103.3001 151.0025 109.3473 167.6242 146.6525 132.6875 123.7152 93.1904
86.8696 99.7435 243.8831 117.9500 0.0000 80.8667 22.9044 128.0424 124.2689 97.1664 144.4948 189.5715 61.9093 53.1102 110.3288 108.4158 126.1757 20.9766 126.8252 114.2860 40.0609 131.7283 172.9715 94.1127 169.6932 100.4538 65.5699 16.2415 138.5701 77.2514 99.7011 140.0390 97.0593 164.1505 36.3378 155.9744 62.9481 187.1527 210.8305 42.5101
28.8098 129.2013 121.5523 43.0427 80.8667 0.0000 54.1580 68.9741 1.3543 213.1268 88.4917 146.7884 77.1884 102.7740 166.3046 80.5469 19.6970 58.5023 66.9331 163.9177 200.9287 121.5762 195.2766 187.6302 114.9221 117.4762 75.5107 195.3332 94.3686 79.1432 54.5366 121.4495 147.0725 204.7954 76.3972 131.6472 15.8421 32.3395 121.0707 126.9073
93.3779 169.6302 106.2226 88.7548 22.9044 54.1580 0.0000 130.8189 48.1871 90.0821 134.0718 147.9744 147.3220 100.9313 91.1326 103.0187 43.7031 128.0913 310.0783 142.1123 34.2431 153.5257 143.0862 138.0967 89.3273 50.5033 89.1355 137.9642 164.1316 64.8033 114.2610 115.0841 52.3287 101.1793 85.8237 226.9308 56.2061 112.2974 132.1626 164.3846
55.2938 67.2191 83.6535 44.6629 128.0424 68.9741 130.8189 0.0000 121.3193 1.8501 104.6273 115.2249 103.2447 143.6626 152.0740 102.8247 48.4780 123.1961 73.8259 172.1178 90.3737 108.0863 152.4201 42.6715 56.7689 174.3303 123.8396 63.6014 44.6868 130.2512 193.2042 89.0934 90.8782 122.3770 53.6266 131.3380 42.9056 87.3195 166.7698 58.2517
43.4864 68.5369 29.6597 103.0015 124.2689 1.3543 48.1871 121.3193 0.0000 100.0670 210.5109 61.9803 109.0872 68.6604 113.5057 48.8763 170.2401 16.8701 45.7677 83.3750 132.9732 164.8421 8.8567 78.2083 88.4981 106.6847 116.5049 70.9131 176.4595 28.2002 121.7058 107.5471 176.9977 76.7160 238.2122 120.7171 29.2817 90.7725 189.2030 105.4223
61.0928 78.2508 97.8567 60.3470 97.1664 213.1268 90.0821 1.8501 100.0670 0.0000 120.3890 124.5593 26.4909 97.1402 129.1860 74.2290 120.3902 217.4425 221.3694 30.8986 156.7163 202.9983 10.4376 156.1558 186.5093 120.9846 110.8094 210.6269 20.9729 97.6290 120.1818 213.2178 78.6498 75.5199 196.5024 119.9259 90.0118 11.7372 94.2036 169.6267
8.4128 127.9923 64.1907 58.9300 144.4948 88.4917 134.0718 104.6273 210.5109 120.3890 0.0000 151.4422 228.1261 88.0462 59.0937 147.7584 162.0901 180.4190 72.8508 44.4432 18.4117 141.4974 141.7036 86.4228 65.8527 75.1638 229.7260 127.6926 93.5680 100.6703 52.5855 123.4147 95.6163 93.7340 120.0863 186.9820 99.6642 50.8151 68.5307 61.7315
89.4598 24.6447 74.9794 177.1510 189.5715 146.7884 147.9744 115.2249 61.9803 124.5593 151.4422 0.0000 83.1255 118.6727 27.8152 92.3129 124.3520 80.1615 155.7916 154.6818 152.8001 108.5203 105.7870 170.9770 52.9805 43.0481 190.4046 207.0531 128.6001 86.9186 22.9033 162.5040 97.3768 93.7050 83.0666 41.4959 116.2021 198.9514 7.5221 19.9447
39.0492 116.2392 183.8948 40.5599 61.9093 77.1884 147.3220 103.2447 109.0872 26.4909 228.1261 83.1255 0.0000 142.0957 146.4786 141.9842 46.0320 46.3601 33.2677 100.6399 41.9346 45.9054 137.9822 63.1645 36.0100 48.4924 54.0767 82.7482 104.3669 101.8812 87.3143 198.4211 129.7645 100.3180 105.7302 119.3261 173.9839 60.7596 162.8175 20.6784
119.6803 108.6317 51.6195 110.5420 53.1102 102.7740 100.9313 143.6626 68.6604 97.1402 88.0462 118.6727 142.0957 0.0000 53.6030 5.7535 55.5014 63.1402 157.3120 157.2254 58.7673 147.3837 68.1777 85.9368 139.1486 112.2921 143.1955 110.3708 170.3119 253.8860 9.3235 114.5458 146.0021 102.0144 89.4798 54.5478 89.4279 160.5989 111.9766 25.7038
135.9001 124.2576 109.1314 91.2902 110.3288 166.3046 91.1326 152.0740 113.5057 129.1860 59.0937 27.8152 146.4786 53.6030 0.0000 168.4284 147.5972 159.9332 150.5468 112.1353 34.3419 141.9191 183.3852 143.1305 79.1236 33.2822 111.3435 6.6365 75.9334 155.3192 60.7385 182.2502 87.2847 102.3594 97.0864 187.2925 139.0890 104.9808 57.6742 81.4025
201.8856 89.3970 156.1781 108.4513 108.4158 80.5469 103.0187 102.8247 48.8763 74.2290 147.7584 92.3129 141.9842 5.7535 168.4284 0.0000 193.8491 89.9348 86.4482 76.6048 78.1075 75.8969 194.8886 118.1960 59.0821 66.2617 185.2476 181.7092 42.5415 38.4835 106.2946 76.5169 89.3584 232.7254 23.7872 103.4027 101.3311 176.6062 172.4070 126.4948
226.7569 56.4796 177.9144 148.6412 126.1757 19.6970 43.7031 48.4780 170.2401 120.3902 162.0901 124.3520 46.0320 55.5014 147.5972 193.8491 0.0000 112.9235 51.5210 192.8364 118.5438 145.1926 91.6510 25.2022 111.0909 153.2895 130.8084 122.0595 76.4768 75.6836 6.8219 129.7527 30.4620 26.7548 195.5154 3.6740 70.7799 80.6382 35.7009 158.3011
41.9718 28.1713 189.6936 29.6126 20.9766 58.5023 128.0913 123.1961 16.8701 217.4425 180.4190 80.1615 46.3601 63.1402 159.9332 89.9348 112.9235 0.0000 55.7558 176.0238 83.5872 32.5449 150.7047 219.8889 229.7881 193.3978 45.6221 165.9509 179.1506 91.0730 110.9561 183.4962 9.4435 127.8106 152.2341 44.7673 11.8512 139.9392 65.2443 96.0766
19.0958 124.6769 180.6065 72.8374 126.8252 66.9331 310.0783 73.8259 45.7677 221.3694 72.8508 155.7916 33.2677 157.3120 150.5468 86.4482 51.5210 55.7558 0.0000 159.7968 135.4441 67.6877 50.4712 156.7886 151.2232 143.7230 79.9622 37.6403 120.2972 72.9232 118.2760 219.1547 42.1290 71.2409 111.3888 79.7973 130.0367 148.8858 71.9595 21.9263
71.0297 9.2273 39.6700 8.7204 114.2860 163.9177 142.1123 172.1178 83.3750 30.8986 44.4432 154.6818 100.6399 157.2254 112.1353 76.6048 192.8364 176.0238 159.7968 0.0000 122.9189 122.7629 169.3131 61.8393 106.5259 119.6031 158.5850 51.3396 86.4851 154.3374 133.3746 113.5488 173.8811 125.5631 88.8768 167.5766 67.9105 70.3581 40.6891 159.8995
156.7478 119.3198 88.3444 91.1906 40.0609 200.9287 34.2431 90.3737 132.9732 156.7163 18.4117 152.8001 41.9346 58.7673 34.3419 78.1075 118.5438 83.5872 135.4441 122.9189 0.0000 20.0499 106.6715 49.5275 59.9064 52.4011 132.5239 122.3402 124.8974 143.5020 104.0451 106.0232 108.1992 107.3556 38.7860 96.8074 108.0985 167.1283 51.5077 32.8608
110.9392 107.2405 97.5500 133.7636 131.7283 121.5762 153.5257 108.0863 164.8421 202.9983 141.4974 108.5203 45.9054 147.3837 141.9191 75.8969 145.1926 32.5449 67.6877 122.7629 20.0499 0.0000 67.0485 141.0124 55.0444 172.0086 151.8932 33.9776 120.5010 96.0134 189.3055 173.1850 102.4386 144.7175 34.6453 86.5335 136.3375 64.9281 92.3418 202.9157
36.5806 8.5766 53.2555 89.9365 172.9715 195.2766 143.0862 152.4201 8.8567 10.4376 141.7036 105.7870 137.9822 68.1777 183.3852 194.8886 91.6510 150.7047 50.4712 169.3131 106.6715 67.0485 0.0000 122.8327 120.7412 133.2728 156.1835 144.7348 159.5164 167.3387 95.3912 52.6173 190.6731 42.0365 119.9362 91.4783 164.6532 144.6529 115.5299 148.8885
68.4678 42.3900 114.1635 80.5149 94.1127 187.6302 138.0967 42.6715 78.2083 156.1558 86.4228 170.9770 63.1645 85.9368 143.1305 118.1960 25.2022 219.8889 156.7886 61.8393 49.5275 141.0124 122.8327 0.0000 16.7367 188.6452 105.1188 177.7972 1.9661 19.0728 102.7548 140.0507 114.9496 87.2705 144.1998 157.5089 25.6374 129.0622 94.6832 86.5544
211.8594 115.7403 26.2558 62.9718 169.6932 114.9221 89.3273 56.7689 88.4981 186.5093 65.8527 52.9805 36.0100 139.1486 79.1236 59.0821 111.0909 229.7881 151.2232 106.5259 59.9064 55.0444 120.7412 16.7367 0.0000 150.0475 183.4915 66.2263 106.6830 243.7926 107.5481 3.3689 94.6065 130.2239 108.4929 115.7955 7.3839 35.5536 156.2873 100.2711
93.1653 61.6014 25.2057 139.3181 100.4538 117.4762 50.5033 174.3303 106.6847 120.9846 75.1638 43.0481 48.4924 112.2921 33.2822 66.2617 153.2895 193.3978 143.7230 119.6031 52.4011 172.0086 133.2728 188.6452 150.0475 0.0000 131.1636 79.4552 148.6935 133.7353 56.3886 50.8602 67.7035 140.2683 142.7358 15.9899 77.3032 87.3481 49.9377 104.2876
181.5698 127.8572 157.6843 129.3933 65.5699 75.5107 89.1355 123.8396 116.5049 110.8094 229.7260 190.4046 54.0767 143.1955 111.3435 185.2476 130.8084 45.6221 79.9622 158.5850 132.5239 151.8932 156.1835 105.1188 183.4915 131.1636 0.0000 220.0844 79.6998 37.4578 179.2366 103.2795 130.7047 115.2891 153.8936 149.3320 37.6501 156.7847 136.5825 204.0532
13.6335 128.4567 198.7000 116.9546 16.2415 195.3332 137.9642 63.6014 70.9131 210.6269 127.6926 207.0531 82.7482 110.3708 6.6365 181.7092 122.0595 165.9509 37.6403 51.3396 122.3402 33.9776 144.7348 177.7972 66.2263 79.4552 220.0844 0.0000 94.1069 101.9642 82.4866 138.9815 144.6910 131.0728 154.3734 141.0578 143.2280 148.3961 65.4768 142.3184
207.4361 118.9524 112.4457 107.0276 138.5701 94.3686 164.1316 44.6868 176.4595 20.9729 93.5680 128.6001 104.3669 170.3119 75.9334 42.5415 76.4768 179.1506 120.2972 86.4851 124.8974 120.5010 159.5164 1.9661 106.6830 148.6935 79.6998 94.1069 0.0000 167.8147 152.5906 67.3341 27.8872 102.5328 45.5038 44.0744 115.4923 224.7435 191.5877 35.5907
96.4700 26.3368 23.4867 161.3303 77.2514 79.1432 64.8033 130.2512 28.2002 97.6290 100.6703 86.9186 101.8812 253.8860 155.3192 38.4835 75.6836 91.0730 72.9232 154.3374 143.5020 96.0134 167.3387 19.0728 243.7926 133.7353 37.4578 101.9642 167.8147 0.0000 36.4543 84.6208 208.1240 112.3840 220.7548 94.9744 168.3086 48.5948 103.7093 37.4710
71.9005 151.3733 137.2575 162.0124 99.7011 54.5366 114.2610 193.2042 121.7058 120.1818 52.5855 22.9033 87.3143 9.3235 60.7385 106.2946 6.8219 110.9561 118.2760 133.3746 104.0451 189.3055 95.3912 102.7548 107.5481 56.3886 179.2366 82.4866 152.5906 36.4543 0.0000 82.1900 104.4574 102.4759 146.8959 31.6009 158.1010 11.5156 131.5034 176.1301
49.0373 63.0910 30.1735 93.5425 140.0390 121.4495 115.0841 89.0934 107.5471 213.2178 123.4147 162.5040 198.4211 114.5458 182.2502 76.5169 129.7527 183.4962 219.1547 113.5488 106.0232 173.1850 52.6173 140.0507 3.3689 50.8602 103.2795 138.9815 67.3341 84.6208 82.1900 0.0000 87.6761 104.7309 61.0576 87.7235 83.9914 174.1787 130.1591 115.6827
90.2689 92.5133 52.6567 103.3001 97.0593 147.0725 52.3287 90.8782 176.9977 78.6498 95.6163 97.3768 129.7645 146.0021 87.2847 89.3584 30.4620 9.4435 42.1290 173.8811 108.1992 102.4386 190.6731 114.9496 94.6065 67.7035 130.7047 144.6910 27.8872 208.1240 104.4574 87.6761 0.0000 42.3794 136.7640 99.2979 160.5734 112.2041 71.8237 119.2641
115.0915 22.6042 151.7964 151.0025 164.1505 204.7954 101.1793 122.3770 76.7160 75.5199 93.7340 93.7050 100.3180 102.0144 102.3594 232.7254 26.7548 127.8106 71.2409 125.5631 107.3556 144.7175 42.0365 87.2705 130.2239 140.2683 115.2891 131.0728 102.5328 112.3840 102.4759 104.7309 42.3794 0.0000 138.6427 130.2928 177.8291 112.9766 175.4834 99.5611
121.5284 122.6005 149.6314 109.3473 36.3378 76.3972 85.8237 53.6266 238.2122 196.5024 120.0863 83.0666 105.7302 89.4798 97.0864 23.7872 195.5154 152.2341 111.3888 88.8768 38.7860 34.6453 119.9362 144.1998 108.4929 142.7358 153.8936 154.3734 45.5038 220.7548 146.8959 61.0576 136.7640 138.6427 0.0000 104.3133 129.3016 73.3698 128.1335 100.1837
171.0315 110.0990 132.3127 167.6242 155.9744 131.6472 226.9308 131.3380 120.7171 119.9259 186.9820 41.4959 119.3261 54.5478 187.2925 103.4027 3.6740 44.7673 79.7973 167.5766 96.8074 86.5335 91.4783 157.5089 115.7955 15.9899 149.3320 141.0578 44.0744 94.9744 31.6009 87.7235 99.2979 130.2928 104.3133 0.0000 119.0501 98.7847 126.7558 112.6297
53.8498 92.2714 114.1676 146.6525 62.9481 15.8421 56.2061 42.9056 29.2817 90.0118 99.6642 116.2021 173.9839 89.4279 139.0890 101.3311 70.7799 11.8512 130.0367 67.9105 108.0985 136.3375 164.6532 25.6374 7.3839 77.3032 37.6501 143.2280 115.4923 168.3086 158.1010 83.9914 160.5734 177.8291 129.3016 119.0501 0.0000 169.1420 75.4910 118.5018
55.6895 90.6012 48.1363 132.6875 187.1527 32.3395 112.2974 87.3195 90.7725 11.7372 50.8151 198.9514 60.7596 160.5989 104.9808 176.6062 80.6382 139.9392 148.8858 70.3581 167.1283 64.9281 144.6529 129.0622 35.5536 87.3481 156.7847 148.3961 224.7435 48.5948 11.5156 174.1787 112.2041 112.9766 73.3698 98.7847 169.1420 0.0000 73.5197 46.7212
185.8097 163.6460 130.8447 123.7152 210.8305 121.0707 132.1626 166.7698 189.2030 94.2036 68.5307 7.5221 162.8175 111.9766 57.6742 172.4070 35.7009 65.2443 71.9595 40.6891 51.5077 92.3418 115.5299 94.6832 156.2873 49.9377 136.5825 65.4768 191.5877 103.7093 131.5034 130.1591 71.8237 175.4834 128.1335 126.7558 75.4910 73.5197 0.0000 98.8986
117.2062 64.9083 216.2416 93.1904 42.5101 126.9073 164.3846 58.2517 105.4223 169.6267 61.7315 19.9447 20.6784 25.7038 81.4025 126.4948 158.3011 96.0766 21.9263 159.8995 32.8608 202.9157 148.8885 86.5544 100.2711 104.2876 204.0532 142.3184 35.5907 37.4710 176.1301 115.6827 119.2641 99.5611 100.1837 112.6297 118.5018 46.7212 98.8986 0.0000
