40
0.0000 147.3953 185.4782 149.9937 20.8906 25.8988 116.0689 65.4168 188.0617 185.4798 21.5891 82.8415 66.7049 105.7089 151.1632 209.5252 67.7665 121.3861 52.5290 203.1082 106.1422 187.3234 229.8005 91.7942 42.4828 53.7527 57.8123 171.6744 52.4273 107.8779 216.3452 69.5582 53.1908 59.0568 137.4812 165.8039 107.3092 167.0569 86.4899 39.1173
147.3953 0.0000 108.5413 78.1636 171.4186 67.1690 98.6027 88.9152 86.4328 107.7078 113.0636 180.2788 71.9116 133.3753 156.5158 56.9560 28.1337 96.9413 81.2390 115.4082 98.2003 74.5127 164.8587 178.3771 59.9928 36.9952 8.1578 140.4772 105.7213 83.6895 190.7828 113.2816 35.5138 97.5342 114.6957 29.4457 78.4378 80.8658 95.6191 53.0491
185.4782 108.5413 0.0000 45.9627 98.7428 23.8004 45.3001 18.5406 164.6206 104.9964 15.9552 51.7122 51.7118 72.3270 142.5998 85.4938 121.8260 79.9859 103.0350 216.5705 357.1772 156.6258 39.0973 86.2331 101.9089 42.1993 89.4770 218.9611 94.8771 148.7673 161.6026 47.4974 49.5992 99.1872 169.2873 123.5396 75.1685 179.6695 15.6706 232.4148
149.9937 78.1636 45.9627 0.0000 48.8071 138.9551 77.2841 31.3139 157.1996 49.7587 45.0833 156.6504 145.4840 87.0044 145.3294 167.9694 124.1887 117.3328 170.2988 129.1315 143.6504 37.1098 33.4126 140.3791 66.3521 45.9122 104.1651 135.7584 81.7392 109.8627 78.5536 86.8170 69.8553 24.4935 95.3575 197.4305 120.1124 122.5834 41.1334 132.5500
20.8906 171.4186 98.7428 48.8071 0.0000 112.4990 125.5291 88.9629 153.4963 109.1036 197.2102 8.4611 68.7874 54.0738 170.3134 165.3606 142.9358 152.6479 121.4362 158.0413 105.8384 124.6065 1.6871 23.9043 166.2202 70.5233 66.3431 91.8212 164.0944 65.0918 188.6891 111.3196 107.0606 84.5273 206.9743 98.3905 112.6899 94.0410 27.7752 71.5481
25.8988 67.1690 23.8004 138.9551 112.4990 0.0000 78.4597 150.9991 141.8811 156.2258 52.4426 120.9829 141.8266 91.6063 31.6608 146.6312 59.2297 54.0806 27.2420 110.3546 98.9409 88.1152 120.3532 85.0031 138.6542 118.5299 138.3425 62.2838 103.7360 10.9229 111.1410 92.8786 96.5911 199.9294 140.9429 79.6461 129.0385 120.8122 113.2083 177.9283
116.0689 98.6027 45.3001 77.2841 125.5291 78.4597 0.0000 27.1509 53.0721 112.1174 94.1522 35.5030 145.9605 126.2341 123.0819 122.6660 97.7347 13.0896 197.0965 134.0710 147.9503 92.7633 67.7858 55.8626 103.8745 122.6068 182.6763 130.2727 3.3131 37.9941 115.3451 20.6760 139.8656 96.0545 111.1201 135.3175 190.6338 85.8856 128.8571 177.3525
65.4168 88.9152 18.5406 31.3139 88.9629 150.9991 27.1509 0.0000 85.4286 123.2199 134.3912 58.4087 75.0864 49.1891 15.3663 114.7701 149.6064 81.2604 129.4427 149.1733 122.8158 70.4345 152.6892 138.2851 24.9403 122.0462 32.2969 20.5907 91.1161 23.0077 151.1215 50.5184 49.2871 149.1452 129.8566 133.4208 34.9182 249.8649 77.1061 167.6293
188.0617 86.4328 164.6206 157.1996 153.4963 141.8811 53.0721 85.4286 0.0000 47.6896 71.2429 73.7237 190.3911 80.9750 159.8195 54.5018 163.8210 182.0240 146.8892 90.9410 172.4679 188.2682 70.0951 26.3230 62.1554 62.0959 172.6408 165.6301 197.3225 50.9933 17.7641 119.0440 184.1564 108.2714 134.9069 169.7315 21.1191 10.2463 100.2818 164.3534
185.4798 107.7078 104.9964 49.7587 109.1036 156.2258 112.1174 123.2199 47.6896 0.0000 165.6588 11.2546 66.1174 61.7508 213.0204 77.2863 68.0158 37.2866 133.6355 118.3357 110.4209 54.5610 104.5297 223.8192 170.2006 143.5936 83.4606 177.4140 15.2467 108.7782 93.6787 4.0609 47.3021 110.3911 155.8690 102.0079 183.9846 159.0563 144.1772 130.4522
21.5891 113.0636 15.9552 45.0833 197.2102 52.4426 94.1522 134.3912 71.2429 165.6588 0.0000 192.1615 46.4362 71.2324 147.5914 36.9101 28.1074 80.1712 132.9189 65.4024 113.8778 112.2754 169.9570 142.8739 95.1752 65.9489 152.7958 88.1695 135.1847 55.5590 185.6425 49.3838 72.4610 10.3172 98.6571 72.9080 64.6130 103.7449 113.1430 118.7426
82.8415 180.2788 51.7122 156.6504 8.4611 120.9829 35.5030 58.4087 73.7237 11.2546 192.1615 0.0000 202.2459 56.6460 84.7339 156.4644 77.7898 72.5150 94.4262 62.0822 153.0880 142.2228 72.0548 202.9261 132.2545 140.6948 61.2925 170.3979 121.5236 85.4039 69.5851 160.1323 135.4613 137.9329 235.8801 231.0700 68.0233 105.1025 37.7407 89.2755
66.7049 71.9116 51.7118 145.4840 68.7874 141.8266 145.9605 75.0864 190.3911 66.1174 46.4362 202.2459 0.0000 86.0857 142.8849 85.9132 122.0212 144.0359 108.2961 103.7766 80.8458 143.3252 8.1649 107.0770 177.6591 175.3123 104.7347 31.1523 113.8579 34.7032 115.6798 36.9131 56.7463 188.9419 110.5684 83.9060 221.5797 134.1202 117.7965 79.4468
105.7089 133.3753 72.3270 87.0044 54.0738 91.6063 126.2341 49.1891 80.9750 61.7508 71.2324 56.6460 86.0857 0.0000 37.7720 160.8414 44.4264 232.6421 76.2924 137.1473 108.7772 95.7248 34.1071 155.5685 16.1315 90.1904 91.3486 27.1597 70.8937 21.9388 54.6042 123.3508 48.7439 204.6548 155.6002 111.1628 49.3915 41.3060 77.1957 160.2393
151.1632 156.5158 142.5998 145.3294 170.3134 31.6608 123.0819 15.3663 159.8195 213.0204 147.5914 84.7339 142.8849 37.7720 0.0000 117.1147 110.8247 6.4926 215.8291 54.4117 80.0315 61.0235 133.5091 93.4206 18.0729 58.7418 80.6058 101.6112 94.8647 128.3305 172.6714 118.1373 77.9499 152.7746 148.6181 135.9368 66.8175 150.2126 44.8983 11.7314
209.5252 56.9560 85.4938 167.9694 165.3606 146.6312 122.6660 114.7701 54.5018 77.2863 36.9101 156.4644 85.9132 160.8414 117.1147 0.0000 110.6954 149.9852 11.4071 198.3445 20.8729 108.2995 28.1231 92.7745 177.6050 70.6198 249.2599 167.8858 88.9182 127.0292 50.1162 49.3873 117.2667 30.2606 52.8618 63.0041 29.8406 173.6372 125.1972 24.9396
67.7665 28.1337 121.8260 124.1887 142.9358 59.2297 97.7347 149.6064 163.8210 68.0158 28.1074 77.7898 122.0212 44.4264 110.8247 110.6954 0.0000 114.0248 196.4364 158.5136 107.6952 91.9041 58.3899 165.4658 39.1979 96.0125 158.0199 110.2720 55.0811 179.8783 96.5723 112.7974 101.5137 87.9005 72.8463 157.8603 69.6553 202.6586 94.1521 180.6498
121.3861 96.9413 79.9859 117.3328 152.6479 54.0806 13.0896 81.2604 182.0240 37.2866 80.1712 72.5150 144.0359 232.6421 6.4926 149.9852 114.0248 0.0000 116.4904 131.8286 123.6513 111.9302 140.0812 3.5636 104.5362 160.2637 25.7819 8.1908 36.4012 66.4130 119.7745 231.9668 94.5407 158.7850 104.3068 201.7223 61.4372 129.4292 4.6174 124.2110
52.5290 81.2390 103.0350 170.2988 121.4362 27.2420 197.0965 129.4427 146.8892 133.6355 132.9189 94.4262 108.2961 76.2924 215.8291 11.4071 196.4364 116.4904 0.0000 151.4234 10.4003 68.1675 166.6286 194.0437 99.9469 91.6925 32.1256 148.0586 100.7998 122.1561 110.3608 59.9833 84.9092 109.2938 40.6944 82.7797 144.6771 148.9313 142.6524 111.5761
203.1082 115.4082 216.5705 129.1315 158.0413 110.3546 134.0710 149.1733 90.9410 118.3357 65.4024 62.0822 103.7766 137.1473 54.4117 198.3445 158.5136 131.8286 151.4234 0.0000 97.1289 85.1313 16.6962 172.0352 187.0482 16.3038 59.1438 89.6511 46.1551 50.5832 201.7225 134.1058 202.5265 8.9293 130.4865 29.1491 156.9492 76.4638 120.0795 127.7516
106.1422 98.2003 357.1772 143.6504 105.8384 98.9409 147.9503 122.8158 172.4679 110.4209 113.8778 153.0880 80.8458 108.7772 80.0315 20.8729 107.6952 123.6513 10.4003 97.1289 0.0000 95.2074 218.9510 172.4789 166.4475 126.6384 181.5179 151.2697 78.6611 47.0057 85.3054 117.8231 96.1217 175.1411 180.9479 71.3414 163.7574 11.7385 121.7217 138.8171
187.3234 74.5127 156.6258 37.1098 124.6065 88.1152 92.7633 70.4345 188.2682 54.5610 112.2754 142.2228 143.3252 95.7248 61.0235 108.2995 91.9041 111.9302 68.1675 85.1313 95.2074 0.0000 142.5801 104.7143 131.8159 106.7216 251.2185 225.2000 50.0801 91.1948 70.5305 101.8844 43.3556 137.0175 159.2229 183.4774 72.6277 88.5495 109.4699 195.8830
229.8005 164.8587 39.0973 33.4126 1.6871 120.3532 67.7858 152.6892 70.0951 104.5297 169.9570 72.0548 8.1649 34.1071 133.5091 28.1231 58.3899 140.0812 166.6286 16.6962 218.9510 142.5801 0.0000 49.6451 82.6215 168.6873 24.2674 54.9476 95.6523 173.9986 145.2542 62.6505 65.7407 133.6834 142.1944 160.9960 85.7910 116.5913 53.3292 60.8450
91.7942 178.3771 86.2331 140.3791 23.9043 85.0031 55.8626 138.2851 26.3230 223.8192 142.8739 202.9261 107.0770 155.5685 93.4206 92.7745 165.4658 3.5636 194.0437 172.0352 172.4789 104.7143 49.6451 0.0000 92.9693 145.8073 150.0325 137.1256 19.7890 127.7839 78.0432 86.0212 134.3285 66.8194 250.6541 25.2281 204.4977 214.9744 67.4101 151.5761
42.4828 59.9928 101.9089 66.3521 166.2202 138.6542 103.8745 24.9403 62.1554 170.2006 95.1752 132.2545 177.6591 16.1315 18.0729 177.6050 39.1979 104.5362 99.9469 187.0482 166.4475 131.8159 82.6215 92.9693 0.0000 146.2854 110.0436 105.6000 143.4186 132.0218 70.3003 62.6384 188.0880 154.5342 117.4395 207.0547 127.8701 85.2735 220.5373 159.6090
53.7527 36.9952 42.1993 45.9122 70.5233 118.5299 122.6068 122.0462 62.0959 143.5936 65.9489 140.6948 175.3123 90.1904 58.7418 70.6198 96.0125 160.2637 91.6925 16.3038 126.6384 106.7216 168.6873 145.8073 146.2854 0.0000 90.1477 129.5722 164.7294 69.3798 144.4388 84.9304 29.1187 75.4938 190.0386 103.1509 83.0810 76.0514 108.4145 144.5450
57.8123 8.1578 89.4770 104.1651 66.3431 138.3425 182.6763 32.2969 172.6408 83.4606 152.7958 61.2925 104.7347 91.3486 80.6058 249.2599 158.0199 25.7819 32.1256 59.1438 181.5179 251.2185 24.2674 150.0325 110.0436 90.1477 0.0000 40.6423 62.7523 83.9220 36.4519 172.7839 121.2758 32.6089 62.7919 109.5247 82.8893 151.7181 119.7256 140.4038
171.6744 140.4772 218.9611 135.7584 91.8212 62.2838 130.2727 20.5907 165.6301 177.4140 88.1695 170.3979 31.1523 27.1597 101.6112 167.8858 110.2720 8.1908 148.0586 89.6511 151.2697 225.2000 54.9476 137.1256 105.6000 129.5722 40.6423 0.0000 49.5940 78.3436 153.6066 142.8556 123.8395 110.0845 182.1756 139.2139 19.6466 19.4911 56.3010 122.9278
52.4273 105.7213 94.8771 81.7392 164.0944 103.7360 3.3131 91.1161 197.3225 15.2467 135.1847 121.5236 113.8579 70.8937 94.8647 88.9182 55.0811 36.4012 100.7998 46.1551 78.6611 50.0801 95.6523 19.7890 143.4186 164.7294 62.7523 49.5940 0.0000 107.7475 150.1258 82.7578 48.5729 100.3982 23.6126 121.9988 148.8908 190.1538 11.3652 162.7935
107.8779 83.6895 148.7673 109.8627 65.0918 10.9229 37.9941 23.0077 50.9933 108.7782 55.5590 85.4039 34.7032 21.9388 128.3305 127.0292 179.8783 66.4130 122.1561 50.5832 47.0057 91.1948 173.9986 127.7839 132.0218 69.3798 83.9220 78.3436 107.7475 0.0000 97.5652 124.3473 115.4730 9.2155 69.5005 81.7039 114.4549 206.3463 25.2210 142.6546
216.3452 190.7828 161.6026 78.5536 188.6891 111.1410 115.3451 151.1215 17.7641 93.6787 185.6425 69.5851 115.6798 54.6042 172.6714 50.1162 96.5723 119.7745 110.3608 201.7225 85.3054 70.5305 145.2542 78.0432 70.3003 144.4388 36.4519 153.6066 150.1258 97.5652 0.0000 157.0230 71.7261 102.4125 40.4893 122.2945 85.8195 154.3500 88.7538 78.9362
69.5582 113.2816 47.4974 86.8170 111.3196 92.8786 20.6760 50.5184 119.0440 4.0609 49.3838 160.1323 36.9131 123.3508 118.1373 49.3873 112.7974 231.9668 59.9833 134.1058 117.8231 101.8844 62.6505 86.0212 62.6384 84.9304 172.7839 142.8556 82.7578 124.3473 157.0230 0.0000 140.6488 98.6919 72.4713 260.5741 149.5167 257.1294 124.6056 109.1150
53.1908 35.5138 49.5992 69.8553 107.0606 96.5911 139.8656 49.2871 184.1564 47.3021 72.4610 135.4613 56.7463 48.7439 77.9499 117.2667 101.5137 94.5407 84.9092 202.5265 96.1217 43.3556 65.7407 134.3285 188.0880 29.1187 121.2758 123.8395 48.5729 115.4730 71.7261 140.6488 0.0000 43.3551 63.9478 106.4177 186.0063 113.4835 75.5265 132.7472
59.0568 97.5342 99.1872 24.4935 84.5273 199.9294 96.0545 149.1452 108.2714 110.3911 10.3172 137.9329 188.9419 204.6548 152.7746 30.2606 87.9005 158.7850 109.2938 8.9293 175.1411 137.0175 133.6834 66.8194 154.5342 75.4938 32.6089 110.0845 100.3982 9.2155 102.4125 98.6919 43.3551 0.0000 119.1991 117.0838 155.3610 206.6826 131.3047 102.7624
137.4812 114.6957 169.2873 95.3575 206.9743 140.9429 111.1201 129.8566 134.9069 155.8690 98.6571 235.8801 110.5684 155.6002 148.6181 52.8618 72.8463 104.3068 40.6944 130.4865 180.9479 159.2229 142.1944 250.6541 117.4395 190.0386 62.7919 182.1756 23.6126 69.5005 40.4893 72.4713 63.9478 119.1991 0.0000 137.0266 150.2635 58.8131 225.0739 141.9005
165.8039 29.4457 123.5396 197.4305 98.3905 79.6461 135.3175 133.4208 169.7315 102.0079 72.9080 231.0700 83.9060 111.1628 135.9368 63.0041 157.8603 201.7223 82.7797 29.1491 71.3414 183.4774 160.9960 25.2281 207.0547 103.1509 109.5247 139.2139 121.9988 81.7039 122.2945 260.5741 106.4177 117.0838 137.0266 0.0000 98.5510 111.9489 62.3101 47.3560
107.3092 78.4378 75.1685 120.1124 112.6899 129.0385 190.6338 34.9182 21.1191 183.9846 64.6130 68.0233 221.5797 49.3915 66.8175 29.8406 69.6553 61.4372 144.6771 156.9492 163.7574 72.6277 85.7910 204.4977 127.8701 83.0810 82.8893 19.6466 148.8908 114.4549 85.8195 149.5167 186.0063 155.3610 150.2635 98.5510 0.0000 104.8041 78.2152 117.7862
167.0569 80.8658 179.6695 122.5834 94.0410 120.8122 85.8856 249.8649 10.2463 159.0563 103.7449 105.1025 134.1202 41.3060 150.2126 173.6372 202.6586 129.4292 148.9313 76.4638 11.7385 88.5495 116.5913 214.9744 85.2735 76.0514 151.7181 19.4911 190.1538 206.3463 154.3500 257.1294 113.4835 206.6826 58.8131 111.9489 104.8041 0.0000 107.8319 55.9815
86.4899 95.6191 15.6706 41.1334 27.7752 113.2083 128.8571 77.1061 100.2818 144.1772 113.1430 37.7407 117.7965 77.1957 44.8983 125.1972 94.1521 4.6174 142.6524 120.0795 121.7217 109.4699 53.3292 67.4101 220.5373 108.4145 119.7256 56.3010 11.3652 25.2210 88.7538 124.6056 75.5265 131.3047 225.0739 62.3101 78.2152 107.8319 0.0000 88.3064
39.1173 53.0491 232.4148 132.5500 71.5481 177.9283 177.3525 167.6293 164.3534 130.4522 118.7426 89.2755 79.4468 160.2393 11.7314 24.9396 180.6498 124.2110 111.5761 127.7516 138.8171 195.8830 60.8450 151.5761 159.6090 144.5450 140.4038 122.9278 162.7935 142.6546 78.9362 109.1150 132.7472 102.7624 141.9005 47.3560 117.7862 55.9815 88.3064 0.0000
