20
0.0000 22.7911 152.7813 46.9663 35.4680 97.0626 97.4721 26.9075 164.5000 25.5312 98.3245 112.0516 77.6873 45.1071 204.1805 148.6743 23.9721 116.8610 154.5548 66.1743
22.7911 0.0000 154.6964 118.8694 187.5789 107.6997 68.6376 50.7197 138.0448 68.7927 166.4043 95.7590 46.9268 197.5887 90.1339 64.4148 169.2802 25.0434 87.9266 77.1939
152.7813 154.6964 0.0000 118.5098 91.5447 151.7515 67.7637 98.6197 151.9978 110.1980 94.3186 100.2348 212.7933 148.2733 171.4697 210.1951 164.8257 36.0312 250.1202 94.5787
46.9663 118.8694 118.5098 0.0000 12.3592 113.1543 57.9992 101.9597 58.5161 102.4734 49.7006 142.8350 107.0489 25.8330 102.7901 38.1902 44.3711 139.4266 163.3773 106.9186
35.4680 187.5789 91.5447 12.3592 0.0000 79.8351 166.6459 72.7001 94.4975 133.8878 164.9322 142.6568 162.7532 69.1826 106.4273 86.1464 110.1768 83.2314 87.6871 11.7115
97.0626 107.6997 151.7515 113.1543 79.8351 0.0000 59.5671 97.0095 141.3893 189.6170 125.5929 142.8060 92.3286 103.3109 41.5772 90.6801 58.8043 89.6067 11.6341 180.8459
97.4721 68.6376 67.7637 57.9992 166.6459 59.5671 0.0000 49.8347 5.7068 85.8341 50.7139 171.0784 76.6588 19.9605 101.8025 53.9108 42.2595 18.8717 118.0022 46.2209
26.9075 50.7197 98.6197 101.9597 72.7001 97.0095 49.8347 0.0000 149.3875 234.3870 52.7430 149.4119 18.5371 132.2553 251.0265 106.9303 189.0121 89.4392 75.8615 206.6809
164.5000 138.0448 151.9978 58.5161 94.4975 141.3893 5.7068 149.3875 0.0000 22.3535 41.3809 134.2680 15.4515 47.6246 116.3309 180.7851 101.0128 118.9780 220.4263 51.4479
25.5312 68.7927 110.1980 102.4734 133.8878 189.6170 85.8341 234.3870 22.3535 0.0000 64.5910 79.6098 59.6005 33.8778 105.6938 60.0937 164.5756 108.7295 166.4429 177.4528
98.3245 166.4043 94.3186 49.7006 164.9322 125.5929 50.7139 52.7430 41.3809 64.5910 0.0000 79.9944 27.4300 65.2423 14.6987 151.7931 159.3862 13.1947 8.1684 86.5106
112.0516 95.7590 100.2348 142.8350 142.6568 142.8060 171.0784 149.4119 134.2680 79.6098 79.9944 0.0000 65.6608 67.8173 203.7597 20.1223 158.9020 121.3441 90.5369 52.6911
77.6873 46.9268 212.7933 107.0489 162.7532 92.3286 76.6588 18.5371 15.4515 59.6005 27.4300 65.6608 0.0000 94.1217 74.6762 119.1927 15.4032 186.0907 110.3121 109.8975
45.1071 197.5887 148.2733 25.8330 69.1826 103.3109 19.9605 132.2553 47.6246 33.8778 65.2423 67.8173 94.1217 0.0000 198.7602 127.8646 111.4469 35.5481 84.6853 114.0772
204.1805 90.1339 171.4697 102.7901 106.4273 41.5772 101.8025 251.0265 116.3309 105.6938 14.6987 203.7597 74.6762 198.7602 0.0000 186.0483 72.1644 132.4712 157.9047 133.7094
148.6743 64.4148 210.1951 38.1902 86.1464 90.6801 53.9108 106.9303 180.7851 60.0937 151.7931 20.1223 119.1927 127.8646 186.0483 0.0000 147.0037 39.0057 134.7140 131.7369
23.9721 169.2802 164.8257 44.3711 110.1768 58.8043 42.2595 189.0121 101.0128 164.5756 159.3862 158.9020 15.4032 111.4469 72.1644 147.0037 0.0000 90.9470 197.8165 4.7677
116.8610 25.0434 36.0312 139.4266 83.2314 89.6067 18.8717 89.4392 118.9780 108.7295 13.1947 121.3441 186.0907 35.5481 132.4712 39.0057 90.9470 0.0000 77.4507 268.0961
154.5548 87.9266 250.1202 163.3773 87.6871 11.6341 118.0022 75.8615 220.4263 166.4429 8.1684 90.5369 110.3121 84.6853 157.9047 134.7140 197.8165 77.4507 0.0000 323.6085
66.1743 77.1939 94.5787 106.9186 11.7115 180.8459 46.2209 206.6809 51.4479 177.4528 86.5106 52.6911 109.8975 114.0772 133.7094 131.7369 4.7677 268.0961 323.6085 0.0000
