20
0.0000 149.0433 194.5619 110.7421 52.7949 176.4934 96.8526 93.1147 73.2887 136.8786 60.8100 75.1871 180.7782 169.6880 9.2189 117.7179 89.4962 70.2544 135.4137 102.0857
149.0433 0.0000 112.2541 145.3924 50.0761 177.8342 139.2022 75.9094 77.2695 127.4022 192.6183 64.2364 87.7537 37.9505 95.5895 89.8129 70.6304 213.7616 107.5786 122.2951
194.5619 112.2541 0.0000 17.3813 23.6664 270.6116 68.9692 85.9760 18.5158 77.4207 11.2449 62.6511 42.3862 51.6580 177.5288 70.7395 113.2946 109.3500 197.5435 37.4352
110.7421 145.3924 17.3813 0.0000 51.9839 95.4511 13.0940 207.8966 97.7841 151.2122 4.2180 79.4741 78.6285 37.6958 141.5265 73.5080 50.4637 51.9935 144.4717 144.7849
52.7949 50.0761 23.6664 51.9839 0.0000 153.4325 286.0808 147.4113 128.3399 189.0784 56.5044 55.6826 94.3294 87.5115 161.4048 125.5691 74.9624 61.9134 160.9254 79.3879
176.4934 177.8342 270.6116 95.4511 153.4325 0.0000 182.5063 93.2108 91.1786 62.4782 134.0770 140.6463 171.3973 145.5681 17.1189 69.3755 42.8670 12.5433 128.6180 121.8823
96.8526 139.2022 68.9692 13.0940 286.0808 182.5063 0.0000 63.0506 39.9948 120.3832 94.4246 57.3052 143.7874 142.4152 122.7258 130.9147 95.4749 135.0271 114.5668 71.9520
93.1147 75.9094 85.9760 207.8966 147.4113 93.2108 63.0506 0.0000 25.3917 124.8107 51.7329 74.6730 117.5704 75.1425 147.0651 137.3491 168.8259 167.8505 107.1673 110.2852
73.2887 77.2695 18.5158 97.7841 128.3399 91.1786 39.9948 25.3917 0.0000 158.8000 29.0420 19.9314 71.7141 183.9695 117.7003 108.7076 165.5499 57.6432 57.1501 220.1206
136.8786 127.4022 77.4207 151.2122 189.0784 62.4782 120.3832 124.8107 158.8000 0.0000 175.1704 163.5754 97.3389 57.3352 51.7413 199.0526 69.3056 177.6424 95.1786 42.8966
60.8100 192.6183 11.2449 4.2180 56.5044 134.0770 94.4246 51.7329 29.0420 175.1704 0.0000 82.9487 96.6568 143.9485 73.7008 117.2595 91.2677 46.4178 74.6061 73.6877
75.1871 64.2364 62.6511 79.4741 55.6826 140.6463 57.3052 74.6730 19.9314 163.5754 82.9487 0.0000 108.4147 97.9964 157.4648 92.8506 88.8138 88.7384 141.3516 50.7818
180.7782 87.7537 42.3862 78.6285 94.3294 171.3973 143.7874 117.5704 71.7141 97.3389 96.6568 108.4147 0.0000 82.3110 52.1402 107.2012 176.3287 62.0898 53.1428 47.1733
169.6880 37.9505 51.6580 37.6958 87.5115 145.5681 142.4152 75.1425 183.9695 57.3352 143.9485 97.9964 82.3110 0.0000 49.1087 162.8101 187.2765 217.6452 224.8976 94.0924
9.2189 95.5895 177.5288 141.5265 161.4048 17.1189 122.7258 147.0651 117.7003 51.7413 73.7008 157.4648 52.1402 49.1087 0.0000 216.7382 167.1581 82.3149 158.7382 163.2576
117.7179 89.8129 70.7395 73.5080 125.5691 69.3755 130.9147 137.3491 108.7076 199.0526 117.2595 92.8506 107.2012 162.8101 216.7382 0.0000 184.7389 30.7673 143.7747 187.2173
89.4962 70.6304 113.2946 50.4637 74.9624 42.8670 95.4749 168.8259 165.5499 69.3056 91.2677 88.8138 176.3287 187.2765 167.1581 184.7389 0.0000 52.9861 214.9549 91.2483
70.2544 213.7616 109.3500 51.9935 61.9134 12.5433 135.0271 167.8505 57.6432 177.6424 46.4178 88.7384 62.0898 217.6452 82.3149 30.7673 52.9861 0.0000 144.7007 36.5967
135.4137 107.5786 197.5435 144.4717 160.9254 128.6180 114.5668 107.1673 57.1501 95.1786 74.6061 141.3516 53.1428 224.8976 158.7382 143.7747 214.9549 144.7007 0.0000 113.3496
102.0857 122.2951 37.4352 144.7849 79.3879 121.8823 71.9520 110.2852 220.1206 42.8966 73.6877 50.7818 47.1733 94.0924 163.2576 187.2173 91.2483 36.5967 113.3496 0.0000
