20
0.0000 111.2045 180.0300 168.4262 156.4360 38.6826 160.3613 72.9105 62.2745 108.2486 105.7098 147.4024 110.5540 115.9967 77.5032 14.4317 108.1576 103.6646 132.2635 50.8747
111.2045 0.0000 66.9368 17.8741 93.2821 211.6718 131.8958 189.7733 92.9861 129.7575 132.6732 22.1523 144.4457 154.9356 100.9398 89.5562 168.3539 205.5973 153.8144 134.9818
180.0300 66.9368 0.0000 1.7799 60.2664 204.5567 168.7819 49.0464 56.2828 16.2437 89.8085 98.0436 48.7289 109.2186 42.9029 18.3500 34.1661 41.7658 179.2562 141.5641
168.4262 17.8741 1.7799 0.0000 87.1235 36.2626 119.9367 46.6565 79.4506 121.3856 30.9863 128.8663 113.2655 54.1225 277.3975 132.6296 65.6577 1.8496 43.5707 87.8247
156.4360 93.2821 60.2664 87.1235 0.0000 187.3917 89.8375 37.3330 98.6063 110.0736 74.4381 130.2061 138.1864 194.3124 1.1432 145.5518 58.6028 128.4606 94.3820 83.3495
38.6826 211.6718 204.5567 36.2626 187.3917 0.0000 138.7086 153.9964 158.4123 7.7792 75.7192 46.7710 137.0092 127.5487 232.0201 131.2774 170.3804 44.8189 112.8593 152.4359
160.3613 131.8958 168.7819 119.9367 89.8375 138.7086 0.0000 268.4732 221.5466 137.0057 57.8800 138.8166 79.1987 118.1524 39.3195 101.5097 87.8013 71.1041 94.5932 193.6372
72.9105 189.7733 49.0464 46.6565 37.3330 153.9964 268.4732 0.0000 146.3928 84.0097 47.2749 80.5449 86.1162 180.3627 95.7783 23.8812 87.6418 39.5768 144.6931 267.7113
62.2745 92.9861 56.2828 79.4506 98.6063 158.4123 221.5466 146.3928 0.0000 109.7257 112.1355 206.8149 98.2866 253.2783 77.1490 176.0702 48.3266 80.4759 93.1423 101.8873
108.2486 129.7575 16.2437 121.3856 110.0736 7.7792 137.0057 84.0097 109.7257 0.0000 77.2720 103.4899 87.7056 138.8947 83.7648 138.2600 117.1032 32.7615 173.7404 65.1488
105.7098 132.6732 89.8085 30.9863 74.4381 75.7192 57.8800 47.2749 112.1355 77.2720 0.0000 89.4484 176.4945 70.2662 83.9234 217.1950 56.4804 90.0525 144.4397 93.3322
147.4024 22.1523 98.0436 128.8663 130.2061 46.7710 138.8166 80.5449 206.8149 103.4899 89.4484 0.0000 97.9628 58.2108 117.3644 117.7302 182.8586 132.1974 76.4099 157.5370
110.5540 144.4457 48.7289 113.2655 138.1864 137.0092 79.1987 86.1162 98.2866 87.7056 176.4945 97.9628 0.0000 86.5516 157.2336 66.7286 85.7050 111.6247 108.5660 52.8944
115.9967 154.9356 109.2186 54.1225 194.3124 127.5487 118.1524 180.3627 253.2783 138.8947 70.2662 58.2108 86.5516 0.0000 67.1176 82.8093 137.8892 163.0333 82.6293 160.8439
77.5032 100.9398 42.9029 277.3975 1.1432 232.0201 39.3195 95.7783 77.1490 83.7648 83.9234 117.3644 157.2336 67.1176 0.0000 147.5002 30.6913 10.3274 107.8268 93.8402
14.4317 89.5562 18.3500 132.6296 145.5518 131.2774 101.5097 23.8812 176.0702 138.2600 217.1950 117.7302 66.7286 82.8093 147.5002 0.0000 83.8309 22.7760 36.5938 94.5116
108.1576 168.3539 34.1661 65.6577 58.6028 170.3804 87.8013 87.6418 48.3266 117.1032 56.4804 182.8586 85.7050 137.8892 30.6913 83.8309 0.0000 35.7862 65.2085 111.7931
103.6646 205.5973 41.7658 1.8496 128.4606 44.8189 71.1041 39.5768 80.4759 32.7615 90.0525 132.1974 111.6247 163.0333 10.3274 22.7760 35.7862 0.0000 150.1645 133.2264
132.2635 153.8144 179.2562 43.5707 94.3820 112.8593 94.5932 144.6931 93.1423 173.7404 144.4397 76.4099 108.5660 82.6293 107.8268 36.5938 65.2085 150.1645 0.0000 110.1545
50.8747 134.9818 141.5641 87.8247 83.3495 152.4359 193.6372 267.7113 101.8873 65.1488 93.3322 157.5370 52.8944 160.8439 93.8402 94.5116 111.7931 133.2264 110.1545 0.0000
