20
0.0000 185.5798 35.3787 129.4115 121.2852 13.3403 78.0104 141.7585 54.3546 108.1155 138.3433 111.1961 18.7016 212.1988 183.2271 56.3988 136.3270 94.6304 170.8824 101.6627
185.5798 0.0000 120.0288 155.1172 130.1976 87.9371 84.0605 111.9759 164.9822 184.3365 124.6360 73.8424 159.4553 49.4013 101.6969 75.4634 79.6609 81.1863 174.1966 103.5861
35.3787 120.0288 0.0000 14.0939 100.1463 41.4941 87.3877 38.8534 94.2197 114.2830 167.4858 91.4698 243.7310 137.5056 72.3518 108.1557 23.4528 131.7317 69.0350 137.5175
129.4115 155.1172 14.0939 0.0000 107.4263 129.7298 204.5737 46.2739 81.8691 79.2436 126.0827 126.6884 91.1991 196.8135 138.0271 160.6097 109.8624 95.5553 119.3010 76.0391
121.2852 130.1976 100.1463 107.4263 0.0000 117.4559 95.3685 27.0021 104.1956 202.7134 127.8024 59.7557 28.4348 140.0187 60.0782 205.5734 104.3805 124.5769 87.7236 166.5651
13.3403 87.9371 41.4941 129.7298 117.4559 0.0000 156.3194 142.0576 122.0775 119.2583 44.4953 127.5748 146.7676 77.6581 142.3110 155.4911 70.4058 99.3722 21.8903 74.2516
78.0104 84.0605 87.3877 204.5737 95.3685 156.3194 0.0000 98.9029 23.7819 96.1210 17.3334 164.6872 78.1891 108.7041 52.8625 205.1791 134.0258 119.5284 74.2780 80.3245
141.7585 111.9759 38.8534 46.2739 27.0021 142.0576 98.9029 0.0000 99.8978 68.2945 91.3593 110.3417 160.8725 177.6455 89.1662 120.5764 125.0757 160.5798 108.8273 93.0725
54.3546 164.9822 94.2197 81.8691 104.1956 122.0775 23.7819 99.8978 0.0000 141.0011 157.2461 79.4054 135.1028 163.0544 46.4949 120.0542 153.6239 143.7048 37.5930 113.9579
108.1155 184.3365 114.2830 79.2436 202.7134 119.2583 96.1210 68.2945 141.0011 0.0000 56.6617 76.7759 105.6551 172.1785 47.9828 174.9554 169.8004 48.3825 75.0893 73.4984
138.3433 124.6360 167.4858 126.0827 127.8024 44.4953 17.3334 91.3593 157.2461 56.6617 0.0000 180.3967 179.2238 64.8930 157.6352 208.5545 102.3635 79.3449 123.9793 116.8398
111.1961 73.8424 91.4698 126.6884 59.7557 127.5748 164.6872 110.3417 79.4054 76.7759 180.3967 0.0000 144.2025 51.9804 135.1180 130.8764 127.9162 89.4659 23.0235 149.8777
18.7016 159.4553 243.7310 91.1991 28.4348 146.7676 78.1891 160.8725 135.1028 105.6551 179.2238 144.2025 0.0000 81.0504 77.2734 194.1778 71.7618 35.5247 58.2276 86.8597
212.1988 49.4013 137.5056 196.8135 140.0187 77.6581 108.7041 177.6455 163.0544 172.1785 64.8930 51.9804 81.0504 0.0000 51.4624 4.1274 250.5563 33.9328 126.6541 154.9324
183.2271 101.6969 72.3518 138.0271 60.0782 142.3110 52.8625 89.1662 46.4949 47.9828 157.6352 135.1180 77.2734 51.4624 0.0000 73.4467 21.7784 119.2029 89.3810 63.8286
56.3988 75.4634 108.1557 160.6097 205.5734 155.4911 205.1791 120.5764 120.0542 174.9554 208.5545 130.8764 194.1778 4.1274 73.4467 0.0000 147.6684 47.4321 128.0540 125.0741
136.3270 79.6609 23.4528 109.8624 104.3805 70.4058 134.0258 125.0757 153.6239 169.8004 102.3635 127.9162 71.7618 250.5563 21.7784 147.6684 0.0000 72.9860 20.6497 58.0195
94.6304 81.1863 131.7317 95.5553 124.5769 99.3722 119.5284 160.5798 143.7048 48.3825 79.3449 89.4659 35.5247 33.9328 119.2029 47.4321 72.9860 0.0000 49.8319 13.2609
170.8824 174.1966 69.0350 119.3010 87.7236 21.8903 74.2780 108.8273 37.5930 75.0893 123.9793 23.0235 58.2276 126.6541 89.3810 128.0540 20.6497 49.8319 0.0000 95.0124
101.6627 103.5861 137.5175 76.0391 166.5651 74.2516 80.3245 93.0725 113.9579 73.4984 116.8398 149.8777 86.8597 154.9324 63.8286 125.0741 58.0195 13.2609 95.0124 0.0000
