20
0.0000 21.1767 88.5555 19.6975 81.5810 130.7709 65.5067 92.2461 33.2654 108.9777 12.6655 71.8363 17.3412 82.4467 118.1713 182.6379 67.1920 38.9920 101.8206 73.2078
21.1767 0.0000 68.1223 45.1605 85.2657 77.2206 84.0082 90.1268 17.7220 68.8415 57.2443 115.1720 68.1194 59.9137 163.3154 68.4925 122.0646 57.9453 93.9307 128.7378
88.5555 68.1223 0.0000 117.3585 225.5925 113.3596 45.6074 180.7462 141.0863 156.0922 73.5091 70.5955 157.3881 17.0521 93.1997 163.3898 125.9692 70.1852 17.2694 53.5121
19.6975 45.1605 117.3585 0.0000 75.1213 115.3745 94.2430 20.6335 136.3149 93.2028 127.3118 164.3569 78.9865 201.6551 101.7271 149.4649 62.1515 128.8747 198.6827 152.7944
81.5810 85.2657 225.5925 75.1213 0.0000 175.5142 60.2106 125.8630 133.3305 177.6498 100.5482 17.6346 218.8852 147.6902 125.6773 97.2572 77.7731 91.0881 79.9106 128.9940
130.7709 77.2206 113.3596 115.3745 175.5142 0.0000 6.8576 219.9331 141.0993 243.8875 67.2342 197.5382 122.1724 121.4297 96.5019 125.3271 10.7280 90.2189 95.6808 79.8427
65.5067 84.0082 45.6074 94.2430 60.2106 6.8576 0.0000 179.4372 65.6985 16.0226 109.5994 52.5217 90.0700 44.7277 56.5480 81.2928 180.9443 11.1893 106.7671 171.0131
92.2461 90.1268 180.7462 20.6335 125.8630 219.9331 179.4372 0.0000 60.2874 140.0417 127.3758 169.6242 37.1410 127.7819 111.7180 175.7115 68.2324 150.2329 64.2385 53.1207
33.2654 17.7220 141.0863 136.3149 133.3305 141.0993 65.6985 60.2874 0.0000 146.7214 113.4301 77.5230 143.3823 114.4919 37.8393 39.2903 53.1000 38.6242 168.7494 70.7176
108.9777 68.8415 156.0922 93.2028 177.6498 243.8875 16.0226 140.0417 146.7214 0.0000 151.4338 78.3062 130.6141 52.8552 103.8339 49.2130 105.7123 77.7367 7.4013 133.8084
12.6655 57.2443 73.5091 127.3118 100.5482 67.2342 109.5994 127.3758 113.4301 151.4338 0.0000 64.4877 108.8116 83.1921 154.1563 133.6976 51.2562 85.9834 203.3383 110.5803
71.8363 115.1720 70.5955 164.3569 17.6346 197.5382 52.5217 169.6242 77.5230 78.3062 64.4877 0.0000 237.5803 118.7974 80.4656 189.4983 154.6893 152.8895 48.2107 61.2350
17.3412 68.1194 157.3881 78.9865 218.8852 122.1724 90.0700 37.1410 143.3823 130.6141 108.8116 237.5803 0.0000 84.7616 129.7541 201.1805 184.8845 143.6921 107.1118 115.4498
82.4467 59.9137 17.0521 201.6551 147.6902 121.4297 44.7277 127.7819 114.4919 52.8552 83.1921 118.7974 84.7616 0.0000 103.4273 90.6845 126.4285 93.1342 127.2268 117.7556
118.1713 163.3154 93.1997 101.7271 125.6773 96.5019 56.5480 111.7180 37.8393 103.8339 154.1563 80.4656 129.7541 103.4273 0.0000 63.6343 96.6963 166.9863 134.0875 77.9523
182.6379 68.4925 163.3898 149.4649 97.2572 125.3271 81.2928 175.7115 39.2903 49.2130 133.6976 189.4983 201.1805 90.6845 63.6343 0.0000 94.2620 200.9283 124.4159 12.6884
67.1920 122.0646 125.9692 62.1515 77.7731 10.7280 180.9443 68.2324 53.1000 105.7123 51.2562 154.6893 184.8845 126.4285 96.6963 94.2620 0.0000 61.9805 105.4303 102.4972
38.9920 57.9453 70.1852 128.8747 91.0881 90.2189 11.1893 150.2329 38.6242 77.7367 85.9834 152.8895 143.6921 93.1342 166.9863 200.9283 61.9805 0.0000 181.4859 92.7542
101.8206 93.9307 17.2694 198.6827 79.9106 95.6808 106.7671 64.2385 168.7494 7.4013 203.3383 48.2107 107.1118 127.2268 134.0875 124.4159 105.4303 181.4859 0.0000 63.9450
73.2078 128.7378 53.5121 152.7944 128.9940 79.8427 171.0131 53.1207 70.7176 133.8084 110.5803 61.2350 115.4498 117.7556 77.9523 12.6884 102.4972 92.7542 63.9450 0.0000
