20
0.0000 125.5031 200.9225 221.0744 52.0961 13.6668 77.5328 90.3750 196.2378 203.2378 137.9878 118.3124 13.4440 161.1753 129.8482 43.7049 107.9862 161.9702 174.7163 171.4664
125.5031 0.0000 61.3052 84.2046 158.8771 181.3849 105.7704 51.7426 54.3784 65.7780 158.1736 65.6590 64.9486 86.0781 98.0467 49.7773 152.0804 106.3287 86.8092 77.7437
200.9225 61.3052 0.0000 31.5041 131.0286 84.5957 47.3111 34.5999 71.9233 101.6101 81.8526 87.1466 33.4449 130.7096 55.5883 162.6732 196.4047 68.6221 140.6012 109.8082
221.0744 84.2046 31.5041 0.0000 16.9086 168.5078 44.8105 113.4428 78.5400 94.3811 58.8334 154.1686 65.9741 91.6037 57.7658 127.6840 120.0075 77.5434 169.2256 148.5184
52.0961 158.8771 131.0286 16.9086 0.0000 117.7014 4.3124 139.1946 125.8497 83.5266 94.1444 43.6811 72.8356 170.4967 66.2028 46.4831 82.1762 115.3963 74.5472 110.7842
13.6668 181.3849 84.5957 168.5078 117.7014 0.0000 82.8403 255.3273 164.5359 113.8995 161.0021 126.8409 106.5718 60.8900 107.3693 129.9477 49.7396 174.1538 111.4214 110.1807
77.5328 105.7704 47.3111 44.8105 4.3124 82.8403 0.0000 206.1819 95.7639 84.3128 180.8555 100.2483 129.2838 68.2749 70.0742 179.8143 73.4484 15.9809 112.3428 97.1421
90.3750 51.7426 34.5999 113.4428 139.1946 255.3273 206.1819 0.0000 48.5510 137.9903 49.7260 138.5053 114.6833 183.3435 97.2712 82.1903 83.0642 116.6106 69.8684 121.0286
196.2378 54.3784 71.9233 78.5400 125.8497 164.5359 95.7639 48.5510 0.0000 134.3815 57.4075 70.4662 16.6751 83.2414 71.1883 114.0131 119.9375 53.0532 68.3011 174.1108
203.2378 65.7780 101.6101 94.3811 83.5266 113.8995 84.3128 137.9903 134.3815 0.0000 101.4230 155.5790 243.3677 27.9304 60.2950 190.1179 100.3204 199.0149 68.4833 84.8374
137.9878 158.1736 81.8526 58.8334 94.1444 161.0021 180.8555 49.7260 57.4075 101.4230 0.0000 140.8087 81.8735 220.6183 77.4512 97.2321 79.7887 184.3257 7.1333 6.3056
118.3124 65.6590 87.1466 154.1686 43.6811 126.8409 100.2483 138.5053 70.4662 155.5790 140.8087 0.0000 85.3503 89.8578 157.5103 177.2466 32.4765 68.8789 124.7967 67.0376
13.4440 64.9486 33.4449 65.9741 72.8356 106.5718 129.2838 114.6833 16.6751 243.3677 81.8735 85.3503 0.0000 66.3308 111.8301 150.6843 187.5675 99.8973 101.9443 82.4873
161.1753 86.0781 130.7096 91.6037 170.4967 60.8900 68.2749 183.3435 83.2414 27.9304 220.6183 89.8578 66.3308 0.0000 83.4006 188.7022 172.9852 70.9072 95.7302 138.8982
129.8482 98.0467 55.5883 57.7658 66.2028 107.3693 70.0742 97.2712 71.1883 60.2950 77.4512 157.5103 111.8301 83.4006 0.0000 89.5354 60.1019 56.6746 47.5807 112.7895
43.7049 49.7773 162.6732 127.6840 46.4831 129.9477 179.8143 82.1903 114.0131 190.1179 97.2321 177.2466 150.6843 188.7022 89.5354 0.0000 65.6388 157.7428 63.7957 99.8314
107.9862 152.0804 196.4047 120.0075 82.1762 49.7396 73.4484 83.0642 119.9375 100.3204 79.7887 32.4765 187.5675 172.9852 60.1019 65.6388 0.0000 84.4143 187.4802 107.7374
161.9702 106.3287 68.6221 77.5434 115.3963 174.1538 15.9809 116.6106 53.0532 199.0149 184.3257 68.8789 99.8973 70.9072 56.6746 157.7428 84.4143 0.0000 81.6379 102.5548
174.7163 86.8092 140.6012 169.2256 74.5472 111.4214 112.3428 69.8684 68.3011 68.4833 7.1333 124.7967 101.9443 95.7302 47.5807 63.7957 187.4802 81.6379 0.0000 166.6870
171.4664 77.7437 109.8082 148.5184 110.7842 110.1807 97.1421 121.0286 174.1108 84.8374 6.3056 67.0376 82.4873 138.8982 112.7895 99.8314 107.7374 102.5548 166.6870 0.0000
