20
0.0000 171.0751 75.0521 148.2144 139.7465 53.6904 169.1613 141.0634 139.9477 149.8354 162.6858 120.8285 53.5663 43.6317 92.7159 35.8226 141.4753 5.0940 62.7059 75.3146
171.0751 0.0000 104.0164 226.4792 122.2854 126.2405 107.0054 97.9343 70.5251 168.2859 124.6166 136.0965 72.2531 78.1699 185.6664 172.5009 125.5309 111.4634 115.2826 79.3775
75.0521 104.0164 0.0000 33.3112 141.2324 111.6437 85.3303 97.1278 85.9479 158.1613 112.9492 115.6252 99.1336 80.1669 264.0176 160.1942 164.3456 123.1117 123.9201 178.6567
148.2144 226.4792 33.3112 0.0000 110.7841 124.2135 43.2662 128.8546 87.1519 76.4240 110.1640 84.4528 69.7383 106.8467 148.5116 108.0994 129.4714 99.9887 107.6193 10.4227
139.7465 122.2854 141.2324 110.7841 0.0000 232.6705 23.3226 84.5691 85.4443 45.9523 63.9528 40.5184 42.9124 164.9628 83.2568 161.9650 60.5149 30.2436 44.7590 105.1954
53.6904 126.2405 111.6437 124.2135 232.6705 0.0000 147.7394 41.4340 88.2220 85.4348 134.0371 132.0572 95.1695 123.7896 148.6065 27.8459 29.7292 57.7293 101.9000 64.1436
169.1613 107.0054 85.3303 43.2662 23.3226 147.7394 0.0000 88.5526 123.5259 7.8565 169.0738 46.4677 103.1509 113.2251 220.3509 69.1568 152.6200 100.2748 14.5033 127.2727
141.0634 97.9343 97.1278 128.8546 84.5691 41.4340 88.5526 0.0000 101.1825 203.7636 43.4970 129.9478 105.2647 61.9754 146.2536 114.6744 164.6171 158.2465 151.5329 45.7499
139.9477 70.5251 85.9479 87.1519 85.4443 88.2220 123.5259 101.1825 0.0000 2.1585 121.8114 56.4895 140.7937 238.8280 16.3991 137.9361 276.8217 79.3832 145.1406 172.1401
149.8354 168.2859 158.1613 76.4240 45.9523 85.4348 7.8565 203.7636 2.1585 0.0000 21.0992 134.2673 173.2491 29.5890 33.9496 142.9982 46.5594 63.4442 79.7609 33.3171
162.6858 124.6166 112.9492 110.1640 63.9528 134.0371 169.0738 43.4970 121.8114 21.0992 0.0000 78.0948 71.8142 125.1741 102.0275 131.9295 119.7563 140.6544 130.8331 185.8317
120.8285 136.0965 115.6252 84.4528 40.5184 132.0572 46.4677 129.9478 56.4895 134.2673 78.0948 0.0000 60.6444 117.6147 67.6015 189.9583 88.0141 203.0124 33.5731 52.6285
53.5663 72.2531 99.1336 69.7383 42.9124 95.1695 103.1509 105.2647 140.7937 173.2491 71.8142 60.6444 0.0000 117.0011 164.8695 86.8651 89.8036 35.3301 108.8954 22.9866
43.6317 78.1699 80.1669 106.8467 164.9628 123.7896 113.2251 61.9754 238.8280 29.5890 125.1741 117.6147 117.0011 0.0000 91.9123 94.9829 151.9530 82.7095 78.2236 100.1042
92.7159 185.6664 264.0176 148.5116 83.2568 148.6065 220.3509 146.2536 16.3991 33.9496 102.0275 67.6015 164.8695 91.9123 0.0000 80.1956 218.6213 142.0502 132.9503 120.3584
35.8226 172.5009 160.1942 108.0994 161.9650 27.8459 69.1568 114.6744 137.9361 142.9982 131.9295 189.9583 86.8651 94.9829 80.1956 0.0000 173.1407 114.9438 135.3642 61.4745
141.4753 125.5309 164.3456 129.4714 60.5149 29.7292 152.6200 164.6171 276.8217 46.5594 119.7563 88.0141 89.8036 151.9530 218.6213 173.1407 0.0000 124.4881 7.4816 24.5867
5.0940 111.4634 123.1117 99.9887 30.2436 57.7293 100.2748 158.2465 79.3832 63.4442 140.6544 203.0124 35.3301 82.7095 142.0502 114.9438 124.4881 0.0000 78.0901 59.8019
62.7059 115.2826 123.9201 107.6193 44.7590 101.9000 14.5033 151.5329 145.1406 79.7609 130.8331 33.5731 108.8954 78.2236 132.9503 135.3642 7.4816 78.0901 0.0000 191.4519
75.3146 79.3775 178.6567 10.4227 105.1954 64.1436 127.2727 45.7499 172.1401 33.3171 185.8317 52.6285 22.9866 100.1042 120.3584 61.4745 24.5867 59.8019 191.4519 0.0000
