28
0.0000 133.9373 96.4808 132.6380 48.4135 78.2933 126.1856 179.4577 112.2394 72.9817 159.6658 129.8091 143.2823 89.6557 107.1008 193.5851 88.7227 105.9108 132.1975 71.4075 97.9446 136.8172 188.3263 152.3967 136.6440 151.2950 150.2067 139.9756
133.9373 0.0000 120.1049 145.7105 178.4622 130.5293 33.9962 118.7126 84.7337 114.6973 195.5374 188.0078 226.6228 108.5133 35.2404 78.4385 96.1223 88.3462 162.9685 87.2786 46.1651 111.3987 14.7381 154.0253 87.6600 114.6378 214.8808 55.0519
96.4808 120.1049 0.0000 189.7878 33.3403 71.8461 178.1199 150.4463 151.2023 108.6338 161.6559 188.1514 3.5803 9.4528 69.4958 32.5646 62.1084 167.7335 97.3812 127.5840 89.7475 184.0017 159.2854 141.4384 36.3728 40.0130 41.2309 48.3795
132.6380 145.7105 189.7878 0.0000 89.5174 35.8271 48.0188 155.8913 118.5333 65.5463 155.5498 75.9728 142.9935 171.1438 47.7545 170.8309 65.5977 44.6871 22.2857 182.9179 166.3543 51.2969 58.4843 89.3208 117.6888 85.4723 43.2080 171.0655
48.4135 178.4622 33.3403 89.5174 0.0000 130.4989 105.6934 49.0854 119.1873 164.7914 27.2076 136.3566 101.2728 120.1544 57.9239 97.5541 62.8218 61.6541 166.5897 60.5796 94.2576 165.5287 4.4814 68.3143 116.5354 207.5264 65.1836 42.1704
78.2933 130.5293 71.8461 35.8271 130.4989 0.0000 169.0487 9.9185 68.3736 51.3256 201.9573 30.5928 114.1864 148.5929 73.9452 69.1037 5.4345 82.2573 144.6241 98.2475 139.0630 139.2490 70.3817 90.8458 17.3221 133.5858 142.4275 126.7164
126.1856 33.9962 178.1199 48.0188 105.6934 169.0487 0.0000 126.0506 156.4216 133.6980 84.1003 86.8563 136.6132 132.6243 152.1182 1.4667 153.3828 101.0361 104.4388 112.8239 71.7954 80.3587 162.1971 79.6091 75.7067 71.4773 128.6964 85.9985
179.4577 118.7126 150.4463 155.8913 49.0854 9.9185 126.0506 0.0000 45.7957 109.2889 171.1889 140.3414 92.2287 133.9707 56.7866 117.0439 55.6223 110.1115 201.6005 245.3836 84.9324 149.4650 89.2381 34.7112 121.0047 47.3661 41.4788 22.8260
112.2394 84.7337 151.2023 118.5333 119.1873 68.3736 156.4216 45.7957 0.0000 73.7760 37.9334 59.8148 59.1860 130.0170 233.6205 223.1217 109.1547 120.6206 53.6463 122.1293 140.3654 135.1745 70.1665 156.6217 17.8432 82.0184 86.9955 167.2578
72.9817 114.6973 108.6338 65.5463 164.7914 51.3256 133.6980 109.2889 73.7760 0.0000 152.1618 98.1202 81.3418 47.5682 44.6066 184.3164 163.8037 123.2470 98.5882 103.4776 190.4678 124.1231 160.3337 116.0252 81.3800 206.7384 119.1373 135.0791
159.6658 195.5374 161.6559 155.5498 27.2076 201.9573 84.1003 171.1889 37.9334 152.1618 0.0000 106.9280 85.9685 178.5203 229.7556 44.9700 46.8654 132.5606 109.9936 108.4269 162.2052 40.0716 102.2764 183.6125 167.5657 17.2841 118.6022 109.7456
129.8091 188.0078 188.1514 75.9728 136.3566 30.5928 86.8563 140.3414 59.8148 98.1202 106.9280 0.0000 101.4957 110.1177 79.4832 94.7588 64.3632 16.6560 79.7451 37.5521 59.4229 28.0665 62.0304 152.9631 264.3256 82.7442 120.1066 93.8076
143.2823 226.6228 3.5803 142.9935 101.2728 114.1864 136.6132 92.2287 59.1860 81.3418 85.9685 101.4957 0.0000 205.2612 76.0893 101.1304 42.9951 150.3336 134.0686 133.6085 73.9168 107.4398 201.4770 126.2595 143.4147 102.1374 84.5035 41.3262
89.6557 108.5133 9.4528 171.1438 120.1544 148.5929 132.6243 133.9707 130.0170 47.5682 178.5203 110.1177 205.2612 0.0000 205.7914 31.3791 126.4603 129.7822 113.6460 84.8525 109.7661 41.2712 102.8897 96.0191 156.8437 80.2975 237.3702 108.2068
107.1008 35.2404 69.4958 47.7545 57.9239 73.9452 152.1182 56.7866 233.6205 44.6066 229.7556 79.4832 76.0893 205.7914 0.0000 5.8463 27.0247 177.4045 53.5462 72.2478 92.3838 312.0736 110.9809 147.1769 75.4246 188.5278 105.4515 123.7873
193.5851 78.4385 32.5646 170.8309 97.5541 69.1037 1.4667 117.0439 223.1217 184.3164 44.9700 94.7588 101.1304 31.3791 5.8463 0.0000 42.5581 81.9443 68.8325 99.8352 103.2507 51.0790 109.5572 157.1475 34.8115 137.8078 180.0672 136.5361
88.7227 96.1223 62.1084 65.5977 62.8218 5.4345 153.3828 55.6223 109.1547 163.8037 46.8654 64.3632 42.9951 126.4603 27.0247 42.5581 0.0000 19.2321 161.1556 202.2695 208.1043 95.9458 123.5844 11.3285 52.4541 49.4389 133.1829 143.0832
105.9108 88.3462 167.7335 44.6871 61.6541 82.2573 101.0361 110.1115 120.6206 123.2470 132.5606 16.6560 150.3336 129.7822 177.4045 81.9443 19.2321 0.0000 169.1744 93.0370 51.4125 66.5188 66.7485 13.7782 64.7931 152.5372 106.1821 9.2088
132.1975 162.9685 97.3812 22.2857 166.5897 144.6241 104.4388 201.6005 53.6463 98.5882 109.9936 79.7451 134.0686 113.6460 53.5462 68.8325 161.1556 169.1744 0.0000 118.2257 123.5694 154.2843 94.8235 163.3976 97.1494 185.4905 149.8966 126.9152
71.4075 87.2786 127.5840 182.9179 60.5796 98.2475 112.8239 245.3836 122.1293 103.4776 108.4269 37.5521 133.6085 84.8525 72.2478 99.8352 202.2695 93.0370 118.2257 0.0000 68.8938 98.1337 150.1861 40.4195 85.5612 3.7129 143.5557 178.5873
97.9446 46.1651 89.7475 166.3543 94.2576 139.0630 71.7954 84.9324 140.3654 190.4678 162.2052 59.4229 73.9168 109.7661 92.3838 103.2507 208.1043 51.4125 123.5694 68.8938 0.0000 29.2126 184.3442 193.7493 40.5963 121.2850 156.7129 212.6068
136.8172 111.3987 184.0017 51.2969 165.5287 139.2490 80.3587 149.4650 135.1745 124.1231 40.0716 28.0665 107.4398 41.2712 312.0736 51.0790 95.9458 66.5188 154.2843 98.1337 29.2126 0.0000 156.8612 127.0164 105.2292 220.4027 63.6844 109.1026
188.3263 14.7381 159.2854 58.4843 4.4814 70.3817 162.1971 89.2381 70.1665 160.3337 102.2764 62.0304 201.4770 102.8897 110.9809 109.5572 123.5844 66.7485 94.8235 150.1861 184.3442 156.8612 0.0000 100.0552 150.6702 91.9293 189.6023 100.4366
152.3967 154.0253 141.4384 89.3208 68.3143 90.8458 79.6091 34.7112 156.6217 116.0252 183.6125 152.9631 126.2595 96.0191 147.1769 157.1475 11.3285 13.7782 163.3976 40.4195 193.7493 127.0164 100.0552 0.0000 98.3924 100.3317 191.5740 181.1873
136.6440 87.6600 36.3728 117.6888 116.5354 17.3221 75.7067 121.0047 17.8432 81.3800 167.5657 264.3256 143.4147 156.8437 75.4246 34.8115 52.4541 64.7931 97.1494 85.5612 40.5963 105.2292 150.6702 98.3924 0.0000 59.1563 162.2443 115.1124
151.2950 114.6378 40.0130 85.4723 207.5264 133.5858 71.4773 47.3661 82.0184 206.7384 17.2841 82.7442 102.1374 80.2975 188.5278 137.8078 49.4389 152.5372 185.4905 3.7129 121.2850 220.4027 91.9293 100.3317 59.1563 0.0000 45.2313 30.4054
150.2067 214.8808 41.2309 43.2080 65.1836 142.4275 128.6964 41.4788 86.9955 119.1373 118.6022 120.1066 84.5035 237.3702 105.4515 180.0672 133.1829 106.1821 149.8966 143.5557 156.7129 63.6844 189.6023 191.5740 162.2443 45.2313 0.0000 18.9813
139.9756 55.0519 48.3795 171.0655 42.1704 126.7164 85.9985 22.8260 167.2578 135.0791 109.7456 93.8076 41.3262 108.2068 123.7873 136.5361 143.0832 9.2088 126.9152 178.5873 212.6068 109.1026 100.4366 181.1873 115.1124 30.4054 18.9813 0.0000
