28
0.0000 152.6028 120.8105 154.5520 138.2350 66.1717 59.5380 66.7326 74.8492 43.2752 1.0229 58.3497 51.0615 23.3880 62.9311 83.8051 232.9947 149.8149 104.8961 120.2125 170.1053 122.1429 118.2955 199.8848 100.3825 75.5569 107.0609 114.8751
152.6028 0.0000 148.9374 54.5872 120.4150 165.5080 50.1464 38.7239 89.9557 126.8537 196.5130 24.6925 135.2280 97.1324 144.0867 105.6726 83.0099 80.4635 85.3066 95.1209 190.1109 146.8858 45.9314 132.7117 18.7905 100.0122 186.0824 141.6397
120.8105 148.9374 0.0000 69.0644 146.2244 166.3908 185.0320 66.2718 159.7987 62.2901 59.1840 86.2944 167.0736 122.6193 4.1137 147.1218 32.3209 134.0814 182.7596 130.4596 51.1052 204.3770 221.5265 107.8179 105.0147 145.7952 128.8327 51.5036
154.5520 54.5872 69.0644 0.0000 89.0710 90.1306 123.8234 118.5155 79.5837 35.4950 13.8040 153.1501 85.8447 39.1441 152.8858 114.7369 98.8691 36.9850 184.7009 39.3050 3.9789 205.7910 208.3716 77.6434 239.4207 45.1689 64.3893 114.3150
138.2350 120.4150 146.2244 89.0710 0.0000 59.8296 1.5107 184.4458 86.8097 95.2497 123.5557 135.0984 31.2450 88.6846 175.4554 69.7327 133.4841 68.5123 13.2114 191.6285 112.0658 37.0007 69.7830 126.1220 26.4626 7.2065 50.3413 35.9380
66.1717 165.5080 166.3908 90.1306 59.8296 0.0000 112.1849 66.6756 196.1014 1.4009 26.2366 67.1646 65.1415 93.3426 155.4929 106.7484 122.4117 224.1756 20.7799 32.4904 167.6692 179.6918 121.8104 37.4747 147.4185 177.8988 29.6203 120.3632
59.5380 50.1464 185.0320 123.8234 1.5107 112.1849 0.0000 107.6650 112.4179 58.0453 32.7244 7.0023 174.8686 83.6171 67.9351 145.3627 135.9270 82.8459 185.7268 91.7413 120.4018 19.8662 151.7605 104.6506 174.7701 114.6362 68.6368 69.5844
66.7326 38.7239 66.2718 118.5155 184.4458 66.6756 107.6650 0.0000 83.6165 97.9660 115.9319 181.4066 110.9111 5.7659 31.1699 183.7291 105.3250 15.2707 107.5068 29.0383 101.2321 83.4118 140.0097 48.9994 74.0753 131.5095 155.2308 33.8125
74.8492 89.9557 159.7987 79.5837 86.8097 196.1014 112.4179 83.6165 0.0000 154.1911 128.9109 76.5072 78.5336 88.1438 112.5716 159.8715 68.5273 86.5552 108.1467 59.0506 156.7054 177.0524 102.1329 141.3812 217.4304 124.2829 101.8791 61.5215
43.2752 126.8537 62.2901 35.4950 95.2497 1.4009 58.0453 97.9660 154.1911 0.0000 200.0185 116.2712 5.4378 163.5554 91.3844 135.6328 163.3573 99.9839 22.4346 62.8255 160.8237 102.7128 97.5293 144.2746 112.5450 163.5009 21.4866 38.2030
1.0229 196.5130 59.1840 13.8040 123.5557 26.2366 32.7244 115.9319 128.9109 200.0185 0.0000 84.7356 88.2278 137.3823 17.7064 101.2533 135.8070 153.9108 39.3208 1.3602 19.3052 78.7971 120.3302 181.0426 182.8930 45.2629 94.4805 104.7833
58.3497 24.6925 86.2944 153.1501 135.0984 67.1646 7.0023 181.4066 76.5072 116.2712 84.7356 0.0000 157.9396 35.0246 155.9776 60.7457 9.7693 76.8251 104.5496 15.6256 93.2463 183.0530 46.3245 88.2697 52.2021 158.7862 46.6461 10.6742
51.0615 135.2280 167.0736 85.8447 31.2450 65.1415 174.8686 110.9111 78.5336 5.4378 88.2278 157.9396 0.0000 74.4135 94.2046 76.8333 48.1815 145.9536 172.6970 138.5321 173.3601 97.8304 168.2134 94.5350 133.9615 163.3537 137.1551 46.1172
23.3880 97.1324 122.6193 39.1441 88.6846 93.3426 83.6171 5.7659 88.1438 163.5554 137.3823 35.0246 74.4135 0.0000 77.1151 141.7262 108.7878 148.3466 112.4306 101.7451 149.1660 79.7279 64.8275 79.3141 91.2107 151.1811 139.4735 120.5581
62.9311 144.0867 4.1137 152.8858 175.4554 155.4929 67.9351 31.1699 112.5716 91.3844 17.7064 155.9776 94.2046 77.1151 0.0000 139.6972 116.8963 113.5926 134.8549 48.2917 304.2619 204.9628 43.8409 39.2062 56.7798 102.3369 68.7320 76.4049
83.8051 105.6726 147.1218 114.7369 69.7327 106.7484 145.3627 183.7291 159.8715 135.6328 101.2533 60.7457 76.8333 141.7262 139.6972 0.0000 101.2296 116.2780 211.1350 27.3775 8.3565 111.8318 171.6851 131.4170 67.4543 36.5182 121.4130 48.5134
232.9947 83.0099 32.3209 98.8691 133.4841 122.4117 135.9270 105.3250 68.5273 163.3573 135.8070 9.7693 48.1815 108.7878 116.8963 101.2296 0.0000 30.4399 115.3412 29.3311 132.6091 63.7069 191.7877 85.5987 140.4427 64.4678 187.6241 45.8032
149.8149 80.4635 134.0814 36.9850 68.5123 224.1756 82.8459 15.2707 86.5552 99.9839 153.9108 76.8251 145.9536 148.3466 113.5926 116.2780 30.4399 0.0000 101.1884 154.2882 151.0186 169.6967 144.6040 71.5045 156.3449 59.5245 110.0378 259.2017
104.8961 85.3066 182.7596 184.7009 13.2114 20.7799 185.7268 107.5068 108.1467 22.4346 39.3208 104.5496 172.6970 112.4306 134.8549 211.1350 115.3412 101.1884 0.0000 111.2871 127.1010 173.2803 156.6994 80.2454 87.7348 99.5542 64.8799 117.2809
120.2125 95.1209 130.4596 39.3050 191.6285 32.4904 91.7413 29.0383 59.0506 62.8255 1.3602 15.6256 138.5321 101.7451 48.2917 27.3775 29.3311 154.2882 111.2871 0.0000 114.3710 71.7255 79.2361 110.3208 176.8540 104.8198 219.0061 25.2521
170.1053 190.1109 51.1052 3.9789 112.0658 167.6692 120.4018 101.2321 156.7054 160.8237 19.3052 93.2463 173.3601 149.1660 304.2619 8.3565 132.6091 151.0186 127.1010 114.3710 0.0000 2.8888 101.3385 13.9268 111.2115 107.4468 80.9562 28.4101
122.1429 146.8858 204.3770 205.7910 37.0007 179.6918 19.8662 83.4118 177.0524 102.7128 78.7971 183.0530 97.8304 79.7279 204.9628 111.8318 63.7069 169.6967 173.2803 71.7255 2.8888 0.0000 55.4171 165.2500 73.8447 186.1226 139.0808 79.6938
118.2955 45.9314 221.5265 208.3716 69.7830 121.8104 151.7605 140.0097 102.1329 97.5293 120.3302 46.3245 168.2134 64.8275 43.8409 171.6851 191.7877 144.6040 156.6994 79.2361 101.3385 55.4171 0.0000 172.6647 137.6739 73.6864 160.1962 138.1545
199.8848 132.7117 107.8179 77.6434 126.1220 37.4747 104.6506 48.9994 141.3812 144.2746 181.0426 88.2697 94.5350 79.3141 39.2062 131.4170 85.5987 71.5045 80.2454 110.3208 13.9268 165.2500 172.6647 0.0000 166.2592 134.2951 109.7972 61.2239
100.3825 18.7905 105.0147 239.4207 26.4626 147.4185 174.7701 74.0753 217.4304 112.5450 182.8930 52.2021 133.9615 91.2107 56.7798 67.4543 140.4427 156.3449 87.7348 176.8540 111.2115 73.8447 137.6739 166.2592 0.0000 80.2441 28.7648 111.7903
75.5569 100.0122 145.7952 45.1689 7.2065 177.8988 114.6362 131.5095 124.2829 163.5009 45.2629 158.7862 163.3537 151.1811 102.3369 36.5182 64.4678 59.5245 99.5542 104.8198 107.4468 186.1226 73.6864 134.2951 80.2441 0.0000 80.5192 70.4905
107.0609 186.0824 128.8327 64.3893 50.3413 29.6203 68.6368 155.2308 101.8791 21.4866 94.4805 46.6461 137.1551 139.4735 68.7320 121.4130 187.6241 110.0378 64.8799 219.0061 80.9562 139.0808 160.1962 109.7972 28.7648 80.5192 0.0000 162.1638
114.8751 141.6397 51.5036 114.3150 35.9380 120.3632 69.5844 33.8125 61.5215 38.2030 104.7833 10.6742 46.1172 120.5581 76.4049 48.5134 45.8032 259.2017 117.2809 25.2521 28.4101 79.6938 138.1545 61.2239 111.7903 70.4905 162.1638 0.0000
