28
0.0000 103.2381 104.2077 63.8991 126.7622 31.3451 128.3787 49.4079 90.0487 148.8203 92.9823 140.0387 139.0689 159.7029 17.0236 76.5646 59.1072 106.8320 109.6327 182.5029 244.4424 107.1205 180.0305 135.6152 61.2585 144.1886 163.4821 157.0534
103.2381 0.0000 169.9923 153.2714 180.9913 88.8963 124.3901 78.9844 196.6848 43.4611 42.9108 138.5130 52.1992 147.9544 257.1091 42.6409 149.5435 77.9975 161.1315 23.0210 42.0464 151.3607 70.7417 68.6951 228.6333 38.4623 170.3865 119.6890
104.2077 169.9923 0.0000 54.9226 148.6453 88.5440 182.9027 6.3323 70.0436 72.1013 204.7096 138.4773 54.1922 151.1587 62.5072 106.8774 97.6643 145.9252 29.3231 47.2635 135.0813 136.0115 53.6092 179.3401 175.4812 128.4053 50.6975 116.3956
63.8991 153.2714 54.9226 0.0000 165.8825 164.4638 102.4616 95.1322 42.9245 289.4585 52.2347 17.2745 210.1514 141.2290 67.7868 138.9869 180.0960 62.7310 58.3103 29.1402 190.5646 193.0414 135.4164 156.1704 66.4286 101.0390 64.8670 106.3729
126.7622 180.9913 148.6453 165.8825 0.0000 134.2473 166.1617 280.6718 66.9015 57.9363 159.2088 114.1826 86.0759 182.6687 97.6372 84.4620 68.9980 76.8841 67.8375 132.5767 124.2895 109.8620 52.0647 124.9202 126.0460 102.6263 72.9289 131.3877
31.3451 88.8963 88.5440 164.4638 134.2473 0.0000 125.1390 136.2280 113.7742 64.1634 115.6885 59.9976 121.6720 136.3658 154.5425 215.8560 29.2600 108.1025 89.0012 60.6563 259.2860 182.0270 65.4458 93.0648 69.5495 113.9427 32.2389 121.7179
128.3787 124.3901 182.9027 102.4616 166.1617 125.1390 0.0000 106.9185 176.6256 144.9150 13.5550 145.9639 119.4618 18.9086 40.9979 85.8864 195.3991 66.9708 13.5783 180.9861 173.7956 40.4412 116.1818 177.0674 63.6876 108.3382 105.7668 108.4478
49.4079 78.9844 6.3323 95.1322 280.6718 136.2280 106.9185 0.0000 211.6841 239.5930 137.9644 115.7266 184.8833 83.4638 93.1462 77.7248 56.0660 189.9409 105.8026 32.6386 195.3663 15.1892 104.9595 195.5380 66.0838 154.9232 58.0989 215.2718
90.0487 196.6848 70.0436 42.9245 66.9015 113.7742 176.6256 211.6841 0.0000 125.3073 149.6392 47.8354 110.7359 115.3634 12.1382 164.7324 109.2092 56.4187 65.6992 151.5188 31.6687 6.2870 94.9138 119.3156 92.6146 118.1392 50.9950 93.6664
148.8203 43.4611 72.1013 289.4585 57.9363 64.1634 144.9150 239.5930 125.3073 0.0000 197.8491 71.3160 143.6689 19.3729 163.9678 111.0066 58.3611 210.9260 122.1857 49.6472 136.9078 125.5409 32.7872 225.7844 42.0889 43.5242 130.8999 169.5464
92.9823 42.9108 204.7096 52.2347 159.2088 115.6885 13.5550 137.9644 149.6392 197.8491 0.0000 209.6823 98.1625 142.4307 94.5259 178.2758 133.9831 70.4659 164.3950 229.0544 62.5352 68.9612 211.9995 123.9162 103.0836 65.3106 183.7742 55.6130
140.0387 138.5130 138.4773 17.2745 114.1826 59.9976 145.9639 115.7266 47.8354 71.3160 209.6823 0.0000 145.4173 165.7252 186.1529 70.2711 23.5803 146.0408 118.9247 155.2729 90.0461 105.3379 60.1473 27.7640 140.3019 141.5907 68.3988 14.1341
139.0689 52.1992 54.1922 210.1514 86.0759 121.6720 119.4618 184.8833 110.7359 143.6689 98.1625 145.4173 0.0000 197.8960 84.2544 145.8491 85.4509 45.8983 83.0314 134.5008 52.2883 53.1388 104.3442 138.6615 78.7124 73.2852 125.5702 35.2863
159.7029 147.9544 151.1587 141.2290 182.6687 136.3658 18.9086 83.4638 115.3634 19.3729 142.4307 165.7252 197.8960 0.0000 139.0307 151.6477 73.1826 94.1961 130.4950 140.9944 154.3593 117.1424 48.2119 153.7665 130.3634 100.1290 49.6405 54.2110
17.0236 257.1091 62.5072 67.7868 97.6372 154.5425 40.9979 93.1462 12.1382 163.9678 94.5259 186.1529 84.2544 139.0307 0.0000 125.4726 96.6366 74.2243 97.6986 79.7560 69.4714 124.9161 62.1384 257.0218 47.2952 199.9537 81.9546 214.6722
76.5646 42.6409 106.8774 138.9869 84.4620 215.8560 85.8864 77.7248 164.7324 111.0066 178.2758 70.2711 145.8491 151.6477 125.4726 0.0000 65.7266 121.8281 158.2642 11.1812 221.8556 95.3440 173.9031 150.6522 174.7005 78.1995 170.3743 164.6183
59.1072 149.5435 97.6643 180.0960 68.9980 29.2600 195.3991 56.0660 109.2092 58.3611 133.9831 23.5803 85.4509 73.1826 96.6366 65.7266 0.0000 138.0005 113.2182 43.0006 36.8935 159.6599 193.9212 20.7199 64.3427 119.6534 117.6416 111.3501
106.8320 77.9975 145.9252 62.7310 76.8841 108.1025 66.9708 189.9409 56.4187 210.9260 70.4659 146.0408 45.8983 94.1961 74.2243 121.8281 138.0005 0.0000 106.1323 50.1867 129.5560 30.5165 32.2420 155.8282 48.8576 124.9928 109.4159 126.0288
109.6327 161.1315 29.3231 58.3103 67.8375 89.0012 13.5783 105.8026 65.6992 122.1857 164.3950 118.9247 83.0314 130.4950 97.6986 158.2642 113.2182 106.1323 0.0000 63.0012 207.8496 148.2408 122.8306 26.9131 177.2793 71.7436 196.2002 89.7194
182.5029 23.0210 47.2635 29.1402 132.5767 60.6563 180.9861 32.6386 151.5188 49.6472 229.0544 155.2729 134.5008 140.9944 79.7560 11.1812 43.0006 50.1867 63.0012 0.0000 19.4452 135.7606 73.2087 80.6740 121.3052 111.9212 152.8936 91.4813
244.4424 42.0464 135.0813 190.5646 124.2895 259.2860 173.7956 195.3663 31.6687 136.9078 62.5352 90.0461 52.2883 154.3593 69.4714 221.8556 36.8935 129.5560 207.8496 19.4452 0.0000 105.7229 93.6656 115.6668 125.9397 35.3300 110.4600 140.6798
107.1205 151.3607 136.0115 193.0414 109.8620 182.0270 40.4412 15.1892 6.2870 125.5409 68.9612 105.3379 53.1388 117.1424 124.9161 95.3440 159.6599 30.5165 148.2408 135.7606 105.7229 0.0000 60.8029 111.9614 19.0146 154.2468 102.4133 72.9135
180.0305 70.7417 53.6092 135.4164 52.0647 65.4458 116.1818 104.9595 94.9138 32.7872 211.9995 60.1473 104.3442 48.2119 62.1384 173.9031 193.9212 32.2420 122.8306 73.2087 93.6656 60.8029 0.0000 117.1915 56.7270 105.2483 223.2048 117.5762
135.6152 68.6951 179.3401 156.1704 124.9202 93.0648 177.0674 195.5380 119.3156 225.7844 123.9162 27.7640 138.6615 153.7665 257.0218 150.6522 20.7199 155.8282 26.9131 80.6740 115.6668 111.9614 117.1915 0.0000 47.8445 130.2105 115.5820 69.6659
61.2585 228.6333 175.4812 66.4286 126.0460 69.5495 63.6876 66.0838 92.6146 42.0889 103.0836 140.3019 78.7124 130.3634 47.2952 174.7005 64.3427 48.8576 177.2793 121.3052 125.9397 19.0146 56.7270 47.8445 0.0000 156.5663 65.5301 93.8274
144.1886 38.4623 128.4053 101.0390 102.6263 113.9427 108.3382 154.9232 118.1392 43.5242 65.3106 141.5907 73.2852 100.1290 199.9537 78.1995 119.6534 124.9928 71.7436 111.9212 35.3300 154.2468 105.2483 130.2105 156.5663 0.0000 80.9472 148.4290
163.4821 170.3865 50.6975 64.8670 72.9289 32.2389 105.7668 58.0989 50.9950 130.8999 183.7742 68.3988 125.5702 49.6405 81.9546 170.3743 117.6416 109.4159 196.2002 152.8936 110.4600 102.4133 223.2048 115.5820 65.5301 80.9472 0.0000 79.0573
157.0534 119.6890 116.3956 106.3729 131.3877 121.7179 108.4478 215.2718 93.6664 169.5464 55.6130 14.1341 35.2863 54.2110 214.6722 164.6183 111.3501 126.0288 89.7194 91.4813 140.6798 72.9135 117.5762 69.6659 93.8274 148.4290 79.0573 0.0000
