28
0.0000 129.0988 55.9794 118.8422 32.3768 154.1555 2.0538 85.3352 118.2644 17.3710 66.4568 193.7841 71.8688 59.5423 80.6145 62.2581 183.3781 203.8531 70.0502 14.3433 91.6939 97.7606 63.8843 214.5600 116.9179 113.3774 158.1925 92.2422
129.0988 0.0000 197.3891 68.3119 83.1645 56.4213 100.5717 20.0709 135.5721 83.2030 3.5091 118.8694 99.8466 56.3427 108.9789 13.0248 62.9788 11.8711 43.8417 111.3547 185.9836 81.4058 22.2584 56.1112 99.6107 48.9819 117.2947 188.9411
55.9794 197.3891 0.0000 104.3697 53.7226 133.5986 69.6945 123.3056 155.3343 80.1994 236.8230 65.7153 120.1858 177.4656 68.3039 175.7029 144.4067 89.4880 99.6616 111.4194 138.4654 107.4768 157.7673 71.2315 92.0943 129.0163 199.8214 167.7057
118.8422 68.3119 104.3697 0.0000 127.1124 106.4424 87.9892 159.7070 35.7262 65.5614 74.2379 59.9053 59.7340 152.3689 1.7438 42.2801 86.9166 113.6067 118.7183 116.0159 137.0092 92.0925 106.9782 46.7165 119.4953 198.5782 41.8698 86.8573
32.3768 83.1645 53.7226 127.1124 0.0000 171.9601 62.2945 244.8024 96.9786 3.3707 148.2146 88.9031 58.2343 110.0140 129.8614 163.5418 200.3128 156.4609 108.5963 12.4901 94.5961 131.8642 68.1530 120.3517 89.1380 53.5249 116.8078 90.4314
154.1555 56.4213 133.5986 106.4424 171.9601 0.0000 72.5414 120.8408 59.8080 94.8001 23.7030 117.3717 176.9850 68.6461 91.3473 73.4491 90.9979 180.2366 130.3704 92.7369 97.6460 65.2665 197.0322 87.3759 98.2128 40.7977 141.1204 103.2062
2.0538 100.5717 69.6945 87.9892 62.2945 72.5414 0.0000 39.7191 31.6990 104.0011 108.0047 63.2305 140.7659 78.1446 42.9124 164.7380 11.2451 98.1669 56.5083 107.0280 130.6243 146.8684 120.2719 91.5075 64.2390 92.2377 125.9618 144.1450
85.3352 20.0709 123.3056 159.7070 244.8024 120.8408 39.7191 0.0000 177.8313 142.2788 155.6135 128.0952 46.3753 63.4735 61.4790 179.4321 113.8684 96.7098 142.5503 27.9074 13.7286 56.2917 144.9281 141.9152 47.5670 137.7111 161.3380 199.9437
118.2644 135.5721 155.3343 35.7262 96.9786 59.8080 31.6990 177.8313 0.0000 69.6605 157.7169 75.2285 154.0920 88.5302 118.4310 57.4399 107.2547 99.1359 21.2048 92.2150 177.0021 52.4064 65.7705 78.6543 131.8228 122.6484 93.9286 111.2073
17.3710 83.2030 80.1994 65.5614 3.3707 94.8001 104.0011 142.2788 69.6605 0.0000 116.1751 138.8039 95.9449 103.8755 134.1321 139.2490 42.7910 87.1916 99.7119 28.3612 112.0494 72.3165 64.4792 126.9614 141.8985 64.7385 106.3515 116.0543
66.4568 3.5091 236.8230 74.2379 148.2146 23.7030 108.0047 155.6135 157.7169 116.1751 0.0000 117.0800 124.2230 126.9278 134.5773 3.7463 118.9841 95.1599 89.4028 178.3592 243.5729 137.5797 127.7304 166.1760 46.5315 69.8182 65.7481 82.8607
193.7841 118.8694 65.7153 59.9053 88.9031 117.3717 63.2305 128.0952 75.2285 138.8039 117.0800 0.0000 117.9860 160.0184 115.5468 152.6552 161.6491 96.3254 91.5296 69.4739 211.8042 107.5591 42.3032 212.1164 117.2440 2.0882 138.4444 174.1251
71.8688 99.8466 120.1858 59.7340 58.2343 176.9850 140.7659 46.3753 154.0920 95.9449 124.2230 117.9860 0.0000 93.5350 86.3807 163.0764 189.4189 185.3241 176.7616 57.2341 146.5556 38.9624 169.6765 97.5564 176.9778 138.8553 72.3327 27.2893
59.5423 56.3427 177.4656 152.3689 110.0140 68.6461 78.1446 63.4735 88.5302 103.8755 126.9278 160.0184 93.5350 0.0000 153.5961 203.6166 104.5446 113.8037 199.6188 100.3157 186.5132 145.1621 184.5176 54.9627 134.2247 83.2933 165.1520 217.5816
80.6145 108.9789 68.3039 1.7438 129.8614 91.3473 42.9124 61.4790 118.4310 134.1321 134.5773 115.5468 86.3807 153.5961 0.0000 21.5965 127.8784 158.5697 107.2937 71.6777 152.0669 161.5778 28.0305 71.9316 43.3830 5.2696 74.1502 114.7254
62.2581 13.0248 175.7029 42.2801 163.5418 73.4491 164.7380 179.4321 57.4399 139.2490 3.7463 152.6552 163.0764 203.6166 21.5965 0.0000 84.4111 50.6014 71.5418 141.3426 137.8933 31.3715 65.6221 101.3634 125.1291 67.5236 57.6907 87.8401
183.3781 62.9788 144.4067 86.9166 200.3128 90.9979 11.2451 113.8684 107.2547 42.7910 118.9841 161.6491 189.4189 104.5446 127.8784 84.4111 0.0000 23.9449 58.6627 74.2895 198.1731 153.0566 212.6979 145.2784 130.9936 65.1399 119.5999 54.9186
203.8531 11.8711 89.4880 113.6067 156.4609 180.2366 98.1669 96.7098 99.1359 87.1916 95.1599 96.3254 185.3241 113.8037 158.5697 50.6014 23.9449 0.0000 52.0494 150.0617 11.0883 75.7242 119.2005 92.3565 54.2330 30.9924 113.3550 103.2564
70.0502 43.8417 99.6616 118.7183 108.5963 130.3704 56.5083 142.5503 21.2048 99.7119 89.4028 91.5296 176.7616 199.6188 107.2937 71.5418 58.6627 52.0494 0.0000 90.1765 158.6802 106.6736 164.1879 46.7833 73.0974 163.2434 73.4050 16.4259
14.3433 111.3547 111.4194 116.0159 12.4901 92.7369 107.0280 27.9074 92.2150 28.3612 178.3592 69.4739 57.2341 100.3157 71.6777 141.3426 74.2895 150.0617 90.1765 0.0000 107.3836 19.2609 18.4260 131.1085 133.6752 148.1876 92.0016 101.7150
91.6939 185.9836 138.4654 137.0092 94.5961 97.6460 130.6243 13.7286 177.0021 112.0494 243.5729 211.8042 146.5556 186.5132 152.0669 137.8933 198.1731 11.0883 158.6802 107.3836 0.0000 51.2853 74.9960 116.9040 11.3806 52.0448 154.8552 33.5215
97.7606 81.4058 107.4768 92.0925 131.8642 65.2665 146.8684 56.2917 52.4064 72.3165 137.5797 107.5591 38.9624 145.1621 161.5778 31.3715 153.0566 75.7242 106.6736 19.2609 51.2853 0.0000 115.0852 59.9527 194.0403 124.4233 141.4874 122.7030
63.8843 22.2584 157.7673 106.9782 68.1530 197.0322 120.2719 144.9281 65.7705 64.4792 127.7304 42.3032 169.6765 184.5176 28.0305 65.6221 212.6979 119.2005 164.1879 18.4260 74.9960 115.0852 0.0000 111.4638 131.7068 210.7865 109.8912 141.4386
214.5600 56.1112 71.2315 46.7165 120.3517 87.3759 91.5075 141.9152 78.6543 126.9614 166.1760 212.1164 97.5564 54.9627 71.9316 101.3634 145.2784 92.3565 46.7833 131.1085 116.9040 59.9527 111.4638 0.0000 32.8072 39.4142 147.8647 94.3211
116.9179 99.6107 92.0943 119.4953 89.1380 98.2128 64.2390 47.5670 131.8228 141.8985 46.5315 117.2440 176.9778 134.2247 43.3830 125.1291 130.9936 54.2330 73.0974 133.6752 11.3806 194.0403 131.7068 32.8072 0.0000 83.5020 161.3526 216.8085
113.3774 48.9819 129.0163 198.5782 53.5249 40.7977 92.2377 137.7111 122.6484 64.7385 69.8182 2.0882 138.8553 83.2933 5.2696 67.5236 65.1399 30.9924 163.2434 148.1876 52.0448 124.4233 210.7865 39.4142 83.5020 0.0000 95.7129 141.0571
158.1925 117.2947 199.8214 41.8698 116.8078 141.1204 125.9618 161.3380 93.9286 106.3515 65.7481 138.4444 72.3327 165.1520 74.1502 57.6907 119.5999 113.3550 73.4050 92.0016 154.8552 141.4874 109.8912 147.8647 161.3526 95.7129 0.0000 116.8694
92.2422 188.9411 167.7057 86.8573 90.4314 103.2062 144.1450 199.9437 111.2073 116.0543 82.8607 174.1251 27.2893 217.5816 114.7254 87.8401 54.9186 103.2564 16.4259 101.7150 33.5215 122.7030 141.4386 94.3211 216.8085 141.0571 116.8694 0.0000
