28
0.0000 119.9470 51.8906 186.7783 149.8554 157.4109 163.7262 103.2521 85.0342 21.6426 23.4666 128.8712 110.3122 90.3337 59.1800 17.0524 139.5875 3.5669 59.5652 71.4198 155.9130 148.6663 146.4945 154.6034 110.8361 80.3599 57.0472 152.6338
119.9470 0.0000 126.2667 97.5854 13.6346 22.1093 170.0623 25.9724 155.2868 114.9934 20.6767 11.0549 272.6401 32.0805 169.2725 101.5455 178.4647 17.4191 76.9272 52.9123 80.7631 112.6995 94.6888 159.0975 145.7950 110.4128 132.5368 80.7359
51.8906 126.2667 0.0000 138.7951 129.6682 107.2371 57.4964 118.1912 61.8511 162.5865 196.0738 104.2922 101.9736 192.0602 199.5330 13.2001 163.9183 106.5054 92.1268 98.6542 49.7318 63.7448 85.9224 150.2314 155.1008 125.6681 111.7670 75.2641
186.7783 97.5854 138.7951 0.0000 51.0729 176.2172 203.4458 166.6100 72.7940 32.7487 102.9639 111.8264 100.4602 140.7976 203.6520 110.7642 180.1414 13.8835 98.6680 18.1868 75.5784 105.8616 153.5492 48.7548 53.1895 68.4072 68.3857 69.5366
149.8554 13.6346 129.6682 51.0729 0.0000 57.9886 159.7492 156.5418 87.6151 179.6383 64.1155 44.1630 92.2522 142.5162 154.7894 116.6131 124.1253 92.0049 85.2497 22.1807 142.9527 100.2439 169.7287 136.5469 110.3373 171.7848 147.2483 120.3724
157.4109 22.1093 107.2371 176.2172 57.9886 0.0000 57.7053 48.6867 225.3388 103.4941 7.7044 156.2851 68.5435 103.5582 12.9779 191.5754 158.0483 75.7563 17.5588 76.7695 113.4079 77.8128 143.3793 150.1922 37.2550 115.5192 121.5410 33.6761
163.7262 170.0623 57.4964 203.4458 159.7492 57.7053 0.0000 213.5872 138.6602 109.3654 93.5548 113.2048 8.2483 49.5476 91.0034 132.9608 22.7300 46.3042 47.9803 223.5582 154.8995 86.9118 56.3304 147.4705 130.4131 140.8028 100.1755 133.6121
103.2521 25.9724 118.1912 166.6100 156.5418 48.6867 213.5872 0.0000 62.6033 76.1481 132.4167 126.5274 96.7400 123.8867 75.3898 55.2123 111.5827 121.3518 111.7519 142.9708 177.9208 115.9264 138.8499 242.9440 120.5217 66.9379 146.3834 127.9631
85.0342 155.2868 61.8511 72.7940 87.6151 225.3388 138.6602 62.6033 0.0000 178.1179 138.4285 124.0014 130.1092 89.5797 19.2576 206.7735 45.0067 160.2684 142.6290 54.8188 17.3377 21.9677 102.8534 104.7904 17.9838 95.0869 125.7868 86.7456
21.6426 114.9934 162.5865 32.7487 179.6383 103.4941 109.3654 76.1481 178.1179 0.0000 164.5073 142.8016 107.8820 124.7578 27.5210 111.0506 164.0852 165.6038 148.0874 115.6746 137.7631 103.9825 89.2432 24.3022 123.1506 36.2582 122.3805 126.8421
23.4666 20.6767 196.0738 102.9639 64.1155 7.7044 93.5548 132.4167 138.4285 164.5073 0.0000 87.7772 79.0793 66.2226 131.6756 74.3887 112.1820 110.0560 48.7357 64.1129 165.9955 273.1881 129.5877 71.1700 143.0015 109.2738 106.2536 191.7878
128.8712 11.0549 104.2922 111.8264 44.1630 156.2851 113.2048 126.5274 124.0014 142.8016 87.7772 0.0000 8.4096 82.7871 125.7111 85.9485 52.6337 153.1671 166.0760 104.3095 150.1857 55.0627 151.3379 160.6578 40.0354 52.7152 61.8089 9.8000
110.3122 272.6401 101.9736 100.4602 92.2522 68.5435 8.2483 96.7400 130.1092 107.8820 79.0793 8.4096 0.0000 128.0556 31.8732 134.4368 114.1020 175.4356 32.7320 129.3884 141.7458 145.9687 168.6327 171.4190 152.4310 203.8954 5.2603 96.8417
90.3337 32.0805 192.0602 140.7976 142.5162 103.5582 49.5476 123.8867 89.5797 124.7578 66.2226 82.7871 128.0556 0.0000 47.9486 90.7976 60.1606 212.4655 36.2539 100.0337 74.8966 2.6595 24.2216 70.5798 6.4855 15.9141 217.1982 79.1309
59.1800 169.2725 199.5330 203.6520 154.7894 12.9779 91.0034 75.3898 19.2576 27.5210 131.6756 125.7111 31.8732 47.9486 0.0000 65.7737 124.4235 130.7665 10.5667 125.1391 26.9778 86.0710 184.4265 126.6470 51.7600 107.2704 132.9480 169.3703
17.0524 101.5455 13.2001 110.7642 116.6131 191.5754 132.9608 55.2123 206.7735 111.0506 74.3887 85.9485 134.4368 90.7976 65.7737 0.0000 43.7874 75.5945 52.9901 154.9243 160.7411 125.0830 3.3009 11.2039 127.2434 100.4533 121.5737 14.7317
139.5875 178.4647 163.9183 180.1414 124.1253 158.0483 22.7300 111.5827 45.0067 164.0852 112.1820 52.6337 114.1020 60.1606 124.4235 43.7874 0.0000 137.2847 92.1060 19.6868 58.6877 206.9709 144.7510 99.2303 59.6798 172.2925 119.6127 50.5677
3.5669 17.4191 106.5054 13.8835 92.0049 75.7563 46.3042 121.3518 160.2684 165.6038 110.0560 153.1671 175.4356 212.4655 130.7665 75.5945 137.2847 0.0000 91.3274 88.7241 153.3298 97.0338 121.5455 103.3302 114.2315 31.7027 112.0631 61.9418
59.5652 76.9272 92.1268 98.6680 85.2497 17.5588 47.9803 111.7519 142.6290 148.0874 48.7357 166.0760 32.7320 36.2539 10.5667 52.9901 92.1060 91.3274 0.0000 101.2446 52.4888 116.0594 164.3328 196.8839 116.1640 61.1188 76.8677 135.8928
71.4198 52.9123 98.6542 18.1868 22.1807 76.7695 223.5582 142.9708 54.8188 115.6746 64.1129 104.3095 129.3884 100.0337 125.1391 154.9243 19.6868 88.7241 101.2446 0.0000 54.7664 171.1763 53.6596 114.1477 43.8692 69.6203 165.3842 104.5676
155.9130 80.7631 49.7318 75.5784 142.9527 113.4079 154.8995 177.9208 17.3377 137.7631 165.9955 150.1857 141.7458 74.8966 26.9778 160.7411 58.6877 153.3298 52.4888 54.7664 0.0000 21.2353 107.2427 63.7962 177.8961 138.0917 139.5590 73.7153
148.6663 112.6995 63.7448 105.8616 100.2439 77.8128 86.9118 115.9264 21.9677 103.9825 273.1881 55.0627 145.9687 2.6595 86.0710 125.0830 206.9709 97.0338 116.0594 171.1763 21.2353 0.0000 93.8066 29.3213 200.3237 55.0294 129.9652 55.7740
146.4945 94.6888 85.9224 153.5492 169.7287 143.3793 56.3304 138.8499 102.8534 89.2432 129.5877 151.3379 168.6327 24.2216 184.4265 3.3009 144.7510 121.5455 164.3328 53.6596 107.2427 93.8066 0.0000 61.1105 60.8966 165.3126 31.9086 268.2009
154.6034 159.0975 150.2314 48.7548 136.5469 150.1922 147.4705 242.9440 104.7904 24.3022 71.1700 160.6578 171.4190 70.5798 126.6470 11.2039 99.2303 103.3302 196.8839 114.1477 63.7962 29.3213 61.1105 0.0000 112.7041 88.0136 62.8946 156.0068
110.8361 145.7950 155.1008 53.1895 110.3373 37.2550 130.4131 120.5217 17.9838 123.1506 143.0015 40.0354 152.4310 6.4855 51.7600 127.2434 59.6798 114.2315 116.1640 43.8692 177.8961 200.3237 60.8966 112.7041 0.0000 53.5298 78.1405 82.8878
80.3599 110.4128 125.6681 68.4072 171.7848 115.5192 140.8028 66.9379 95.0869 36.2582 109.2738 52.7152 203.8954 15.9141 107.2704 100.4533 172.2925 31.7027 61.1188 69.6203 138.0917 55.0294 165.3126 88.0136 53.5298 0.0000 177.3144 41.1264
57.0472 132.5368 111.7670 68.3857 147.2483 121.5410 100.1755 146.3834 125.7868 122.3805 106.2536 61.8089 5.2603 217.1982 132.9480 121.5737 119.6127 112.0631 76.8677 165.3842 139.5590 129.9652 31.9086 62.8946 78.1405 177.3144 0.0000 74.0019
152.6338 80.7359 75.2641 69.5366 120.3724 33.6761 133.6121 127.9631 86.7456 126.8421 191.7878 9.8000 96.8417 79.1309 169.3703 14.7317 50.5677 61.9418 135.8928 104.5676 73.7153 55.7740 268.2009 156.0068 82.8878 41.1264 74.0019 0.0000
