28
0.0000 149.0921 77.0561 94.8436 129.8217 166.9483 125.4288 81.7556 147.7009 72.4167 122.1210 12.4174 74.2568 122.2952 83.6291 194.3705 31.3769 163.6577 101.5464 83.4368 64.2464 192.2722 110.3777 86.8428 19.0583 157.0802 189.1553 93.0669
149.0921 0.0000 68.4290 62.4698 43.3003 20.2524 52.2253 61.5720 166.8788 14.5604 74.1606 38.2986 95.3420 101.7261 26.6155 173.3434 115.1048 197.2982 202.2646 36.1421 94.7493 166.9297 85.5010 110.1240 91.8802 70.0401 132.9272 80.5752
77.0561 68.4290 0.0000 12.1663 77.7684 149.7617 106.5382 76.3781 117.8930 129.5907 191.7766 218.4555 44.9230 19.8479 112.3291 92.6808 145.3590 68.1940 86.2471 113.3791 93.5512 81.1239 67.4290 76.0762 137.5405 166.2644 90.2254 134.7259
94.8436 62.4698 12.1663 0.0000 139.8261 17.8199 96.5307 83.1296 76.9878 146.1700 74.4870 41.3230 194.5029 81.4771 61.4366 145.3897 81.8066 94.0179 113.6567 37.6181 139.4148 97.4460 137.6716 60.7312 60.0592 92.0868 161.7205 131.3504
129.8217 43.3003 77.7684 139.8261 0.0000 54.2773 34.7986 131.8090 72.5092 80.0077 180.6007 101.3160 61.0857 62.8821 96.8011 150.6326 115.5083 81.5233 21.4127 143.1930 45.0929 120.6539 74.2532 4.9553 155.3173 53.4363 91.8312 143.3583
166.9483 20.2524 149.7617 17.8199 54.2773 0.0000 4.0071 145.3204 139.1470 32.3429 74.2053 175.5731 126.4476 159.9557 54.2773 144.6886 104.7009 99.5550 74.7472 90.6213 79.9063 30.5132 132.9085 2.0862 119.9334 60.6622 103.3694 116.8232
125.4288 52.2253 106.5382 96.5307 34.7986 4.0071 0.0000 31.2325 99.8115 29.0740 75.0090 195.7620 177.9366 128.5709 87.1206 73.8689 127.7440 106.5009 150.1689 60.6248 95.3057 77.2657 82.5677 19.8388 70.0392 217.9955 62.9541 68.7760
81.7556 61.5720 76.3781 83.1296 131.8090 145.3204 31.2325 0.0000 169.0056 48.9696 59.0063 65.2820 199.2252 163.0298 184.5151 55.9657 56.6240 117.4295 97.5642 68.4703 138.7386 83.6584 169.0649 194.6358 54.4950 80.9089 46.7403 158.0526
147.7009 166.8788 117.8930 76.9878 72.5092 139.1470 99.8115 169.0056 0.0000 201.1654 76.6306 145.5960 77.5657 86.9326 64.7857 53.8469 103.3399 144.3585 181.2247 36.5590 147.6297 184.0948 111.0348 55.2754 141.2238 170.4956 102.5017 108.7113
72.4167 14.5604 129.5907 146.1700 80.0077 32.3429 29.0740 48.9696 201.1654 0.0000 57.3022 220.6873 107.7846 102.5674 105.2252 92.7889 48.1852 58.6508 159.9538 23.6310 95.7616 37.1001 102.4235 78.9048 155.7278 103.9268 79.1711 12.7416
122.1210 74.1606 191.7766 74.4870 180.6007 74.2053 75.0090 59.0063 76.6306 57.3022 0.0000 76.3317 210.4003 46.0826 152.6426 141.9625 63.3608 101.7477 116.3311 3.0814 16.1900 100.0704 9.6839 67.4659 115.4614 154.4974 53.4766 92.7646
12.4174 38.2986 218.4555 41.3230 101.3160 175.5731 195.7620 65.2820 145.5960 220.6873 76.3317 0.0000 80.0837 143.6710 106.5961 115.8964 42.6059 106.4285 82.9058 129.8709 95.6028 31.3913 101.7829 156.9327 170.2316 28.9695 31.3482 81.4787
74.2568 95.3420 44.9230 194.5029 61.0857 126.4476 177.9366 199.2252 77.5657 107.7846 210.4003 80.0837 0.0000 190.1560 50.8236 142.7123 187.0226 85.6417 43.3191 137.4987 159.1695 101.7729 207.4356 209.6219 64.2931 99.8966 54.3191 114.5641
122.2952 101.7261 19.8479 81.4771 62.8821 159.9557 128.5709 163.0298 86.9326 102.5674 46.0826 143.6710 190.1560 0.0000 63.7777 171.4252 94.6189 80.7366 47.4089 115.3936 90.9391 68.2546 47.1737 31.7950 137.2172 112.3902 57.8330 76.7759
83.6291 26.6155 112.3291 61.4366 96.8011 54.2773 87.1206 184.5151 64.7857 105.2252 152.6426 106.5961 50.8236 63.7777 0.0000 65.7283 123.8972 11.7732 61.3680 180.7284 2.5967 172.6480 54.0253 218.5414 204.0338 90.3296 87.5109 114.5514
194.3705 173.3434 92.6808 145.3897 150.6326 144.6886 73.8689 55.9657 53.8469 92.7889 141.9625 115.8964 142.7123 171.4252 65.7283 0.0000 116.6053 77.0201 63.4633 136.5614 123.7588 147.5919 102.6322 118.7155 79.6884 178.9619 142.8714 139.5353
31.3769 115.1048 145.3590 81.8066 115.5083 104.7009 127.7440 56.6240 103.3399 48.1852 63.3608 42.6059 187.0226 94.6189 123.8972 116.6053 0.0000 120.7244 118.6632 122.8153 81.9531 34.8772 78.5709 99.9640 130.8290 106.7937 270.6451 69.7505
163.6577 197.2982 68.1940 94.0179 81.5233 99.5550 106.5009 117.4295 144.3585 58.6508 101.7477 106.4285 85.6417 80.7366 11.7732 77.0201 120.7244 0.0000 1.1096 41.4271 113.7068 41.8213 24.6389 154.9067 158.4311 119.5431 139.2185 18.2995
101.5464 202.2646 86.2471 113.6567 21.4127 74.7472 150.1689 97.5642 181.2247 159.9538 116.3311 82.9058 43.3191 47.4089 61.3680 63.4633 118.6632 1.1096 0.0000 107.2992 179.5830 126.2129 92.5874 95.5068 35.6219 116.4569 116.7847 102.6691
83.4368 36.1421 113.3791 37.6181 143.1930 90.6213 60.6248 68.4703 36.5590 23.6310 3.0814 129.8709 137.4987 115.3936 180.7284 136.5614 122.8153 41.4271 107.2992 0.0000 198.3442 8.1110 76.4256 75.4589 97.1936 225.1079 91.4396 115.3976
64.2464 94.7493 93.5512 139.4148 45.0929 79.9063 95.3057 138.7386 147.6297 95.7616 16.1900 95.6028 159.1695 90.9391 2.5967 123.7588 81.9531 113.7068 179.5830 198.3442 0.0000 154.3853 73.6555 164.0049 130.8791 106.1235 150.8210 228.8981
192.2722 166.9297 81.1239 97.4460 120.6539 30.5132 77.2657 83.6584 184.0948 37.1001 100.0704 31.3913 101.7729 68.2546 172.6480 147.5919 34.8772 41.8213 126.2129 8.1110 154.3853 0.0000 96.8339 148.1766 222.5042 34.9349 185.0460 73.6677
110.3777 85.5010 67.4290 137.6716 74.2532 132.9085 82.5677 169.0649 111.0348 102.4235 9.6839 101.7829 207.4356 47.1737 54.0253 102.6322 78.5709 24.6389 92.5874 76.4256 73.6555 96.8339 0.0000 121.9719 6.8463 195.7614 154.4886 14.1751
86.8428 110.1240 76.0762 60.7312 4.9553 2.0862 19.8388 194.6358 55.2754 78.9048 67.4659 156.9327 209.6219 31.7950 218.5414 118.7155 99.9640 154.9067 95.5068 75.4589 164.0049 148.1766 121.9719 0.0000 86.5642 98.8878 23.5564 111.4433
19.0583 91.8802 137.5405 60.0592 155.3173 119.9334 70.0392 54.4950 141.2238 155.7278 115.4614 170.2316 64.2931 137.2172 204.0338 79.6884 130.8290 158.4311 35.6219 97.1936 130.8791 222.5042 6.8463 86.5642 0.0000 72.8893 124.1428 114.5892
157.0802 70.0401 166.2644 92.0868 53.4363 60.6622 217.9955 80.9089 170.4956 103.9268 154.4974 28.9695 99.8966 112.3902 90.3296 178.9619 106.7937 119.5431 116.4569 225.1079 106.1235 34.9349 195.7614 98.8878 72.8893 0.0000 91.7820 28.9471
189.1553 132.9272 90.2254 161.7205 91.8312 103.3694 62.9541 46.7403 102.5017 79.1711 53.4766 31.3482 54.3191 57.8330 87.5109 142.8714 270.6451 139.2185 116.7847 91.4396 150.8210 185.0460 154.4886 23.5564 124.1428 91.7820 0.0000 61.0762
93.0669 80.5752 134.7259 131.3504 143.3583 116.8232 68.7760 158.0526 108.7113 12.7416 92.7646 81.4787 114.5641 76.7759 114.5514 139.5353 69.7505 18.2995 102.6691 115.3976 228.8981 73.6677 14.1751 111.4433 114.5892 28.9471 61.0762 0.0000
