28
0.0000 144.8237 95.9560 216.8152 36.1861 52.7179 106.3923 153.3171 165.0148 69.8101 74.2673 100.6584 109.7309 24.9693 121.1380 175.9766 88.4814 124.7290 86.3849 129.1517 79.1303 180.4860 32.4641 156.0484 136.5437 56.3273 132.2544 89.0808
144.8237 0.0000 97.1090 16.9499 116.1458 22.8041 99.8896 87.3575 156.1154 110.3784 160.3639 73.2316 164.5937 145.7347 78.2309 132.7333 14.4533 5.4319 93.6619 104.5912 63.7521 121.6648 57.4664 2.2745 175.0479 205.0688 198.2222 42.0496
95.9560 97.1090 0.0000 143.7054 29.4923 183.5640 128.4080 49.5898 47.0237 171.7917 121.3807 37.3543 23.1704 116.7443 85.0689 213.7870 233.3566 99.5601 29.3839 36.7668 85.5396 11.1851 60.4152 39.2838 66.7443 113.2084 129.6107 148.9696
216.8152 16.9499 143.7054 0.0000 100.7997 23.5003 111.7329 126.5426 135.5415 41.9375 128.0041 39.5129 146.0778 152.3253 16.6088 75.2325 159.7003 112.9739 46.8043 32.3770 124.8681 62.8517 144.5176 151.8858 142.4998 6.0869 42.6744 157.6562
36.1861 116.1458 29.4923 100.7997 0.0000 141.4782 24.8565 147.2465 98.9398 90.8134 220.2697 132.2893 162.8276 93.6819 52.5560 122.8363 113.5859 58.5570 125.9903 211.3469 55.3710 82.1673 135.0204 67.6087 164.8635 156.2053 34.8029 91.4229
52.7179 22.8041 183.5640 23.5003 141.4782 0.0000 48.9838 20.6405 64.5480 71.5448 115.2835 145.4886 116.4523 182.7072 171.8700 68.6781 47.4753 192.5320 110.2478 141.7899 78.9572 38.7247 82.0481 32.0251 83.8556 250.1429 39.6642 129.9676
106.3923 99.8896 128.4080 111.7329 24.8565 48.9838 0.0000 154.4859 97.4011 88.5392 94.5493 160.5781 14.2658 158.9590 133.1811 57.0691 69.2377 104.6033 142.4767 125.1854 111.0992 110.4386 142.2144 197.2075 122.7214 67.1952 87.4972 74.2384
153.3171 87.3575 49.5898 126.5426 147.2465 20.6405 154.4859 0.0000 45.9556 61.6116 123.7986 51.5031 138.9011 152.9435 208.0735 81.6485 48.1684 93.4449 97.5786 13.2950 98.6859 73.7546 132.4839 86.0363 50.1832 133.7602 85.2110 51.4695
165.0148 156.1154 47.0237 135.5415 98.9398 64.5480 97.4011 45.9556 0.0000 0.5662 70.5953 80.0785 149.1175 110.5736 182.3694 56.8092 145.5057 106.1171 58.9942 119.8724 112.2476 116.8324 166.6052 106.7705 94.6355 61.3571 79.2599 96.9259
69.8101 110.3784 171.7917 41.9375 90.8134 71.5448 88.5392 61.6116 0.5662 0.0000 138.7107 176.1788 139.1623 143.5707 87.2567 89.9521 106.3475 118.3106 173.1081 122.0151 120.0893 73.2987 39.1171 78.1162 201.6652 111.5205 55.6678 118.6229
74.2673 160.3639 121.3807 128.0041 220.2697 115.2835 94.5493 123.7986 70.5953 138.7107 0.0000 38.2638 121.2092 162.5646 64.2839 184.8505 94.7058 42.5915 60.2270 47.0026 85.3488 60.2363 124.8449 125.0728 154.0307 132.4538 79.7963 93.5398
100.6584 73.2316 37.3543 39.5129 132.2893 145.4886 160.5781 51.5031 80.0785 176.1788 38.2638 0.0000 95.0961 35.5054 109.8164 9.6143 40.6218 103.5122 78.3539 64.4647 160.8301 128.6692 218.2770 165.4999 239.2066 165.3101 58.9147 212.0938
109.7309 164.5937 23.1704 146.0778 162.8276 116.4523 14.2658 138.9011 149.1175 139.1623 121.2092 95.0961 0.0000 67.6853 56.9404 76.3843 2.6395 126.7432 71.2228 119.5461 92.6237 69.8610 59.6541 93.6986 188.4203 70.8500 162.1347 64.1248
24.9693 145.7347 116.7443 152.3253 93.6819 182.7072 158.9590 152.9435 110.5736 143.5707 162.5646 35.5054 67.6853 0.0000 96.7763 143.8458 123.9190 63.0392 32.5992 81.2644 112.5889 90.6113 99.3153 58.1065 73.6740 153.4524 52.5100 91.5312
121.1380 78.2309 85.0689 16.6088 52.5560 171.8700 133.1811 208.0735 182.3694 87.2567 64.2839 109.8164 56.9404 96.7763 0.0000 15.5263 109.5095 130.9448 125.0255 192.5889 115.2517 41.6613 75.5874 178.0861 119.2345 134.3916 133.2005 120.6200
175.9766 132.7333 213.7870 75.2325 122.8363 68.6781 57.0691 81.6485 56.8092 89.9521 184.8505 9.6143 76.3843 143.8458 15.5263 0.0000 108.1420 114.4608 129.4689 108.5644 111.0316 99.8006 72.0188 57.5476 234.9970 121.6039 35.1571 124.2000
88.4814 14.4533 233.3566 159.7003 113.5859 47.4753 69.2377 48.1684 145.5057 106.3475 94.7058 40.6218 2.6395 123.9190 109.5095 108.1420 0.0000 101.2018 137.7907 171.8735 37.2755 13.8300 138.4669 119.6517 52.6662 179.7528 111.7821 122.9349
124.7290 5.4319 99.5601 112.9739 58.5570 192.5320 104.6033 93.4449 106.1171 118.3106 42.5915 103.5122 126.7432 63.0392 130.9448 114.4608 101.2018 0.0000 79.8567 146.4181 187.1663 142.8448 13.2240 120.2279 81.1302 64.7998 137.0367 109.6251
86.3849 93.6619 29.3839 46.8043 125.9903 110.2478 142.4767 97.5786 58.9942 173.1081 60.2270 78.3539 71.2228 32.5992 125.0255 129.4689 137.7907 79.8567 0.0000 144.8914 126.8365 85.6304 181.3059 118.9849 114.3342 66.1567 177.2585 110.9442
129.1517 104.5912 36.7668 32.3770 211.3469 141.7899 125.1854 13.2950 119.8724 122.0151 47.0026 64.4647 119.5461 81.2644 192.5889 108.5644 171.8735 146.4181 144.8914 0.0000 163.3680 67.9698 143.2428 94.2844 108.5717 156.1566 219.6454 89.4117
79.1303 63.7521 85.5396 124.8681 55.3710 78.9572 111.0992 98.6859 112.2476 120.0893 85.3488 160.8301 92.6237 112.5889 115.2517 111.0316 37.2755 187.1663 126.8365 163.3680 0.0000 116.7186 58.8654 155.6821 89.2946 46.9092 155.8957 111.0162
180.4860 121.6648 11.1851 62.8517 82.1673 38.7247 110.4386 73.7546 116.8324 73.2987 60.2363 128.6692 69.8610 90.6113 41.6613 99.8006 13.8300 142.8448 85.6304 67.9698 116.7186 0.0000 160.8931 107.8131 198.1937 62.0622 56.7410 122.9137
32.4641 57.4664 60.4152 144.5176 135.0204 82.0481 142.2144 132.4839 166.6052 39.1171 124.8449 218.2770 59.6541 99.3153 75.5874 72.0188 138.4669 13.2240 181.3059 143.2428 58.8654 160.8931 0.0000 99.5343 125.8867 80.8626 69.0724 155.0072
156.0484 2.2745 39.2838 151.8858 67.6087 32.0251 197.2075 86.0363 106.7705 78.1162 125.0728 165.4999 93.6986 58.1065 178.0861 57.5476 119.6517 120.2279 118.9849 94.2844 155.6821 107.8131 99.5343 0.0000 33.8524 124.2810 73.1058 127.3131
136.5437 175.0479 66.7443 142.4998 164.8635 83.8556 122.7214 50.1832 94.6355 201.6652 154.0307 239.2066 188.4203 73.6740 119.2345 234.9970 52.6662 81.1302 114.3342 108.5717 89.2946 198.1937 125.8867 33.8524 0.0000 122.3819 146.8600 64.1836
56.3273 205.0688 113.2084 6.0869 156.2053 250.1429 67.1952 133.7602 61.3571 111.5205 132.4538 165.3101 70.8500 153.4524 134.3916 121.6039 179.7528 64.7998 66.1567 156.1566 46.9092 62.0622 80.8626 124.2810 122.3819 0.0000 102.1768 120.7320
132.2544 198.2222 129.6107 42.6744 34.8029 39.6642 87.4972 85.2110 79.2599 55.6678 79.7963 58.9147 162.1347 52.5100 133.2005 35.1571 111.7821 137.0367 177.2585 219.6454 155.8957 56.7410 69.0724 73.1058 146.8600 102.1768 0.0000 190.1683
89.0808 42.0496 148.9696 157.6562 91.4229 129.9676 74.2384 51.4695 96.9259 118.6229 93.5398 212.0938 64.1248 91.5312 120.6200 124.2000 122.9349 109.6251 110.9442 89.4117 111.0162 122.9137 155.0072 127.3131 64.1836 120.7320 190.1683 0.0000
