28
0.0000 104.8658 94.6564 22.8544 104.2604 157.1009 115.0650 144.4575 93.3329 177.3355 31.0907 129.0688 52.8544 68.5731 140.3559 60.3952 139.6850 112.2321 125.7593 124.0629 140.5702 221.9069 177.5900 112.8243 166.6503 103.6694 15.5112 129.7529
104.8658 0.0000 79.9014 119.7300 159.9445 37.4260 44.8114 12.6835 122.4263 49.2502 141.2736 135.6033 121.7652 120.9381 6.3760 208.3478 108.4056 72.2273 73.7692 99.6293 6.1936 51.3047 151.2825 127.2902 114.4126 21.9698 28.9033 31.1962
94.6564 79.9014 0.0000 129.8511 209.3256 66.4767 123.5606 169.0199 185.2601 132.7054 87.3355 119.2287 149.2345 7.2727 139.2883 114.9736 105.1382 165.9413 181.0642 44.4146 148.2027 58.0755 33.9820 69.7405 114.6939 87.2314 53.2848 137.4221
22.8544 119.7300 129.8511 0.0000 53.8815 73.3013 160.2062 52.8364 79.3485 130.1089 144.4394 42.6639 100.2053 55.2030 129.0774 76.4277 0.6279 158.6222 34.2745 15.7777 33.5490 120.6476 146.2190 82.4033 188.6362 20.5000 93.8341 100.5636
104.2604 159.9445 209.3256 53.8815 0.0000 116.4411 169.3598 66.6032 168.4088 48.6115 46.1671 118.6471 132.8302 167.2739 107.5708 70.3569 210.1441 94.4560 82.4310 93.6296 116.6993 173.9801 159.0720 55.9818 15.0217 252.2323 186.3325 112.7395
157.1009 37.4260 66.4767 73.3013 116.4411 0.0000 221.2683 100.9089 101.5586 206.0861 120.7829 189.7061 62.0149 156.9246 153.4467 124.1647 133.5021 143.0251 65.2902 207.1273 149.5058 89.4896 111.0060 169.1223 161.3877 127.5461 101.0131 91.5992
115.0650 44.8114 123.5606 160.2062 169.3598 221.2683 0.0000 46.2262 27.9149 175.5669 187.6461 149.0875 133.4990 43.4416 117.6135 173.4342 48.6822 44.5546 41.3970 44.3479 56.5382 36.3176 118.2854 117.0465 214.3482 91.5398 103.5202 1.5559
144.4575 12.6835 169.0199 52.8364 66.6032 100.9089 46.2262 0.0000 103.0481 142.4983 94.4174 171.9004 29.6599 157.8035 78.1460 206.1490 105.3029 86.9217 218.7933 70.8667 55.4736 62.8866 127.8593 144.9825 153.9815 30.1269 20.2478 89.0957
93.3329 122.4263 185.2601 79.3485 168.4088 101.5586 27.9149 103.0481 0.0000 165.2655 79.7124 34.6357 148.8939 168.6478 184.8289 97.0083 117.5298 97.3423 44.0760 70.0625 54.5704 91.6021 168.3762 149.1801 115.7899 129.3212 57.7405 50.1805
177.3355 49.2502 132.7054 130.1089 48.6115 206.0861 175.5669 142.4983 165.2655 0.0000 209.8593 138.0174 84.4182 225.4534 73.6715 111.1926 149.5206 99.8621 86.1258 258.0533 32.7010 41.5383 105.1634 135.4519 174.2752 160.0625 43.0802 36.8971
31.0907 141.2736 87.3355 144.4394 46.1671 120.7829 187.6461 94.4174 79.7124 209.8593 0.0000 16.1577 97.0157 88.1626 98.1701 43.1890 123.2872 69.3275 188.7797 86.6400 170.0066 199.0632 27.5829 140.9475 73.4104 40.9650 97.7222 72.4002
129.0688 135.6033 119.2287 42.6639 118.6471 189.7061 149.0875 171.9004 34.6357 138.0174 16.1577 0.0000 21.1143 208.4383 122.8801 148.6241 173.9998 109.5210 156.4511 197.9826 172.8473 97.5499 131.4775 186.2671 130.2495 7.7867 210.5820 11.1596
52.8544 121.7652 149.2345 100.2053 132.8302 62.0149 133.4990 29.6599 148.8939 84.4182 97.0157 21.1143 0.0000 107.7169 90.8955 92.3706 156.2907 61.2146 233.7976 146.9794 138.2775 127.7879 70.5037 110.6194 235.8217 116.6226 120.0664 65.5078
68.5731 120.9381 7.2727 55.2030 167.2739 156.9246 43.4416 157.8035 168.6478 225.4534 88.1626 208.4383 107.7169 0.0000 76.5616 98.5424 125.8324 101.7080 51.2631 61.2273 135.7009 77.0048 52.1703 128.5335 22.6663 120.2745 85.4392 88.6338
140.3559 6.3760 139.2883 129.0774 107.5708 153.4467 117.6135 78.1460 184.8289 73.6715 98.1701 122.8801 90.8955 76.5616 0.0000 90.1356 79.0915 67.1955 163.1389 112.7863 22.5420 46.8472 30.1975 60.2118 109.3535 51.7659 95.3852 81.3312
60.3952 208.3478 114.9736 76.4277 70.3569 124.1647 173.4342 206.1490 97.0083 111.1926 43.1890 148.6241 92.3706 98.5424 90.1356 0.0000 73.6114 132.6242 170.4560 69.0043 133.9703 109.5995 144.5784 154.2958 65.2103 26.4228 62.4359 98.4430
139.6850 108.4056 105.1382 0.6279 210.1441 133.5021 48.6822 105.3029 117.5298 149.5206 123.2872 173.9998 156.2907 125.8324 79.0915 73.6114 0.0000 100.5806 105.0780 57.2793 88.1226 252.4721 191.7760 115.1914 104.6033 110.3823 133.2336 23.3236
112.2321 72.2273 165.9413 158.6222 94.4560 143.0251 44.5546 86.9217 97.3423 99.8621 69.3275 109.5210 61.2146 101.7080 67.1955 132.6242 100.5806 0.0000 114.1147 73.4984 40.8419 58.7178 77.7513 176.0723 15.9186 132.5395 33.3017 65.9407
125.7593 73.7692 181.0642 34.2745 82.4310 65.2902 41.3970 218.7933 44.0760 86.1258 188.7797 156.4511 233.7976 51.2631 163.1389 170.4560 105.0780 114.1147 0.0000 190.0605 33.2633 9.4704 120.5601 161.6711 91.2368 57.5788 120.6522 233.4129
124.0629 99.6293 44.4146 15.7777 93.6296 207.1273 44.3479 70.8667 70.0625 258.0533 86.6400 197.9826 146.9794 61.2273 112.7863 69.0043 57.2793 73.4984 190.0605 0.0000 115.8763 36.7822 108.8575 118.0512 31.4775 96.5412 150.9720 160.1344
140.5702 6.1936 148.2027 33.5490 116.6993 149.5058 56.5382 55.4736 54.5704 32.7010 170.0066 172.8473 138.2775 135.7009 22.5420 133.9703 88.1226 40.8419 33.2633 115.8763 0.0000 146.8603 136.6858 147.4989 92.7751 194.7761 22.4301 64.5504
221.9069 51.3047 58.0755 120.6476 173.9801 89.4896 36.3176 62.8866 91.6021 41.5383 199.0632 97.5499 127.7879 77.0048 46.8472 109.5995 252.4721 58.7178 9.4704 36.7822 146.8603 0.0000 3.9830 57.9776 25.2997 131.8235 60.9254 212.6841
177.5900 151.2825 33.9820 146.2190 159.0720 111.0060 118.2854 127.8593 168.3762 105.1634 27.5829 131.4775 70.5037 52.1703 30.1975 144.5784 191.7760 77.7513 120.5601 108.8575 136.6858 3.9830 0.0000 98.3225 148.5907 15.3080 89.5952 141.1159
112.8243 127.2902 69.7405 82.4033 55.9818 169.1223 117.0465 144.9825 149.1801 135.4519 140.9475 186.2671 110.6194 128.5335 60.2118 154.2958 115.1914 176.0723 161.6711 118.0512 147.4989 57.9776 98.3225 0.0000 84.9098 84.5988 48.4652 69.2689
166.6503 114.4126 114.6939 188.6362 15.0217 161.3877 214.3482 153.9815 115.7899 174.2752 73.4104 130.2495 235.8217 22.6663 109.3535 65.2103 104.6033 15.9186 91.2368 31.4775 92.7751 25.2997 148.5907 84.9098 0.0000 113.7091 116.0048 99.8280
103.6694 21.9698 87.2314 20.5000 252.2323 127.5461 91.5398 30.1269 129.3212 160.0625 40.9650 7.7867 116.6226 120.2745 51.7659 26.4228 110.3823 132.5395 57.5788 96.5412 194.7761 131.8235 15.3080 84.5988 113.7091 0.0000 82.7139 155.8612
15.5112 28.9033 53.2848 93.8341 186.3325 101.0131 103.5202 20.2478 57.7405 43.0802 97.7222 210.5820 120.0664 85.4392 95.3852 62.4359 133.2336 33.3017 120.6522 150.9720 22.4301 60.9254 89.5952 48.4652 116.0048 82.7139 0.0000 122.3146
129.7529 31.1962 137.4221 100.5636 112.7395 91.5992 1.5559 89.0957 50.1805 36.8971 72.4002 11.1596 65.5078 88.6338 81.3312 98.4430 23.3236 65.9407 233.4129 160.1344 64.5504 212.6841 141.1159 69.2689 99.8280 155.8612 122.3146 0.0000
