12
0.0000 48.0122 114.5785 167.7923 164.8308 30.4579 160.5506 128.0276 192.4508 79.3940 175.1247 159.1552
48.0122 0.0000 18.4758 242.5402 118.1863 129.9119 40.7880 175.0818 170.8007 154.4851 115.1560 195.8425
114.5785 18.4758 0.0000 106.1529 38.6199 71.7117 136.0699 178.8190 87.0229 38.0934 72.4310 105.9539
167.7923 242.5402 106.1529 0.0000 74.3287 10.7601 114.7237 183.0647 108.8515 50.6625 178.0308 147.7538
164.8308 118.1863 38.6199 74.3287 0.0000 100.4588 155.6881 67.9642 47.5118 177.2529 167.9970 57.3896
30.4579 129.9119 71.7117 10.7601 100.4588 0.0000 48.1744 84.3269 196.1316 118.8572 96.0180 28.6550
160.5506 40.7880 136.0699 114.7237 155.6881 48.1744 0.0000 146.5746 59.4053 106.0643 39.2945 88.0588
128.0276 175.0818 178.8190 183.0647 67.9642 84.3269 146.5746 0.0000 79.4353 71.5925 146.9947 112.7746
192.4508 170.8007 87.0229 108.8515 47.5118 196.1316 59.4053 79.4353 0.0000 154.6848 170.6456 48.8124
79.3940 154.4851 38.0934 50.6625 177.2529 118.8572 106.0643 71.5925 154.6848 0.0000 113.8754 108.3863
175.1247 115.1560 72.4310 178.0308 167.9970 96.0180 39.2945 146.9947 170.6456 113.8754 0.0000 77.1272
159.1552 195.8425 105.9539 147.7538 57.3896 28.6550 88.0588 112.7746 48.8124 108.3863 77.1272 0.0000
