12
0.0000 140.5916 125.0903 83.8927 28.0739 65.4966 176.1002 206.8387 70.7871 169.0093 35.5497 31.2509
140.5916 0.0000 103.6801 119.7158 227.3195 62.2952 106.9651 65.0029 87.7059 54.9984 84.9968 115.6245
125.0903 103.6801 0.0000 182.0449 135.5073 166.4226 128.5203 115.2111 8.3657 21.4587 198.5954 215.5258
83.8927 119.7158 182.0449 0.0000 138.5130 16.0768 77.6995 117.4724 186.7160 53.0323 33.1717 152.3619
28.0739 227.3195 135.5073 138.5130 0.0000 42.5832 76.6301 30.4221 211.1411 44.4252 166.1498 53.9416
65.4966 62.2952 166.4226 16.0768 42.5832 0.0000 29.2251 50.7968 93.7737 118.3982 105.8311 204.2577
176.1002 106.9651 128.5203 77.6995 76.6301 29.2251 0.0000 153.3428 87.6875 95.4077 223.1669 79.2131
206.8387 65.0029 115.2111 117.4724 30.4221 50.7968 153.3428 0.0000 26.4480 46.6479 178.7014 104.6849
70.7871 87.7059 8.3657 186.7160 211.1411 93.7737 87.6875 26.4480 0.0000 117.2091 181.1183 25.6718
169.0093 54.9984 21.4587 53.0323 44.4252 118.3982 95.4077 46.6479 117.2091 0.0000 50.4720 35.7832
35.5497 84.9968 198.5954 33.1717 166.1498 105.8311 223.1669 178.7014 181.1183 50.4720 0.0000 217.8498
31.2509 115.6245 215.5258 152.3619 53.9416 204.2577 79.2131 104.6849 25.6718 35.7832 217.8498 0.0000
