12
0.0000 69.5526 49.7292 229.6213 30.0675 27.8620 69.3524 178.8355 120.8929 85.5663 72.7236 60.6550
69.5526 0.0000 115.2155 57.0097 78.8198 103.4455 174.3190 163.1982 194.9222 162.1830 58.9477 80.6662
49.7292 115.2155 0.0000 85.4074 26.4720 146.8485 19.2760 72.0413 53.9863 116.6786 150.8830 155.7819
229.6213 57.0097 85.4074 0.0000 140.5381 5.5275 109.4715 139.8721 150.4381 105.0344 186.4812 138.9497
30.0675 78.8198 26.4720 140.5381 0.0000 111.4396 156.0835 43.3657 39.4359 135.8190 154.2300 51.8392
27.8620 103.4455 146.8485 5.5275 111.4396 0.0000 73.0433 22.5330 106.0653 188.0085 48.5943 55.8452
69.3524 174.3190 19.2760 109.4715 156.0835 73.0433 0.0000 84.4358 123.4360 60.0335 79.6503 99.3098
178.8355 163.1982 72.0413 139.8721 43.3657 22.5330 84.4358 0.0000 86.8793 137.2420 78.6786 84.9464
120.8929 194.9222 53.9863 150.4381 39.4359 106.0653 123.4360 86.8793 0.0000 102.3315 103.8442 77.9670
85.5663 162.1830 116.6786 105.0344 135.8190 188.0085 60.0335 137.2420 102.3315 0.0000 102.7037 110.6615
72.7236 58.9477 150.8830 186.4812 154.2300 48.5943 79.6503 78.6786 103.8442 102.7037 0.0000 67.5144
60.6550 80.6662 155.7819 138.9497 51.8392 55.8452 99.3098 84.9464 77.9670 110.6615 67.5144 0.0000
