12
0.0000 133.3595 81.5138 109.0613 46.7590 131.3871 51.1885 183.9765 247.7649 153.8898 147.0042 114.6565
133.3595 0.0000 107.4325 23.7936 128.6895 79.8193 34.2247 164.2088 87.7847 149.3119 104.6348 155.2788
81.5138 107.4325 0.0000 94.6949 102.3714 107.3404 101.6617 241.3062 88.1061 47.4823 66.5027 74.8314
109.0613 23.7936 94.6949 0.0000 140.9701 96.3920 175.6213 75.2142 173.2610 76.5918 106.4329 106.1310
46.7590 128.6895 102.3714 140.9701 0.0000 93.7644 143.8125 83.6588 158.3020 178.3656 184.5399 74.6849
131.3871 79.8193 107.3404 96.3920 93.7644 0.0000 70.3032 120.2118 133.5857 127.5802 101.9850 90.6594
51.1885 34.2247 101.6617 175.6213 143.8125 70.3032 0.0000 124.6787 24.5528 107.9546 123.9741 99.8774
183.9765 164.2088 241.3062 75.2142 83.6588 120.2118 124.6787 0.0000 244.5305 226.3898 113.4580 92.2398
247.7649 87.7847 88.1061 173.2610 158.3020 133.5857 24.5528 244.5305 0.0000 103.0641 69.9600 105.0014
153.8898 149.3119 47.4823 76.5918 178.3656 127.5802 107.9546 226.3898 103.0641 0.0000 138.3729 196.7810
147.0042 104.6348 66.5027 106.4329 184.5399 101.9850 123.9741 113.4580 69.9600 138.3729 0.0000 102.3225
114.6565 155.2788 74.8314 106.1310 74.6849 90.6594 99.8774 92.2398 105.0014 196.7810 102.3225 0.0000
