12
0.0000 157.0014 94.6191 220.4229 41.1666 189.7051 91.7275 128.2000 90.6610 101.6773 104.5019 108.6350
157.0014 0.0000 152.7441 3.4609 158.5154 62.0573 111.8975 104.0487 23.5711 94.7853 89.4078 132.9968
94.6191 152.7441 0.0000 119.8262 58.5991 22.1117 86.6484 92.9995 87.6637 17.8699 66.8383 128.1089
220.4229 3.4609 119.8262 0.0000 112.1210 175.7530 89.7307 82.3980 61.7100 122.0124 26.5126 1.0378
41.1666 158.5154 58.5991 112.1210 0.0000 109.2080 170.4080 104.6461 142.3166 129.6502 175.7551 113.1614
189.7051 62.0573 22.1117 175.7530 109.2080 0.0000 175.4895 121.2111 77.1644 151.2399 52.0400 37.7049
91.7275 111.8975 86.6484 89.7307 170.4080 175.4895 0.0000 78.1537 175.5511 89.9028 162.1139 28.0293
128.2000 104.0487 92.9995 82.3980 104.6461 121.2111 78.1537 0.0000 57.8293 48.5636 149.2205 121.7086
90.6610 23.5711 87.6637 61.7100 142.3166 77.1644 175.5511 57.8293 0.0000 24.6035 56.8699 183.1372
101.6773 94.7853 17.8699 122.0124 129.6502 151.2399 89.9028 48.5636 24.6035 0.0000 84.0034 127.5363
104.5019 89.4078 66.8383 26.5126 175.7551 52.0400 162.1139 149.2205 56.8699 84.0034 0.0000 184.8970
108.6350 132.9968 128.1089 1.0378 113.1614 37.7049 28.0293 121.7086 183.1372 127.5363 184.8970 0.0000
