12
0.0000 160.6919 128.2306 141.6718 213.1646 71.6687 182.4031 42.1145 7.7152 69.2289 144.7472 88.7218
160.6919 0.0000 64.8554 38.5963 127.8470 65.9900 80.5258 50.7186 60.2073 239.8595 16.6469 129.7790
128.2306 64.8554 0.0000 129.0820 108.5097 45.4459 82.4869 111.8010 168.2089 28.2336 125.4246 80.8542
141.6718 38.5963 129.0820 0.0000 144.0075 193.8454 155.8082 159.0620 37.3487 148.0435 169.3437 58.3527
213.1646 127.8470 108.5097 144.0075 0.0000 26.2673 123.5281 75.0779 182.1750 114.4268 60.1502 87.2200
71.6687 65.9900 45.4459 193.8454 26.2673 0.0000 104.2020 69.0750 47.9766 37.1696 68.2462 47.0655
182.4031 80.5258 82.4869 155.8082 123.5281 104.2020 0.0000 173.9229 45.6000 165.3717 147.1454 116.6867
42.1145 50.7186 111.8010 159.0620 75.0779 69.0750 173.9229 0.0000 49.6458 2.2079 140.5233 47.4629
7.7152 60.2073 168.2089 37.3487 182.1750 47.9766 45.6000 49.6458 0.0000 18.1350 243.0324 99.1808
69.2289 239.8595 28.2336 148.0435 114.4268 37.1696 165.3717 2.2079 18.1350 0.0000 181.2368 64.7263
144.7472 16.6469 125.4246 169.3437 60.1502 68.2462 147.1454 140.5233 243.0324 181.2368 0.0000 105.2695
88.7218 129.7790 80.8542 58.3527 87.2200 47.0655 116.6867 47.4629 99.1808 64.7263 105.2695 0.0000
