12
0.0000 150.6377 160.4061 171.4262 95.6679 134.0711 56.9631 80.1859 65.5920 27.3337 43.1797 111.5771
150.6377 0.0000 105.4796 71.6730 83.6106 87.5178 190.9975 140.1349 215.4962 96.2176 70.9267 132.3522
160.4061 105.4796 0.0000 50.0901 147.9645 97.8164 150.6796 125.0396 181.5723 132.2418 7.2851 50.8077
171.4262 71.6730 50.0901 0.0000 74.9731 99.9537 97.9868 39.0352 156.7428 101.3102 78.7422 186.8596
95.6679 83.6106 147.9645 74.9731 0.0000 198.4560 57.1921 192.8419 110.2033 14.5669 34.4515 40.3056
134.0711 87.5178 97.8164 99.9537 198.4560 0.0000 109.5200 123.7996 211.6087 50.1950 149.0526 144.2212
56.9631 190.9975 150.6796 97.9868 57.1921 109.5200 0.0000 41.7426 117.0645 91.4279 126.1153 104.3321
80.1859 140.1349 125.0396 39.0352 192.8419 123.7996 41.7426 0.0000 10.8310 73.5369 37.1336 122.8248
65.5920 215.4962 181.5723 156.7428 110.2033 211.6087 117.0645 10.8310 0.0000 117.7508 92.8046 72.0756
27.3337 96.2176 132.2418 101.3102 14.5669 50.1950 91.4279 73.5369 117.7508 0.0000 97.3950 115.5806
43.1797 70.9267 7.2851 78.7422 34.4515 149.0526 126.1153 37.1336 92.8046 97.3950 0.0000 119.9038
111.5771 132.3522 50.8077 186.8596 40.3056 144.2212 104.3321 122.8248 72.0756 115.5806 119.9038 0.0000
