26
0.0000 88.8033 93.6150 147.7323 77.4663 71.1406 156.8081 72.8610 130.6861 68.2492 88.4070 57.8332 117.2441 37.1327 181.5575 108.7300 149.5493 100.0890 22.0267 208.5671 141.6179 101.3204 76.6392 155.8582 138.8629 244.3410
88.8033 0.0000 42.8580 51.4357 35.2946 79.6737 197.9239 151.7384 64.9151 135.6620 107.2331 75.3043 83.6952 118.5231 103.6790 144.4195 9.6217 108.1576 220.0574 151.8862 95.7165 199.9472 195.4447 80.0789 184.4348 14.5026
93.6150 42.8580 0.0000 179.5268 59.1356 109.1818 109.6263 139.0116 103.4477 91.1559 75.0008 155.2307 4.9527 175.3100 137.6684 58.2689 98.4589 112.9480 48.5310 129.0074 104.8594 57.0494 93.7961 187.0732 150.2606 23.2925
147.7323 51.4357 179.5268 0.0000 0.9061 129.8196 76.5014 61.1981 68.6252 12.8340 130.3648 84.4272 17.3093 58.7225 95.4643 5.6856 84.3007 80.6348 33.5442 16.2770 75.8837 78.9980 57.8789 115.8004 59.2338 87.5177
77.4663 35.2946 59.1356 0.9061 0.0000 43.1537 62.8685 236.8162 81.5465 128.3701 137.6012 117.6188 101.4660 107.4148 70.5038 123.1321 98.0494 53.4334 94.7462 85.9358 101.9208 132.5631 11.6239 115.2576 72.6312 21.1180
71.1406 79.6737 109.1818 129.8196 43.1537 0.0000 83.7660 206.6736 81.8652 191.4276 69.1937 83.1929 120.6380 102.2417 129.6026 158.0619 66.2891 157.3263 68.2500 134.4102 114.6267 45.8365 128.1586 188.2330 143.5986 169.4931
156.8081 197.9239 109.6263 76.5014 62.8685 83.7660 0.0000 102.9364 92.8747 109.5889 141.8832 142.8664 143.2583 116.3605 22.9881 67.9378 93.1806 104.2023 72.2913 87.4828 9.4906 54.2837 140.2853 31.6967 97.7127 17.8956
72.8610 151.7384 139.0116 61.1981 236.8162 206.6736 102.9364 0.0000 224.2260 167.5815 12.4277 185.5484 45.9491 171.6916 178.3002 181.5054 25.1198 36.5213 106.3561 77.2510 67.8226 45.6743 148.9994 184.1599 102.5430 109.8432
130.6861 64.9151 103.4477 68.6252 81.5465 81.8652 92.8747 224.2260 0.0000 135.4817 121.2384 83.4984 142.3124 112.5141 195.2614 153.2009 223.6625 148.0889 79.4546 66.2191 97.0983 241.1512 91.6810 183.1443 205.5725 27.5745
68.2492 135.6620 91.1559 12.8340 128.3701 191.4276 109.5889 167.5815 135.4817 0.0000 173.6788 105.1436 124.7839 53.1062 110.3124 119.0473 153.8220 130.2144 213.1356 187.5111 135.1466 17.7528 53.3557 82.4879 183.3077 63.3636
88.4070 107.2331 75.0008 130.3648 137.6012 69.1937 141.8832 12.4277 121.2384 173.6788 0.0000 86.4439 154.7992 41.8983 43.1673 54.5336 120.9906 50.3235 194.9706 63.9661 93.3821 37.8489 136.9805 90.1763 41.4091 22.9196
57.8332 75.3043 155.2307 84.4272 117.6188 83.1929 142.8664 185.5484 83.4984 105.1436 86.4439 0.0000 98.5735 89.3455 93.7367 122.1783 71.2603 93.7857 173.2806 160.5800 61.1751 70.9741 121.6737 50.8750 22.7261 82.2537
117.2441 83.6952 4.9527 17.3093 101.4660 120.6380 143.2583 45.9491 142.3124 124.7839 154.7992 98.5735 0.0000 180.6984 145.7940 202.4198 147.9984 45.2561 114.2008 101.7744 76.0707 33.3193 61.6791 16.9475 29.0280 63.1341
37.1327 118.5231 175.3100 58.7225 107.4148 102.2417 116.3605 171.6916 112.5141 53.1062 41.8983 89.3455 180.6984 0.0000 184.9694 51.8433 83.5266 145.6429 191.4019 133.9926 23.2462 72.2250 19.9217 141.7780 42.1941 28.9641
181.5575 103.6790 137.6684 95.4643 70.5038 129.6026 22.9881 178.3002 195.2614 110.3124 43.1673 93.7367 145.7940 184.9694 0.0000 46.6586 63.0776 105.1938 117.2292 202.0890 139.5612 76.9551 180.1149 93.1904 158.4087 30.2344
108.7300 144.4195 58.2689 5.6856 123.1321 158.0619 67.9378 181.5054 153.2009 119.0473 54.5336 122.1783 202.4198 51.8433 46.6586 0.0000 131.7282 121.9753 55.0692 54.0568 156.0547 101.0965 116.9831 64.9543 127.8218 108.9477
149.5493 9.6217 98.4589 84.3007 98.0494 66.2891 93.1806 25.1198 223.6625 153.8220 120.9906 71.2603 147.9984 83.5266 63.0776 131.7282 0.0000 184.6865 95.0188 95.8616 18.0809 24.4397 132.8685 163.2252 135.4980 121.3190
100.0890 108.1576 112.9480 80.6348 53.4334 157.3263 104.2023 36.5213 148.0889 130.2144 50.3235 93.7857 45.2561 145.6429 105.1938 121.9753 184.6865 0.0000 71.6780 180.9610 167.5314 138.7883 141.6082 38.0849 22.0105 182.0551
22.0267 220.0574 48.5310 33.5442 94.7462 68.2500 72.2913 106.3561 79.4546 213.1356 194.9706 173.2806 114.2008 191.4019 117.2292 55.0692 95.0188 71.6780 0.0000 227.8565 131.6135 100.5864 150.1647 90.7663 118.3192 55.2739
208.5671 151.8862 129.0074 16.2770 85.9358 134.4102 87.4828 77.2510 66.2191 187.5111 63.9661 160.5800 101.7744 133.9926 202.0890 54.0568 95.8616 180.9610 227.8565 0.0000 138.2515 51.9043 62.7165 8.0501 88.3566 123.4749
141.6179 95.7165 104.8594 75.8837 101.9208 114.6267 9.4906 67.8226 97.0983 135.1466 93.3821 61.1751 76.0707 23.2462 139.5612 156.0547 18.0809 167.5314 131.6135 138.2515 0.0000 123.7754 157.8920 139.1850 27.7951 161.7847
101.3204 199.9472 57.0494 78.9980 132.5631 45.8365 54.2837 45.6743 241.1512 17.7528 37.8489 70.9741 33.3193 72.2250 76.9551 101.0965 24.4397 138.7883 100.5864 51.9043 123.7754 0.0000 61.9112 99.1313 66.3778 46.6095
76.6392 195.4447 93.7961 57.8789 11.6239 128.1586 140.2853 148.9994 91.6810 53.3557 136.9805 121.6737 61.6791 19.9217 180.1149 116.9831 132.8685 141.6082 150.1647 62.7165 157.8920 61.9112 0.0000 129.6085 134.1072 103.9635
155.8582 80.0789 187.0732 115.8004 115.2576 188.2330 31.6967 184.1599 183.1443 82.4879 90.1763 50.8750 16.9475 141.7780 93.1904 64.9543 163.2252 38.0849 90.7663 8.0501 139.1850 99.1313 129.6085 0.0000 65.3553 66.4717
138.8629 184.4348 150.2606 59.2338 72.6312 143.5986 97.7127 102.5430 205.5725 183.3077 41.4091 22.7261 29.0280 42.1941 158.4087 127.8218 135.4980 22.0105 118.3192 88.3566 27.7951 66.3778 134.1072 65.3553 0.0000 7.1052
244.3410 14.5026 23.2925 87.5177 21.1180 169.4931 17.8956 109.8432 27.5745 63.3636 22.9196 82.2537 63.1341 28.9641 30.2344 108.9477 121.3190 182.0551 55.2739 123.4749 161.7847 46.6095 103.9635 66.4717 7.1052 0.0000
