26
0.0000 113.9206 122.1270 90.1280 142.1256 120.2641 120.0749 101.4301 183.8567 192.4393 39.4055 53.9448 31.4456 150.4872 56.4439 95.1415 74.1938 93.3890 106.2316 21.9640 107.2074 143.3130 218.0948 137.5153 123.6203 142.7428
113.9206 0.0000 122.5619 145.8144 67.7090 153.7343 70.6659 36.7968 160.3774 98.5532 177.8583 8.9468 72.5991 119.7485 27.5595 150.7328 75.6832 8.3990 153.3938 137.0512 63.4784 35.6078 84.0611 84.5469 158.2639 13.0421
122.1270 122.5619 0.0000 200.0945 111.2263 104.1848 2.4190 100.9853 69.1287 72.9291 135.7347 137.1730 81.2007 38.2049 115.4565 76.9926 104.9054 125.6272 93.2572 162.7940 135.2441 171.0301 122.5274 86.9485 88.2297 122.0051
90.1280 145.8144 200.0945 0.0000 177.7853 58.0584 165.5616 73.7488 142.2557 115.9898 48.8618 74.1906 50.2891 85.2851 220.7897 132.3814 133.3462 117.5386 92.2546 105.3515 43.2960 75.3251 43.2610 73.3921 206.6039 150.9486
142.1256 67.7090 111.2263 177.7853 0.0000 59.5259 14.3307 183.2607 138.7057 193.8311 147.3789 107.2843 50.2457 57.9836 86.0120 121.4232 158.0079 42.7719 256.4011 162.8746 194.9466 66.1782 84.0758 159.6181 136.9424 174.6742
120.2641 153.7343 104.1848 58.0584 59.5259 0.0000 54.7417 40.1158 107.1545 69.9850 181.4584 95.8752 88.9385 98.6402 112.7511 133.9148 89.2385 122.1550 90.4360 36.7171 190.8430 65.6332 43.5745 79.3316 198.2485 100.5410
120.0749 70.6659 2.4190 165.5616 14.3307 54.7417 0.0000 47.1343 108.2716 122.0998 67.3058 73.4921 80.7758 103.4006 141.2279 87.9587 202.4002 102.3180 22.2359 161.0689 105.9559 24.1527 102.6116 116.1598 95.6620 123.8685
101.4301 36.7968 100.9853 73.7488 183.2607 40.1158 47.1343 0.0000 22.1990 92.7766 35.2827 97.0918 97.8572 64.8919 75.9519 167.3526 50.4215 61.9266 285.2137 144.9546 4.6064 40.9506 101.3995 151.1731 149.5101 70.5039
183.8567 160.3774 69.1287 142.2557 138.7057 107.1545 108.2716 22.1990 0.0000 45.6974 138.7270 104.5844 87.2112 126.2150 245.2138 1.7571 108.3181 102.2252 127.5636 129.3513 78.1426 193.0021 94.7727 221.2326 7.7009 128.6241
192.4393 98.5532 72.9291 115.9898 193.8311 69.9850 122.0998 92.7766 45.6974 0.0000 174.8581 74.5739 92.6693 137.3691 109.5266 176.5909 163.9122 157.3242 268.7384 62.4081 68.4026 182.1233 137.6486 152.9606 58.0668 101.6623
39.4055 177.8583 135.7347 48.8618 147.3789 181.4584 67.3058 35.2827 138.7270 174.8581 0.0000 65.8546 144.2044 191.0000 88.5930 110.6021 9.2773 74.5220 203.8062 166.8391 121.0176 91.1236 99.6423 88.9298 191.8875 89.2461
53.9448 8.9468 137.1730 74.1906 107.2843 95.8752 73.4921 97.0918 104.5844 74.5739 65.8546 0.0000 134.0343 135.9783 143.7870 219.8138 189.0179 105.7621 153.8035 54.9559 161.3452 98.9332 67.0831 205.0341 109.8026 26.1422
31.4456 72.5991 81.2007 50.2891 50.2457 88.9385 80.7758 97.8572 87.2112 92.6693 144.2044 134.0343 0.0000 101.7472 108.5530 73.8363 169.6771 102.7140 179.5407 60.3093 72.7561 4.7708 0.9209 113.1605 141.3425 123.4039
150.4872 119.7485 38.2049 85.2851 57.9836 98.6402 103.4006 64.8919 126.2150 137.3691 191.0000 135.9783 101.7472 0.0000 156.8344 98.0854 261.0014 159.8855 157.5217 125.7196 91.0298 146.5269 62.8231 78.3376 165.0671 101.3355
56.4439 27.5595 115.4565 220.7897 86.0120 112.7511 141.2279 75.9519 245.2138 109.5266 88.5930 143.7870 108.5530 156.8344 0.0000 196.0838 47.2228 125.9040 133.7234 39.5779 140.6430 179.6053 125.2949 98.7823 38.4031 98.7037
95.1415 150.7328 76.9926 132.3814 121.4232 133.9148 87.9587 167.3526 1.7571 176.5909 110.6021 219.8138 73.8363 98.0854 196.0838 0.0000 94.6043 54.7783 134.1299 145.8730 50.0684 95.7872 49.4683 117.8543 42.4495 110.6068
74.1938 75.6832 104.9054 133.3462 158.0079 89.2385 202.4002 50.4215 108.3181 163.9122 9.2773 189.0179 169.6771 261.0014 47.2228 94.6043 0.0000 113.6079 185.6147 115.0211 51.2978 122.7518 102.4114 223.1436 170.7180 103.3284
93.3890 8.3990 125.6272 117.5386 42.7719 122.1550 102.3180 61.9266 102.2252 157.3242 74.5220 105.7621 102.7140 159.8855 125.9040 54.7783 113.6079 0.0000 101.4308 134.7102 209.9373 72.7213 121.7478 129.9797 169.4980 17.2980
106.2316 153.3938 93.2572 92.2546 256.4011 90.4360 22.2359 285.2137 127.5636 268.7384 203.8062 153.8035 179.5407 157.5217 133.7234 134.1299 185.6147 101.4308 0.0000 5.6654 69.3346 82.4390 114.0499 125.3389 58.0187 193.3618
21.9640 137.0512 162.7940 105.3515 162.8746 36.7171 161.0689 144.9546 129.3513 62.4081 166.8391 54.9559 60.3093 125.7196 39.5779 145.8730 115.0211 134.7102 5.6654 0.0000 116.4297 82.5926 259.7261 114.6288 92.5290 41.9899
107.2074 63.4784 135.2441 43.2960 194.9466 190.8430 105.9559 4.6064 78.1426 68.4026 121.0176 161.3452 72.7561 91.0298 140.6430 50.0684 51.2978 209.9373 69.3346 116.4297 0.0000 118.0064 184.2240 152.3135 88.9400 144.3438
143.3130 35.6078 171.0301 75.3251 66.1782 65.6332 24.1527 40.9506 193.0021 182.1233 91.1236 98.9332 4.7708 146.5269 179.6053 95.7872 122.7518 72.7213 82.4390 82.5926 118.0064 0.0000 173.5244 61.3273 51.7176 216.6475
218.0948 84.0611 122.5274 43.2610 84.0758 43.5745 102.6116 101.3995 94.7727 137.6486 99.6423 67.0831 0.9209 62.8231 125.2949 49.4683 102.4114 121.7478 114.0499 259.7261 184.2240 173.5244 0.0000 82.4471 102.8902 96.6734
137.5153 84.5469 86.9485 73.3921 159.6181 79.3316 116.1598 151.1731 221.2326 152.9606 88.9298 205.0341 113.1605 78.3376 98.7823 117.8543 223.1436 129.9797 125.3389 114.6288 152.3135 61.3273 82.4471 0.0000 134.7373 179.3810
123.6203 158.2639 88.2297 206.6039 136.9424 198.2485 95.6620 149.5101 7.7009 58.0668 191.8875 109.8026 141.3425 165.0671 38.4031 42.4495 170.7180 169.4980 58.0187 92.5290 88.9400 51.7176 102.8902 134.7373 0.0000 13.5307
142.7428 13.0421 122.0051 150.9486 174.6742 100.5410 123.8685 70.5039 128.6241 101.6623 89.2461 26.1422 123.4039 101.3355 98.7037 110.6068 103.3284 17.2980 193.3618 41.9899 144.3438 216.6475 96.6734 179.3810 13.5307 0.0000
