26
0.0000 130.2962 108.8713 59.5182 86.8044 18.4867 88.2180 83.8058 142.3917 27.1093 76.5549 176.7386 118.9702 214.6268 59.2505 289.1737 113.9479 99.3183 137.4424 66.0629 82.9184 138.1720 149.8147 84.3741 270.0329 164.8585
130.2962 0.0000 24.3908 31.5049 92.6836 67.1000 50.7604 157.9735 231.3850 152.6031 232.2115 82.9220 199.2284 43.7010 176.8920 144.3781 73.9338 114.4447 140.1158 32.3576 83.8748 91.8367 104.9890 157.3702 104.4028 184.1426
108.8713 24.3908 0.0000 81.2518 128.1869 214.8984 59.7789 40.3790 97.3087 101.2866 130.5563 32.2505 134.5834 109.2183 126.9887 105.9616 85.8600 128.5231 172.3633 173.8989 51.5215 33.8620 139.3344 120.5969 94.9027 104.8497
59.5182 31.5049 81.2518 0.0000 101.5390 95.7480 196.8882 114.9269 191.8809 122.5802 112.4568 162.7988 52.4874 124.2974 125.7266 66.0215 109.6263 43.1125 37.6350 39.3372 145.0493 34.6236 73.3282 200.2323 211.9895 134.8949
86.8044 92.6836 128.1869 101.5390 0.0000 95.1576 76.0607 73.2534 41.7959 150.1740 206.2575 40.4941 89.6206 103.5937 106.1603 56.4856 91.0273 126.3894 130.3180 95.0476 121.5927 61.7229 175.4194 73.4284 86.3349 60.8209
18.4867 67.1000 214.8984 95.7480 95.1576 0.0000 175.1613 100.9629 42.5699 33.6381 47.5288 212.9064 251.0731 244.6327 171.1527 89.8547 118.8178 173.9515 225.5566 116.1607 222.8139 33.0404 187.7910 10.1743 18.4783 80.6360
88.2180 50.7604 59.7789 196.8882 76.0607 175.1613 0.0000 65.0904 118.5388 127.3259 195.6876 43.8393 158.8685 95.0935 50.2795 17.5175 161.9385 89.9324 141.1323 96.6088 121.5117 125.5311 59.6058 152.4175 100.6340 146.6932
83.8058 157.9735 40.3790 114.9269 73.2534 100.9629 65.0904 0.0000 161.5999 13.6034 154.9283 10.9555 61.1535 188.6817 99.0740 73.6103 115.9171 166.0010 113.7520 131.0295 40.1929 53.5574 219.8065 93.5745 81.3950 101.6878
142.3917 231.3850 97.3087 191.8809 41.7959 42.5699 118.5388 161.5999 0.0000 139.3420 203.9215 70.9744 128.9163 176.8253 87.1112 68.0791 164.3529 212.1844 80.9827 97.3404 94.3907 205.9514 106.5650 115.4390 46.3811 51.4799
27.1093 152.6031 101.2866 122.5802 150.1740 33.6381 127.3259 13.6034 139.3420 0.0000 90.4549 97.5970 206.0399 19.3479 115.7798 184.8616 200.3282 122.6946 134.3676 86.8277 100.3926 31.1827 42.3975 83.5665 11.8564 17.8530
76.5549 232.2115 130.5563 112.4568 206.2575 47.5288 195.6876 154.9283 203.9215 90.4549 0.0000 84.4717 119.6201 76.1708 113.5991 168.0435 180.2953 45.8951 91.4551 125.8083 78.1315 133.5712 77.6626 170.7662 39.4052 205.7379
176.7386 82.9220 32.2505 162.7988 40.4941 212.9064 43.8393 10.9555 70.9744 97.5970 84.4717 0.0000 155.1093 153.2688 119.9653 102.7780 135.7962 97.7865 10.7648 42.9062 176.9954 229.8244 159.9458 7.1029 197.8096 73.9277
118.9702 199.2284 134.5834 52.4874 89.6206 251.0731 158.8685 61.1535 128.9163 206.0399 119.6201 155.1093 0.0000 47.3588 69.0191 116.4969 120.6384 75.2646 63.2587 97.9265 141.3664 113.2644 104.8572 4.3893 169.5941 60.1820
214.6268 43.7010 109.2183 124.2974 103.5937 244.6327 95.0935 188.6817 176.8253 19.3479 76.1708 153.2688 47.3588 0.0000 169.6305 61.7278 134.4773 52.5657 184.1647 69.6850 163.2080 70.1248 174.3262 184.0504 17.2934 80.1716
59.2505 176.8920 126.9887 125.7266 106.1603 171.1527 50.2795 99.0740 87.1112 115.7798 113.5991 119.9653 69.0191 169.6305 0.0000 110.2204 183.9290 60.5234 108.1925 160.2323 59.7249 103.9388 68.0593 166.2135 128.3033 68.6634
289.1737 144.3781 105.9616 66.0215 56.4856 89.8547 17.5175 73.6103 68.0791 184.8616 168.0435 102.7780 116.4969 61.7278 110.2204 0.0000 0.7979 86.2270 72.1643 87.1776 98.1085 234.7601 68.0777 63.2706 28.7996 128.0446
113.9479 73.9338 85.8600 109.6263 91.0273 118.8178 161.9385 115.9171 164.3529 200.3282 180.2953 135.7962 120.6384 134.4773 183.9290 0.7979 0.0000 159.5731 169.4622 149.3103 211.5139 107.7889 23.1064 61.4876 111.5561 83.4063
99.3183 114.4447 128.5231 43.1125 126.3894 173.9515 89.9324 166.0010 212.1844 122.6946 45.8951 97.7865 75.2646 52.5657 60.5234 86.2270 159.5731 0.0000 133.6372 131.3601 46.7173 176.6421 92.0884 44.4371 143.0761 7.2398
137.4424 140.1158 172.3633 37.6350 130.3180 225.5566 141.1323 113.7520 80.9827 134.3676 91.4551 10.7648 63.2587 184.1647 108.1925 72.1643 169.4622 133.6372 0.0000 69.1252 58.6434 6.9359 27.5293 71.0252 208.5937 67.1668
66.0629 32.3576 173.8989 39.3372 95.0476 116.1607 96.6088 131.0295 97.3404 86.8277 125.8083 42.9062 97.9265 69.6850 160.2323 87.1776 149.3103 131.3601 69.1252 0.0000 39.9351 133.1185 112.8698 94.6086 118.6972 119.0344
82.9184 83.8748 51.5215 145.0493 121.5927 222.8139 121.5117 40.1929 94.3907 100.3926 78.1315 176.9954 141.3664 163.2080 59.7249 98.1085 211.5139 46.7173 58.6434 39.9351 0.0000 144.8751 210.7853 83.7406 76.8864 72.4561
138.1720 91.8367 33.8620 34.6236 61.7229 33.0404 125.5311 53.5574 205.9514 31.1827 133.5712 229.8244 113.2644 70.1248 103.9388 234.7601 107.7889 176.6421 6.9359 133.1185 144.8751 0.0000 128.4026 75.3165 161.1783 35.9284
149.8147 104.9890 139.3344 73.3282 175.4194 187.7910 59.6058 219.8065 106.5650 42.3975 77.6626 159.9458 104.8572 174.3262 68.0593 68.0777 23.1064 92.0884 27.5293 112.8698 210.7853 128.4026 0.0000 129.3007 147.2316 100.2035
84.3741 157.3702 120.5969 200.2323 73.4284 10.1743 152.4175 93.5745 115.4390 83.5665 170.7662 7.1029 4.3893 184.0504 166.2135 63.2706 61.4876 44.4371 71.0252 94.6086 83.7406 75.3165 129.3007 0.0000 24.8743 109.2754
270.0329 104.4028 94.9027 211.9895 86.3349 18.4783 100.6340 81.3950 46.3811 11.8564 39.4052 197.8096 169.5941 17.2934 128.3033 28.7996 111.5561 143.0761 208.5937 118.6972 76.8864 161.1783 147.2316 24.8743 0.0000 68.9428
164.8585 184.1426 104.8497 134.8949 60.8209 80.6360 146.6932 101.6878 51.4799 17.8530 205.7379 73.9277 60.1820 80.1716 68.6634 128.0446 83.4063 7.2398 67.1668 119.0344 72.4561 35.9284 100.2035 109.2754 68.9428 0.0000
