26
0.0000 36.1790 116.4632 313.0154 97.8322 178.8729 88.1254 147.3469 125.0700 100.0821 176.5079 38.7354 33.1092 120.9853 73.4325 186.7104 67.2290 125.2246 182.5819 148.9774 139.5436 124.6419 285.4063 115.7764 61.6435 187.3915
36.1790 0.0000 130.8018 115.3382 39.2850 184.5676 113.3904 149.4509 103.3303 111.4487 60.9657 25.4803 105.8867 79.4900 94.9895 68.5937 85.3103 206.4257 145.0899 81.3674 86.7025 63.6730 140.2251 157.2044 140.7788 160.2599
116.4632 130.8018 0.0000 92.9090 99.8143 23.5802 175.0842 21.1626 131.2953 102.7254 149.8260 82.1362 21.6355 72.6739 39.1320 3.6611 159.6942 150.3462 34.0938 138.3835 90.2019 143.8965 110.7634 62.2780 78.1564 219.8155
313.0154 115.3382 92.9090 0.0000 156.8311 161.2200 105.5382 110.5150 89.5328 191.3627 73.4505 167.0182 85.2396 158.1773 79.2337 149.2946 108.4692 145.3586 30.9874 102.4398 148.9119 27.0803 140.6155 108.7066 65.1353 121.6311
97.8322 39.2850 99.8143 156.8311 0.0000 47.3466 73.9551 136.2661 103.3745 235.7442 158.9501 119.4743 6.5807 184.6332 111.7020 65.7115 58.7718 79.2331 85.1542 93.8746 84.9412 84.4574 188.5493 92.8795 78.2538 96.0349
178.8729 184.5676 23.5802 161.2200 47.3466 0.0000 46.1903 64.5170 185.9036 105.2455 61.1557 44.5889 64.1940 52.2738 83.2899 220.4836 170.5622 56.4134 67.0409 127.4630 58.8994 81.3540 105.2375 80.0530 73.9700 94.5167
88.1254 113.3904 175.0842 105.5382 73.9551 46.1903 0.0000 88.0900 159.7023 60.9571 224.7330 241.9459 227.9063 88.2204 24.7823 122.6858 178.4156 88.2132 110.3946 93.3406 133.3590 168.4602 152.2723 70.7048 110.5341 36.0412
147.3469 149.4509 21.1626 110.5150 136.2661 64.5170 88.0900 0.0000 5.9466 49.2565 56.2871 116.3024 221.0679 131.1113 56.3789 81.3623 9.9566 226.3624 138.6042 139.1049 1.9599 68.0659 147.3514 156.2466 156.9384 108.5693
125.0700 103.3303 131.2953 89.5328 103.3745 185.9036 159.7023 5.9466 0.0000 182.5982 110.5560 148.4663 125.3191 110.3479 165.5604 110.2617 60.2025 75.1751 212.4893 85.1464 96.2414 99.7809 63.8769 271.1666 137.7216 28.0159
100.0821 111.4487 102.7254 191.3627 235.7442 105.2455 60.9571 49.2565 182.5982 0.0000 97.8835 27.3232 174.7489 63.0431 53.7510 159.2284 133.5031 150.7525 91.6112 128.5638 67.0315 135.9140 67.7199 121.7441 88.4819 129.4173
176.5079 60.9657 149.8260 73.4505 158.9501 61.1557 224.7330 56.2871 110.5560 97.8835 0.0000 211.4284 118.7535 183.6746 110.8470 128.3026 75.3445 71.4731 20.5765 139.9718 0.7296 153.4050 177.7666 30.3020 47.0122 104.5895
38.7354 25.4803 82.1362 167.0182 119.4743 44.5889 241.9459 116.3024 148.4663 27.3232 211.4284 0.0000 90.5682 84.8510 66.0761 234.6976 80.4906 104.4651 105.9872 92.9974 102.9033 127.2347 4.1398 83.9102 165.7265 75.6052
33.1092 105.8867 21.6355 85.2396 6.5807 64.1940 227.9063 221.0679 125.3191 174.7489 118.7535 90.5682 0.0000 189.7795 121.0466 127.4261 142.1759 147.0462 144.6444 261.2780 70.8681 80.1205 48.6418 35.4264 266.4385 35.4289
120.9853 79.4900 72.6739 158.1773 184.6332 52.2738 88.2204 131.1113 110.3479 63.0431 183.6746 84.8510 189.7795 0.0000 139.5257 194.4389 31.3230 92.2285 207.7627 160.0462 168.1892 104.3747 161.8771 58.9055 120.4447 152.3801
73.4325 94.9895 39.1320 79.2337 111.7020 83.2899 24.7823 56.3789 165.5604 53.7510 110.8470 66.0761 121.0466 139.5257 0.0000 82.1066 169.7731 55.3833 152.0359 76.8944 69.6800 217.1820 123.7266 47.6318 71.9150 126.6355
186.7104 68.5937 3.6611 149.2946 65.7115 220.4836 122.6858 81.3623 110.2617 159.2284 128.3026 234.6976 127.4261 194.4389 82.1066 0.0000 60.3672 177.3638 114.0833 134.0701 135.9993 135.0175 205.5252 32.0146 71.9510 129.5683
67.2290 85.3103 159.6942 108.4692 58.7718 170.5622 178.4156 9.9566 60.2025 133.5031 75.3445 80.4906 142.1759 31.3230 169.7731 60.3672 0.0000 42.6675 92.4651 109.0319 108.0095 100.0444 3.4995 128.0778 95.6596 71.5441
125.2246 206.4257 150.3462 145.3586 79.2331 56.4134 88.2132 226.3624 75.1751 150.7525 71.4731 104.4651 147.0462 92.2285 55.3833 177.3638 42.6675 0.0000 75.2437 64.8097 167.6917 124.3723 202.0352 67.6005 76.8065 126.3542
182.5819 145.0899 34.0938 30.9874 85.1542 67.0409 110.3946 138.6042 212.4893 91.6112 20.5765 105.9872 144.6444 207.7627 152.0359 114.0833 92.4651 75.2437 0.0000 109.6507 59.7930 89.9201 178.1876 69.4347 124.6300 132.9243
148.9774 81.3674 138.3835 102.4398 93.8746 127.4630 93.3406 139.1049 85.1464 128.5638 139.9718 92.9974 261.2780 160.0462 76.8944 134.0701 109.0319 64.8097 109.6507 0.0000 41.1277 93.5786 87.0163 167.1025 48.0767 151.1144
139.5436 86.7025 90.2019 148.9119 84.9412 58.8994 133.3590 1.9599 96.2414 67.0315 0.7296 102.9033 70.8681 168.1892 69.6800 135.9993 108.0095 167.6917 59.7930 41.1277 0.0000 81.8676 19.8322 141.9377 90.6089 180.5681
124.6419 63.6730 143.8965 27.0803 84.4574 81.3540 168.4602 68.0659 99.7809 135.9140 153.4050 127.2347 80.1205 104.3747 217.1820 135.0175 100.0444 124.3723 89.9201 93.5786 81.8676 0.0000 93.8739 80.2682 102.7963 82.9158
285.4063 140.2251 110.7634 140.6155 188.5493 105.2375 152.2723 147.3514 63.8769 67.7199 177.7666 4.1398 48.6418 161.8771 123.7266 205.5252 3.4995 202.0352 178.1876 87.0163 19.8322 93.8739 0.0000 93.2783 60.4897 100.2742
115.7764 157.2044 62.2780 108.7066 92.8795 80.0530 70.7048 156.2466 271.1666 121.7441 30.3020 83.9102 35.4264 58.9055 47.6318 32.0146 128.0778 67.6005 69.4347 167.1025 141.9377 80.2682 93.2783 0.0000 58.8039 89.2939
61.6435 140.7788 78.1564 65.1353 78.2538 73.9700 110.5341 156.9384 137.7216 88.4819 47.0122 165.7265 266.4385 120.4447 71.9150 71.9510 95.6596 76.8065 124.6300 48.0767 90.6089 102.7963 60.4897 58.8039 0.0000 127.6609
187.3915 160.2599 219.8155 121.6311 96.0349 94.5167 36.0412 108.5693 28.0159 129.4173 104.5895 75.6052 35.4289 152.3801 126.6355 129.5683 71.5441 126.3542 132.9243 151.1144 180.5681 82.9158 100.2742 89.2939 127.6609 0.0000
