26
0.0000 152.8779 74.4870 68.9721 188.8840 14.0206 108.0884 115.8655 7.5784 152.8594 75.5189 121.5590 96.9650 125.2082 191.1275 95.2075 76.5577 71.0021 182.0134 182.4711 169.4845 43.5810 111.5173 106.4609 112.7176 94.8272
152.8779 0.0000 2.1066 146.2962 104.7728 170.2643 68.9937 84.0230 159.0743 86.0690 46.8191 271.2938 20.0699 39.5356 85.2259 101.1061 67.0462 77.3552 166.0806 112.9458 117.1732 78.7650 141.1517 47.1646 103.4912 175.4318
74.4870 2.1066 0.0000 55.4070 39.0552 132.3112 59.2509 196.5940 180.1680 75.4069 38.0741 87.2397 172.6980 60.5949 136.2597 107.6246 112.0919 165.2887 110.0496 98.0644 19.4487 30.9638 90.4873 147.3766 89.5931 171.4567
68.9721 146.2962 55.4070 0.0000 28.1815 155.0071 181.5978 130.3049 159.2262 132.3289 171.3767 150.3241 65.3299 80.6393 84.2471 189.8204 31.7595 66.9854 89.6392 95.1155 133.0001 41.8777 66.1660 185.7988 141.9502 47.5101
188.8840 104.7728 39.0552 28.1815 0.0000 83.9070 122.8694 101.9073 164.4528 100.2541 25.5325 71.3971 160.5731 148.7057 242.4927 180.2565 121.4380 134.6047 80.9914 136.0007 225.3883 216.6674 47.1119 111.3158 32.9464 80.0906
14.0206 170.2643 132.3112 155.0071 83.9070 0.0000 103.9722 173.2781 100.5147 94.5856 30.2779 119.5439 66.7325 211.1006 51.9786 96.0711 102.6981 148.3882 6.5101 95.6172 60.4962 128.7588 37.0015 54.1201 120.1756 121.0189
108.0884 68.9937 59.2509 181.5978 122.8694 103.9722 0.0000 168.8922 86.3243 6.4120 90.6356 163.5193 63.0471 167.2607 147.4383 126.4828 231.5104 95.9174 117.0093 94.5963 81.6710 198.8148 75.4246 114.2362 87.0386 96.8041
115.8655 84.0230 196.5940 130.3049 101.9073 173.2781 168.8922 0.0000 156.2480 116.4251 154.3956 133.4863 61.7834 124.0574 147.4137 192.0425 166.0858 154.6703 33.7607 44.5668 23.1083 17.2328 64.7574 61.2906 71.0300 206.6611
7.5784 159.0743 180.1680 159.2262 164.4528 100.5147 86.3243 156.2480 0.0000 19.7347 57.7919 83.1724 107.4481 242.6647 139.9042 16.1355 142.9915 125.4909 134.4147 69.5024 87.5260 94.6547 101.4491 134.4903 5.1971 96.8422
152.8594 86.0690 75.4069 132.3289 100.2541 94.5856 6.4120 116.4251 19.7347 0.0000 78.9286 38.5975 161.1728 112.9467 55.0299 100.5997 73.8077 185.1194 51.5854 152.5757 59.8829 56.9220 104.5023 105.1012 107.1478 77.4158
75.5189 46.8191 38.0741 171.3767 25.5325 30.2779 90.6356 154.3956 57.7919 78.9286 0.0000 160.8945 98.6492 58.4382 124.6492 99.4660 112.6356 54.1705 132.6186 21.6505 142.8024 133.8014 60.3781 137.0525 211.0193 125.7036
121.5590 271.2938 87.2397 150.3241 71.3971 119.5439 163.5193 133.4863 83.1724 38.5975 160.8945 0.0000 34.5121 69.8878 95.0575 21.0371 206.3108 88.2713 89.0015 37.1893 178.4323 130.1702 129.3541 143.4673 34.7369 18.0559
96.9650 20.0699 172.6980 65.3299 160.5731 66.7325 63.0471 61.7834 107.4481 161.1728 98.6492 34.5121 0.0000 227.6939 145.1742 101.7674 143.3888 15.7563 100.5447 166.6131 69.2294 162.6937 127.7065 125.1706 46.8569 116.3475
125.2082 39.5356 60.5949 80.6393 148.7057 211.1006 167.2607 124.0574 242.6647 112.9467 58.4382 69.8878 227.6939 0.0000 18.3174 6.6568 52.3025 164.4491 133.6347 186.7213 103.9167 83.2475 32.3168 121.0968 38.6765 94.7918
191.1275 85.2259 136.2597 84.2471 242.4927 51.9786 147.4383 147.4137 139.9042 55.0299 124.6492 95.0575 145.1742 18.3174 0.0000 133.4155 69.6128 204.6039 192.0252 84.8015 101.2688 80.4626 96.0766 179.8994 110.7291 16.4019
95.2075 101.1061 107.6246 189.8204 180.2565 96.0711 126.4828 192.0425 16.1355 100.5997 99.4660 21.0371 101.7674 6.6568 133.4155 0.0000 41.4847 124.8145 256.1753 132.5438 19.3372 88.0759 71.0270 143.4813 144.6547 69.8353
76.5577 67.0462 112.0919 31.7595 121.4380 102.6981 231.5104 166.0858 142.9915 73.8077 112.6356 206.3108 143.3888 52.3025 69.6128 41.4847 0.0000 104.9886 144.8961 114.4941 49.1493 166.0378 113.9797 118.6687 112.7302 60.7807
71.0021 77.3552 165.2887 66.9854 134.6047 148.3882 95.9174 154.6703 125.4909 185.1194 54.1705 88.2713 15.7563 164.4491 204.6039 124.8145 104.9886 0.0000 60.7390 92.3152 171.7877 82.5070 21.5574 197.2629 41.1805 126.8082
182.0134 166.0806 110.0496 89.6392 80.9914 6.5101 117.0093 33.7607 134.4147 51.5854 132.6186 89.0015 100.5447 133.6347 192.0252 256.1753 144.8961 60.7390 0.0000 114.0519 76.1558 93.7836 112.2258 143.6595 22.2397 94.3831
182.4711 112.9458 98.0644 95.1155 136.0007 95.6172 94.5963 44.5668 69.5024 152.5757 21.6505 37.1893 166.6131 186.7213 84.8015 132.5438 114.4941 92.3152 114.0519 0.0000 137.5225 116.1716 103.5473 37.0314 133.7596 168.8803
169.4845 117.1732 19.4487 133.0001 225.3883 60.4962 81.6710 23.1083 87.5260 59.8829 142.8024 178.4323 69.2294 103.9167 101.2688 19.3372 49.1493 171.7877 76.1558 137.5225 0.0000 151.1299 22.2651 149.0025 76.5479 49.8404
43.5810 78.7650 30.9638 41.8777 216.6674 128.7588 198.8148 17.2328 94.6547 56.9220 133.8014 130.1702 162.6937 83.2475 80.4626 88.0759 166.0378 82.5070 93.7836 116.1716 151.1299 0.0000 22.8141 84.8182 63.6741 40.5630
111.5173 141.1517 90.4873 66.1660 47.1119 37.0015 75.4246 64.7574 101.4491 104.5023 60.3781 129.3541 127.7065 32.3168 96.0766 71.0270 113.9797 21.5574 112.2258 103.5473 22.2651 22.8141 0.0000 104.1960 176.7062 54.2246
106.4609 47.1646 147.3766 185.7988 111.3158 54.1201 114.2362 61.2906 134.4903 105.1012 137.0525 143.4673 125.1706 121.0968 179.8994 143.4813 118.6687 197.2629 143.6595 37.0314 149.0025 84.8182 104.1960 0.0000 119.4682 173.0185
112.7176 103.4912 89.5931 141.9502 32.9464 120.1756 87.0386 71.0300 5.1971 107.1478 211.0193 34.7369 46.8569 38.6765 110.7291 144.6547 112.7302 41.1805 22.2397 133.7596 76.5479 63.6741 176.7062 119.4682 0.0000 73.3336
94.8272 175.4318 171.4567 47.5101 80.0906 121.0189 96.8041 206.6611 96.8422 77.4158 125.7036 18.0559 116.3475 94.7918 16.4019 69.8353 60.7807 126.8082 94.3831 168.8803 49.8404 40.5630 54.2246 173.0185 73.3336 0.0000
