26
0.0000 38.9557 47.9567 123.7350 141.3147 110.3204 205.8055 103.7707 139.0259 112.1089 104.3097 93.9979 103.0566 63.0595 156.4854 106.1017 136.0105 101.1104 92.2923 5.0345 5.7730 32.2783 203.2257 136.5526 152.4166 62.7795
38.9557 0.0000 98.4821 38.2135 211.0890 93.8075 39.5968 82.1179 170.8704 40.3941 82.6266 31.2947 131.8268 121.3296 112.8529 25.0725 66.0331 102.3473 68.2275 114.3752 166.9229 137.5156 80.5542 94.9799 66.7078 99.1853
47.9567 98.4821 0.0000 82.5350 54.3031 162.0869 131.3797 17.9111 80.6944 112.5951 142.1203 92.6940 91.3218 103.3241 98.0209 45.9801 169.8848 165.0636 178.7158 131.2497 25.2170 211.8861 124.7066 78.1139 154.6199 61.0588
123.7350 38.2135 82.5350 0.0000 116.3298 20.8410 119.3709 185.7670 118.9274 127.3587 68.6341 70.1632 54.8161 71.6610 128.6424 104.3468 199.9482 98.4758 241.1468 107.2944 108.6623 128.9181 111.2067 137.1686 107.2979 97.8054
141.3147 211.0890 54.3031 116.3298 0.0000 20.7523 232.3185 131.6815 32.7666 74.2073 187.7198 74.9424 203.7901 24.5066 31.6237 135.1070 165.0355 38.7794 118.8943 127.5045 161.0275 98.8165 108.0167 77.4317 51.0482 27.5167
110.3204 93.8075 162.0869 20.8410 20.7523 0.0000 162.0293 83.7109 160.5501 188.2942 91.4493 146.1412 97.2790 9.3356 147.0865 96.5925 97.9419 21.7781 11.5848 162.6883 170.3407 117.1505 179.0891 83.9059 202.4331 9.7857
205.8055 39.5968 131.3797 119.3709 232.3185 162.0293 0.0000 40.0821 122.8831 131.4000 127.9083 110.1857 123.1027 101.0379 82.8101 188.1512 142.0166 65.1034 122.8434 37.4878 161.6182 91.7771 123.9084 192.2955 27.9307 168.7968
103.7707 82.1179 17.9111 185.7670 131.6815 83.7109 40.0821 0.0000 110.2516 74.4993 21.8998 35.1633 153.6668 130.4507 65.1222 263.8588 127.4617 134.6437 162.5015 38.5261 135.5464 172.6571 43.0142 95.6530 141.1511 80.0164
139.0259 170.8704 80.6944 118.9274 32.7666 160.5501 122.8831 110.2516 0.0000 213.0053 23.0398 124.2918 92.1122 82.4414 129.1158 138.2230 86.8596 2.7558 154.3328 84.8972 106.1507 23.5834 91.8820 19.7727 112.1670 141.2648
112.1089 40.3941 112.5951 127.3587 74.2073 188.2942 131.4000 74.4993 213.0053 0.0000 124.7597 137.7892 134.2848 172.3733 201.7986 169.1052 110.5156 49.3189 51.8227 75.2686 177.9756 67.3244 21.7466 140.9872 96.9155 126.5912
104.3097 82.6266 142.1203 68.6341 187.7198 91.4493 127.9083 21.8998 23.0398 124.7597 0.0000 33.7592 99.8560 148.9843 132.1226 126.9940 59.9026 64.5953 183.2429 38.2770 43.1939 123.3563 152.8252 0.8533 3.0628 25.2657
93.9979 31.2947 92.6940 70.1632 74.9424 146.1412 110.1857 35.1633 124.2918 137.7892 33.7592 0.0000 8.0649 70.5113 165.9616 115.9030 97.8588 96.8420 138.3473 192.3141 15.8483 75.0103 156.2312 136.7093 98.3287 59.6515
103.0566 131.8268 91.3218 54.8161 203.7901 97.2790 123.1027 153.6668 92.1122 134.2848 99.8560 8.0649 0.0000 110.4600 2.8044 122.1938 79.1526 106.1178 42.3896 132.8896 41.5617 13.3794 109.9520 150.2406 82.4425 146.9087
63.0595 121.3296 103.3241 71.6610 24.5066 9.3356 101.0379 130.4507 82.4414 172.3733 148.9843 70.5113 110.4600 0.0000 122.4880 116.6381 23.3820 93.5827 85.8084 20.2887 15.0857 206.6813 3.1354 65.6864 114.0159 218.4461
156.4854 112.8529 98.0209 128.6424 31.6237 147.0865 82.8101 65.1222 129.1158 201.7986 132.1226 165.9616 2.8044 122.4880 0.0000 183.0899 120.6614 97.4783 116.0868 138.0289 60.8751 263.1175 125.7101 45.1787 241.7023 139.5784
106.1017 25.0725 45.9801 104.3468 135.1070 96.5925 188.1512 263.8588 138.2230 169.1052 126.9940 115.9030 122.1938 116.6381 183.0899 0.0000 132.2351 116.1956 100.6096 93.9705 145.1133 118.9304 108.7617 108.2899 137.6289 51.0162
136.0105 66.0331 169.8848 199.9482 165.0355 97.9419 142.0166 127.4617 86.8596 110.5156 59.9026 97.8588 79.1526 23.3820 120.6614 132.2351 0.0000 71.2450 38.2572 82.0323 53.9534 44.0998 125.5110 107.9000 105.5313 47.1688
101.1104 102.3473 165.0636 98.4758 38.7794 21.7781 65.1034 134.6437 2.7558 49.3189 64.5953 96.8420 106.1178 93.5827 97.4783 116.1956 71.2450 0.0000 74.6503 75.0861 43.7567 87.2820 65.3472 77.3629 39.1305 148.4686
92.2923 68.2275 178.7158 241.1468 118.8943 11.5848 122.8434 162.5015 154.3328 51.8227 183.2429 138.3473 42.3896 85.8084 116.0868 100.6096 38.2572 74.6503 0.0000 133.4688 134.8594 187.8957 62.3078 83.8808 110.0752 169.3992
5.0345 114.3752 131.2497 107.2944 127.5045 162.6883 37.4878 38.5261 84.8972 75.2686 38.2770 192.3141 132.8896 20.2887 138.0289 93.9705 82.0323 75.0861 133.4688 0.0000 133.6471 62.4321 150.7974 26.9204 104.1350 108.9262
5.7730 166.9229 25.2170 108.6623 161.0275 170.3407 161.6182 135.5464 106.1507 177.9756 43.1939 15.8483 41.5617 15.0857 60.8751 145.1133 53.9534 43.7567 134.8594 133.6471 0.0000 70.0990 56.9091 53.0437 178.2932 34.9662
32.2783 137.5156 211.8861 128.9181 98.8165 117.1505 91.7771 172.6571 23.5834 67.3244 123.3563 75.0103 13.3794 206.6813 263.1175 118.9304 44.0998 87.2820 187.8957 62.4321 70.0990 0.0000 3.9332 134.6892 29.2719 152.4095
203.2257 80.5542 124.7066 111.2067 108.0167 179.0891 123.9084 43.0142 91.8820 21.7466 152.8252 156.2312 109.9520 3.1354 125.7101 108.7617 125.5110 65.3472 62.3078 150.7974 56.9091 3.9332 0.0000 168.7148 166.7184 154.0713
136.5526 94.9799 78.1139 137.1686 77.4317 83.9059 192.2955 95.6530 19.7727 140.9872 0.8533 136.7093 150.2406 65.6864 45.1787 108.2899 107.9000 77.3629 83.8808 26.9204 53.0437 134.6892 168.7148 0.0000 144.4149 110.7302
152.4166 66.7078 154.6199 107.2979 51.0482 202.4331 27.9307 141.1511 112.1670 96.9155 3.0628 98.3287 82.4425 114.0159 241.7023 137.6289 105.5313 39.1305 110.0752 104.1350 178.2932 29.2719 166.7184 144.4149 0.0000 110.8437
62.7795 99.1853 61.0588 97.8054 27.5167 9.7857 168.7968 80.0164 141.2648 126.5912 25.2657 59.6515 146.9087 218.4461 139.5784 51.0162 47.1688 148.4686 169.3992 108.9262 34.9662 152.4095 154.0713 110.7302 110.8437 0.0000
