26
0.0000 129.3463 58.8897 61.2084 163.3473 102.7944 106.6854 143.1585 31.3529 95.4363 63.6741 52.7404 130.7601 72.2420 42.9906 97.2187 67.3191 148.7447 146.6330 32.7375 132.5567 130.6129 15.7542 13.7872 156.2728 95.7291
129.3463 0.0000 152.0413 74.2749 67.4222 144.7657 115.1078 168.6897 187.0106 7.1959 63.4390 83.4690 25.9540 236.8820 73.4868 124.5452 131.1973 40.0753 40.6053 265.8980 3.9038 173.3514 148.7195 49.1888 181.7806 86.0784
58.8897 152.0413 0.0000 223.6333 69.6578 70.4107 91.6089 166.2689 175.9784 155.9579 212.3722 217.6620 216.7338 140.1083 128.9391 106.7066 87.5104 55.9711 47.8703 87.4293 44.1837 127.7825 154.7346 29.4646 109.1411 95.6386
61.2084 74.2749 223.6333 0.0000 166.6293 251.3017 115.6025 98.3835 59.7189 133.2246 119.8827 15.0656 169.5514 57.0642 140.7702 50.7055 2.8655 99.3679 185.5125 92.6825 99.2281 168.4765 176.6916 149.5207 173.7053 165.0293
163.3473 67.4222 69.6578 166.6293 0.0000 79.2344 45.4358 125.4371 123.8012 142.3216 148.3566 191.9516 193.0732 103.2808 134.4422 119.4609 56.0376 152.9311 81.1859 82.5882 127.2614 98.8471 148.8233 104.6376 80.8618 25.7112
102.7944 144.7657 70.4107 251.3017 79.2344 0.0000 101.6786 62.5873 35.7352 191.2638 135.6135 32.9278 135.5827 22.0533 73.9510 112.4906 146.2950 112.2367 111.8634 75.7361 103.2439 120.9024 47.9844 117.3386 45.3201 12.3835
106.6854 115.1078 91.6089 115.6025 45.4358 101.6786 0.0000 146.4426 56.0839 27.7728 121.4030 53.8064 49.3368 19.6446 101.8382 104.2019 180.8675 113.0688 195.2505 72.5064 168.3929 171.6558 123.1634 57.6955 122.8724 115.2730
143.1585 168.6897 166.2689 98.3835 125.4371 62.5873 146.4426 0.0000 193.6640 154.5633 120.0936 113.4158 13.0682 91.7775 28.0492 72.8101 71.1662 101.0528 213.0418 133.1315 153.2306 123.5920 223.6835 110.1696 128.2005 89.8147
31.3529 187.0106 175.9784 59.7189 123.8012 35.7352 56.0839 193.6640 0.0000 92.4973 153.9367 102.4213 275.2204 55.1854 135.9773 166.8365 152.4908 140.2523 198.2960 82.0752 100.5224 97.9946 139.7343 70.0168 189.7270 126.8970
95.4363 7.1959 155.9579 133.2246 142.3216 191.2638 27.7728 154.5633 92.4973 0.0000 213.2695 115.6217 154.9987 82.1187 154.1635 113.2888 162.9328 143.1719 212.5054 66.7002 69.2071 126.4319 44.3277 83.5791 133.3103 48.4622
63.6741 63.4390 212.3722 119.8827 148.3566 135.6135 121.4030 120.0936 153.9367 213.2695 0.0000 59.0461 216.2851 22.8973 67.6608 72.0968 56.0426 143.0080 143.7390 112.2724 23.6466 78.4310 138.9955 58.0453 136.7256 141.8039
52.7404 83.4690 217.6620 15.0656 191.9516 32.9278 53.8064 113.4158 102.4213 115.6217 59.0461 0.0000 128.2013 67.5587 121.4756 52.4111 170.1882 119.6953 93.8436 183.4278 117.2892 74.6872 104.4111 227.6943 74.4505 50.3467
130.7601 25.9540 216.7338 169.5514 193.0732 135.5827 49.3368 13.0682 275.2204 154.9987 216.2851 128.2013 0.0000 187.5883 65.6678 196.7671 18.8961 203.3639 112.1304 112.7043 174.5022 132.4709 90.3494 160.7136 71.2393 54.9202
72.2420 236.8820 140.1083 57.0642 103.2808 22.0533 19.6446 91.7775 55.1854 82.1187 22.8973 67.5587 187.5883 0.0000 119.7112 132.3241 35.0766 156.9398 59.0567 107.7111 134.3870 59.1568 72.0546 49.4848 115.4349 93.9520
42.9906 73.4868 128.9391 140.7702 134.4422 73.9510 101.8382 28.0492 135.9773 154.1635 67.6608 121.4756 65.6678 119.7112 0.0000 95.0836 8.0155 93.6515 60.5592 55.5199 174.1910 31.1835 115.1108 53.6866 123.8098 151.4924
97.2187 124.5452 106.7066 50.7055 119.4609 112.4906 104.2019 72.8101 166.8365 113.2888 72.0968 52.4111 196.7671 132.3241 95.0836 0.0000 85.6496 111.1981 134.2437 162.6923 178.3290 195.2068 62.8129 62.8254 85.3406 79.2376
67.3191 131.1973 87.5104 2.8655 56.0376 146.2950 180.8675 71.1662 152.4908 162.9328 56.0426 170.1882 18.8961 35.0766 8.0155 85.6496 0.0000 95.1280 99.4081 61.8271 91.5557 85.7244 5.4379 81.4250 178.6943 31.4875
148.7447 40.0753 55.9711 99.3679 152.9311 112.2367 113.0688 101.0528 140.2523 143.1719 143.0080 119.6953 203.3639 156.9398 93.6515 111.1981 95.1280 0.0000 52.7625 57.8597 27.1031 4.8833 102.3954 110.1302 142.3737 77.2951
146.6330 40.6053 47.8703 185.5125 81.1859 111.8634 195.2505 213.0418 198.2960 212.5054 143.7390 93.8436 112.1304 59.0567 60.5592 134.2437 99.4081 52.7625 0.0000 62.4450 91.3976 122.3587 161.2374 127.0559 147.9569 168.8222
32.7375 265.8980 87.4293 92.6825 82.5882 75.7361 72.5064 133.1315 82.0752 66.7002 112.2724 183.4278 112.7043 107.7111 55.5199 162.6923 61.8271 57.8597 62.4450 0.0000 94.1115 97.3499 167.4904 9.7010 208.4867 114.8021
132.5567 3.9038 44.1837 99.2281 127.2614 103.2439 168.3929 153.2306 100.5224 69.2071 23.6466 117.2892 174.5022 134.3870 174.1910 178.3290 91.5557 27.1031 91.3976 94.1115 0.0000 117.3215 203.8710 240.2283 111.8719 96.6401
130.6129 173.3514 127.7825 168.4765 98.8471 120.9024 171.6558 123.5920 97.9946 126.4319 78.4310 74.6872 132.4709 59.1568 31.1835 195.2068 85.7244 4.8833 122.3587 97.3499 117.3215 0.0000 87.2791 108.0950 31.9658 52.1336
15.7542 148.7195 154.7346 176.6916 148.8233 47.9844 123.1634 223.6835 139.7343 44.3277 138.9955 104.4111 90.3494 72.0546 115.1108 62.8129 5.4379 102.3954 161.2374 167.4904 203.8710 87.2791 0.0000 212.7238 125.5202 106.3104
13.7872 49.1888 29.4646 149.5207 104.6376 117.3386 57.6955 110.1696 70.0168 83.5791 58.0453 227.6943 160.7136 49.4848 53.6866 62.8254 81.4250 110.1302 127.0559 9.7010 240.2283 108.0950 212.7238 0.0000 116.4085 116.1336
156.2728 181.7806 109.1411 173.7053 80.8618 45.3201 122.8724 128.2005 189.7270 133.3103 136.7256 74.4505 71.2393 115.4349 123.8098 85.3406 178.6943 142.3737 147.9569 208.4867 111.8719 31.9658 125.5202 116.4085 0.0000 153.1008
95.7291 86.0784 95.6386 165.0293 25.7112 12.3835 115.2730 89.8147 126.8970 48.4622 141.8039 50.3467 54.9202 93.9520 151.4924 79.2376 31.4875 77.2951 168.8222 114.8021 96.6401 52.1336 106.3104 116.1336 153.1008 0.0000
