26
0.0000 78.4454 135.6423 155.7883 76.1938 154.5734 38.2168 154.4837 28.8044 4.2647 185.7054 37.0836 144.4211 60.3193 93.0408 158.0545 205.2463 170.8463 51.5285 7.9924 167.4954 34.0330 181.5488 97.8717 145.3740 124.8311
78.4454 0.0000 116.9639 90.7941 221.2972 156.4965 93.1668 34.0991 87.5233 126.8032 80.7182 99.2330 131.9636 83.7844 116.0656 140.4785 168.3698 61.0812 165.5259 123.5101 144.5270 142.5046 69.5790 58.1804 178.1067 46.8076
135.6423 116.9639 0.0000 101.0416 76.8008 81.8408 195.4154 189.8626 188.8863 168.3277 62.3191 163.6774 137.5841 120.5708 130.0014 151.7700 62.0371 86.5692 160.8998 14.4556 94.8393 65.3634 116.2666 190.9730 72.4647 139.1796
155.7883 90.7941 101.0416 0.0000 32.1229 327.2432 120.0252 127.8467 69.8681 76.8436 78.5987 161.0579 128.2646 97.3503 115.5584 119.3987 60.6787 119.5428 281.8952 193.7020 122.2131 86.9125 69.9657 105.1820 145.5755 122.3673
76.1938 221.2972 76.8008 32.1229 0.0000 58.3450 108.4994 157.9068 13.8220 100.6289 202.9351 124.2934 149.9743 21.4819 175.9836 264.0934 110.5927 95.5754 118.3537 81.3102 125.4979 155.4940 31.9607 116.7723 52.8104 16.5194
154.5734 156.4965 81.8408 327.2432 58.3450 0.0000 109.7926 92.9318 118.5466 25.9632 122.6018 111.3471 151.4671 112.2832 70.6998 8.7415 189.7819 176.2727 107.1347 84.4686 99.4729 189.3415 144.4824 64.5234 146.2860 89.5247
38.2168 93.1668 195.4154 120.0252 108.4994 109.7926 0.0000 125.7122 135.7830 133.8753 111.2578 108.7765 53.9244 59.6489 119.6563 61.0162 44.5323 132.7278 205.8028 78.3024 79.0834 157.4361 65.1203 7.7447 161.8330 81.1714
154.4837 34.0991 189.8626 127.8467 157.9068 92.9318 125.7122 0.0000 136.5830 18.0762 91.9618 46.9588 102.3224 35.0534 69.6936 24.5141 82.5984 159.9922 43.3890 77.3130 53.0423 160.0707 219.8902 108.5764 157.8392 6.0869
28.8044 87.5233 188.8863 69.8681 13.8220 118.5466 135.7830 136.5830 0.0000 28.6280 213.8811 18.5034 86.0180 88.5438 114.3295 164.6907 158.4135 153.0889 61.4713 71.4927 92.2115 54.1531 95.3981 187.8415 47.9165 97.2946
4.2647 126.8032 168.3277 76.8436 100.6289 25.9632 133.8753 18.0762 28.6280 0.0000 11.0849 12.8272 33.9481 83.0724 182.3231 120.4780 161.2443 164.4760 21.1013 84.1688 151.9750 130.6607 17.1142 149.5664 111.1905 142.7716
185.7054 80.7182 62.3191 78.5987 202.9351 122.6018 111.2578 91.9618 213.8811 11.0849 0.0000 196.5109 168.6035 84.6152 64.3751 77.6013 158.9076 77.8219 126.9840 188.3798 146.2213 71.0329 213.0175 89.1655 187.7291 269.2315
37.0836 99.2330 163.6774 161.0579 124.2934 111.3471 108.7765 46.9588 18.5034 12.8272 196.5109 0.0000 59.2979 31.0231 189.7765 110.9380 129.6733 136.3888 76.3143 125.2600 82.6019 53.5836 219.8743 141.1918 146.8931 124.1728
144.4211 131.9636 137.5841 128.2646 149.9743 151.4671 53.9244 102.3224 86.0180 33.9481 168.6035 59.2979 0.0000 50.5436 28.5274 126.7437 75.8209 168.5394 195.4666 188.0033 216.5802 126.5809 27.5888 30.7759 90.5984 159.2711
60.3193 83.7844 120.5708 97.3503 21.4819 112.2832 59.6489 35.0534 88.5438 83.0724 84.6152 31.0231 50.5436 0.0000 129.0651 81.2263 136.8880 73.4141 177.1195 62.3126 101.5211 288.1907 77.0141 21.0941 71.6150 141.4732
93.0408 116.0656 130.0014 115.5584 175.9836 70.6998 119.6563 69.6936 114.3295 182.3231 64.3751 189.7765 28.5274 129.0651 0.0000 186.5577 57.7879 89.2424 103.1670 167.8506 54.7318 124.1861 89.4423 126.5227 76.9813 53.0724
158.0545 140.4785 151.7700 119.3987 264.0934 8.7415 61.0162 24.5141 164.6907 120.4780 77.6013 110.9380 126.7437 81.2263 186.5577 0.0000 98.4032 86.6736 181.5224 143.4243 133.6799 61.4260 120.2381 93.3864 24.4093 100.0510
205.2463 168.3698 62.0371 60.6787 110.5927 189.7819 44.5323 82.5984 158.4135 161.2443 158.9076 129.6733 75.8209 136.8880 57.7879 98.4032 0.0000 75.3902 159.4349 29.8590 111.6284 68.7090 113.0101 115.2153 84.4602 103.9296
170.8463 61.0812 86.5692 119.5428 95.5754 176.2727 132.7278 159.9922 153.0889 164.4760 77.8219 136.3888 168.5394 73.4141 89.2424 86.6736 75.3902 0.0000 91.5102 89.9342 77.7837 144.2224 93.9353 38.6550 164.4174 57.5079
51.5285 165.5259 160.8998 281.8952 118.3537 107.1347 205.8028 43.3890 61.4713 21.1013 126.9840 76.3143 195.4666 177.1195 103.1670 181.5224 159.4349 91.5102 0.0000 77.2345 97.9284 165.9223 61.0308 67.3628 133.3155 89.7097
7.9924 123.5101 14.4556 193.7020 81.3102 84.4686 78.3024 77.3130 71.4927 84.1688 188.3798 125.2600 188.0033 62.3126 167.8506 143.4243 29.8590 89.9342 77.2345 0.0000 125.7943 207.7513 22.2352 46.4483 133.2503 40.3062
167.4954 144.5270 94.8393 122.2131 125.4979 99.4729 79.0834 53.0423 92.2115 151.9750 146.2213 82.6019 216.5802 101.5211 54.7318 133.6799 111.6284 77.7837 97.9284 125.7943 0.0000 100.6004 37.1389 122.1745 104.8559 30.1543
34.0330 142.5046 65.3634 86.9125 155.4940 189.3415 157.4361 160.0707 54.1531 130.6607 71.0329 53.5836 126.5809 288.1907 124.1861 61.4260 68.7090 144.2224 165.9223 207.7513 100.6004 0.0000 109.4574 212.0970 124.6315 179.5301
181.5488 69.5790 116.2666 69.9657 31.9607 144.4824 65.1203 219.8902 95.3981 17.1142 213.0175 219.8743 27.5888 77.0141 89.4423 120.2381 113.0101 93.9353 61.0308 22.2352 37.1389 109.4574 0.0000 134.6162 3.4666 129.3442
97.8717 58.1804 190.9730 105.1820 116.7723 64.5234 7.7447 108.5764 187.8415 149.5664 89.1655 141.1918 30.7759 21.0941 126.5227 93.3864 115.2153 38.6550 67.3628 46.4483 122.1745 212.0970 134.6162 0.0000 77.4008 191.9228
145.3740 178.1067 72.4647 145.5755 52.8104 146.2860 161.8330 157.8392 47.9165 111.1905 187.7291 146.8931 90.5984 71.6150 76.9813 24.4093 84.4602 164.4174 133.3155 133.2503 104.8559 124.6315 3.4666 77.4008 0.0000 108.7122
124.8311 46.8076 139.1796 122.3673 16.5194 89.5247 81.1714 6.0869 97.2946 142.7716 269.2315 124.1728 159.2711 141.4732 53.0724 100.0510 103.9296 57.5079 89.7097 40.3062 30.1543 179.5301 129.3442 191.9228 108.7122 0.0000
