26
0.0000 49.7281 88.2825 160.1325 48.8071 70.0047 83.8971 87.6600 62.5906 127.9955 171.4669 118.4495 110.9667 26.0909 11.4759 80.4758 135.8535 146.1673 73.1704 18.0254 77.9448 50.3956 90.2778 164.1001 136.7447 130.6027
49.7281 0.0000 37.0127 64.5123 113.5954 86.9046 132.7615 11.3002 230.6413 55.2095 128.9514 125.5939 113.4418 158.0905 207.9257 82.6839 166.5663 149.0080 94.6346 34.5177 151.6239 135.5043 94.5506 87.5400 56.3673 93.8487
88.2825 37.0127 0.0000 45.1833 49.4603 150.2722 75.6893 125.5426 140.8770 183.6036 96.6452 110.9400 179.1356 43.0577 108.2844 105.1938 26.5536 87.9049 43.5527 162.2783 149.1997 117.4036 130.6357 129.8130 89.0659 63.9325
160.1325 64.5123 45.1833 0.0000 62.2784 33.7486 99.9813 127.9368 3.6620 85.8091 189.7196 176.8155 194.2334 129.0750 146.2328 121.6074 153.9287 175.7924 48.6622 39.6391 21.9240 89.2116 120.1895 92.2411 60.2845 71.9666
48.8071 113.5954 49.4603 62.2784 0.0000 36.9512 69.1985 117.7221 117.1204 107.9424 59.7251 244.4352 69.0540 27.3596 93.6864 222.5232 123.6785 91.4271 126.8878 125.9239 21.3239 216.1366 193.9795 155.0001 104.6311 62.5282
70.0047 86.9046 150.2722 33.7486 36.9512 0.0000 71.0005 95.2633 132.2798 66.7491 27.7455 30.6057 63.6659 4.2570 175.6429 96.1615 146.9730 53.4726 170.7726 113.2356 118.7001 89.3996 149.1829 10.3869 42.7263 7.1860
83.8971 132.7615 75.6893 99.9813 69.1985 71.0005 0.0000 41.0357 166.5971 50.7167 62.3746 152.1965 108.3428 204.3627 139.6902 40.5604 106.1040 179.5858 115.7473 116.6148 73.5205 109.1272 234.7326 64.1383 50.5119 88.8196
87.6600 11.3002 125.5426 127.9368 117.7221 95.2633 41.0357 0.0000 137.2607 141.2237 10.5309 111.8284 189.9318 42.6418 116.0520 35.9430 127.5860 43.6927 140.0127 115.7581 129.7274 81.8031 47.8642 138.8364 199.4078 87.7318
62.5906 230.6413 140.8770 3.6620 117.1204 132.2798 166.5971 137.2607 0.0000 15.0926 127.7292 155.2078 39.5530 45.4986 78.2856 102.7691 95.5615 102.9220 113.0221 44.9144 158.9694 121.4308 161.2318 54.0688 36.8411 154.3033
127.9955 55.2095 183.6036 85.8091 107.9424 66.7491 50.7167 141.2237 15.0926 0.0000 94.0202 127.7132 130.6362 62.0263 157.3426 51.6612 76.5832 107.3050 5.5584 100.1907 53.0952 200.4558 55.0903 155.2901 152.5779 100.0589
171.4669 128.9514 96.6452 189.7196 59.7251 27.7455 62.3746 10.5309 127.7292 94.0202 0.0000 117.4276 166.4323 112.0092 82.2014 88.7453 173.0379 167.8805 118.0971 106.9555 112.1820 64.6997 65.5317 123.9801 118.2302 174.5962
118.4495 125.5939 110.9400 176.8155 244.4352 30.6057 152.1965 111.8284 155.2078 127.7132 117.4276 0.0000 155.4642 161.4389 172.7745 115.5966 121.9291 112.7508 277.2506 77.1331 172.7865 58.7873 117.9527 46.3143 132.1420 171.1036
110.9667 113.4418 179.1356 194.2334 69.0540 63.6659 108.3428 189.9318 39.5530 130.6362 166.4323 155.4642 0.0000 88.5965 96.4692 41.6638 159.6279 7.5078 258.1818 170.3542 89.6770 61.9147 57.0311 160.4425 103.0000 205.6160
26.0909 158.0905 43.0577 129.0750 27.3596 4.2570 204.3627 42.6418 45.4986 62.0263 112.0092 161.4389 88.5965 0.0000 84.2161 188.9979 130.5455 30.6467 68.1911 48.5948 25.8874 98.6984 156.1178 292.6369 126.9052 128.4891
11.4759 207.9257 108.2844 146.2328 93.6864 175.6429 139.6902 116.0520 78.2856 157.3426 82.2014 172.7745 96.4692 84.2161 0.0000 15.4680 75.5202 144.5146 88.8058 21.1098 88.1699 139.1548 97.9901 176.4161 185.1914 80.4072
80.4758 82.6839 105.1938 121.6074 222.5232 96.1615 40.5604 35.9430 102.7691 51.6612 88.7453 115.5966 41.6638 188.9979 15.4680 0.0000 45.1979 231.0520 199.4517 92.3440 210.7231 132.9963 88.6941 62.9995 122.5691 26.3146
135.8535 166.5663 26.5536 153.9287 123.6785 146.9730 106.1040 127.5860 95.5615 76.5832 173.0379 121.9291 159.6279 130.5455 75.5202 45.1979 0.0000 118.0614 94.8724 107.2916 113.5471 82.8052 44.5065 84.0769 82.6020 142.4078
146.1673 149.0080 87.9049 175.7924 91.4271 53.4726 179.5858 43.6927 102.9220 107.3050 167.8805 112.7508 7.5078 30.6467 144.5146 231.0520 118.0614 0.0000 62.9042 116.4351 152.7874 43.7052 82.2277 136.8933 178.9564 85.9271
73.1704 94.6346 43.5527 48.6622 126.8878 170.7726 115.7473 140.0127 113.0221 5.5584 118.0971 277.2506 258.1818 68.1911 88.8058 199.4517 94.8724 62.9042 0.0000 150.0662 55.0479 95.2752 119.0577 102.2204 97.3700 182.4933
18.0254 34.5177 162.2783 39.6391 125.9239 113.2356 116.6148 115.7581 44.9144 100.1907 106.9555 77.1331 170.3542 48.5948 21.1098 92.3440 107.2916 116.4351 150.0662 0.0000 214.2835 81.3075 118.2793 41.6201 11.5242 81.1478
77.9448 151.6239 149.1997 21.9240 21.3239 118.7001 73.5205 129.7274 158.9694 53.0952 112.1820 172.7865 89.6770 25.8874 88.1699 210.7231 113.5471 152.7874 55.0479 214.2835 0.0000 98.4354 28.9913 120.3917 133.8159 50.9145
50.3956 135.5043 117.4036 89.2116 216.1366 89.3996 109.1272 81.8031 121.4308 200.4558 64.6997 58.7873 61.9147 98.6984 139.1548 132.9963 82.8052 43.7052 95.2752 81.3075 98.4354 0.0000 19.8859 75.6358 42.4870 142.2929
90.2778 94.5506 130.6357 120.1895 193.9795 149.1829 234.7326 47.8642 161.2318 55.0903 65.5317 117.9527 57.0311 156.1178 97.9901 88.6941 44.5065 82.2277 119.0577 118.2793 28.9913 19.8859 0.0000 115.1080 79.1732 88.7668
164.1001 87.5400 129.8130 92.2411 155.0001 10.3869 64.1383 138.8364 54.0688 155.2901 123.9801 46.3143 160.4425 292.6369 176.4161 62.9995 84.0769 136.8933 102.2204 41.6201 120.3917 75.6358 115.1080 0.0000 150.5301 140.9184
136.7447 56.3673 89.0659 60.2845 104.6311 42.7263 50.5119 199.4078 36.8411 152.5779 118.2302 132.1420 103.0000 126.9052 185.1914 122.5691 82.6020 178.9564 97.3700 11.5242 133.8159 42.4870 79.1732 150.5301 0.0000 94.6374
130.6027 93.8487 63.9325 71.9666 62.5282 7.1860 88.8196 87.7318 154.3033 100.0589 174.5962 171.1036 205.6160 128.4891 80.4072 26.3146 142.4078 85.9271 182.4933 81.1478 50.9145 142.2929 88.7668 140.9184 94.6374 0.0000
