26
0.0000 65.3110 77.1927 7.2498 21.2703 112.7539 6.9392 62.5663 58.9732 158.6255 45.7745 116.7878 97.0286 53.9242 61.0342 105.7113 136.9601 138.5367 109.8945 175.6336 87.9925 93.8870 90.4006 49.1025 31.8795 90.0104
65.3110 0.0000 155.1544 93.1390 71.5828 106.8377 66.8670 218.4116 149.9322 34.2677 82.0500 187.7171 15.8157 50.1969 31.4859 189.3619 78.4577 15.0348 93.9805 109.8508 207.8778 166.8091 117.9373 8.2277 183.2991 79.5283
77.1927 155.1544 0.0000 89.7997 25.1796 136.3321 136.7851 19.3085 110.5696 103.6352 19.2707 192.6118 122.3223 33.5498 113.6258 127.3157 144.4943 95.0493 181.1987 42.6461 82.4968 122.8666 36.5389 92.2407 127.8526 108.7635
7.2498 93.1390 89.7997 0.0000 91.9800 213.9861 164.5461 28.6608 178.4192 166.8362 182.2346 165.3696 95.7271 43.3411 132.1473 61.4462 157.8598 110.5356 125.0571 183.2255 107.7713 39.5233 105.9923 78.8053 158.7496 142.0495
21.2703 71.5828 25.1796 91.9800 0.0000 54.3133 64.0053 53.8043 175.1532 165.7439 84.4083 88.1910 31.5553 94.3403 156.1757 195.7631 90.9942 60.6086 94.1696 96.4017 82.0936 130.5464 9.3141 224.7426 92.2654 173.5071
112.7539 106.8377 136.3321 213.9861 54.3133 0.0000 89.7796 37.2155 136.4733 170.2975 122.2857 115.0878 130.1706 154.4314 17.9505 51.1180 131.0882 60.6615 147.3163 147.4423 94.8218 34.5113 76.8602 69.3894 21.6461 15.3690
6.9392 66.8670 136.7851 164.5461 64.0053 89.7796 0.0000 178.9580 117.8027 126.1073 67.2446 21.9599 99.1865 147.1470 158.7559 103.4202 152.2607 98.7317 96.8504 160.5914 30.2231 169.3494 133.8009 87.2363 105.5969 142.8442
62.5663 218.4116 19.3085 28.6608 53.8043 37.2155 178.9580 0.0000 50.7411 157.3612 144.1994 61.7095 119.8417 111.4082 93.8433 91.6854 147.7714 83.2955 93.1322 136.9414 55.2165 96.1419 217.0727 128.3431 115.6089 168.6626
58.9732 149.9322 110.5696 178.4192 175.1532 136.4733 117.8027 50.7411 0.0000 86.8772 166.9681 81.6581 134.3156 89.8938 144.7535 202.4641 140.5439 71.3260 27.6627 152.3378 7.2706 50.6867 184.4283 76.1509 111.5629 126.5581
158.6255 34.2677 103.6352 166.8362 165.7439 170.2975 126.1073 157.3612 86.8772 0.0000 113.8874 0.0973 168.7448 199.5537 177.5287 153.0821 90.2292 59.6045 65.9427 110.1659 67.7501 106.0411 123.7113 49.2059 88.4181 44.2391
45.7745 82.0500 19.2707 182.2346 84.4083 122.2857 67.2446 144.1994 166.9681 113.8874 0.0000 121.4650 79.3037 157.8097 129.2663 198.9486 136.2942 148.1545 154.2217 137.7232 156.6432 40.6237 116.4953 80.3251 171.2237 109.6805
116.7878 187.7171 192.6118 165.3696 88.1910 115.0878 21.9599 61.7095 81.6581 0.0973 121.4650 0.0000 101.8987 148.4730 165.7950 99.6149 50.3865 124.5594 145.1644 144.4005 73.0257 128.3276 124.9002 56.5123 92.6131 39.2447
97.0286 15.8157 122.3223 95.7271 31.5553 130.1706 99.1865 119.8417 134.3156 168.7448 79.3037 101.8987 0.0000 107.5765 60.7336 86.9967 38.6958 133.8047 135.1710 94.0763 89.6979 109.8445 108.2665 52.8000 224.5892 108.2328
53.9242 50.1969 33.5498 43.3411 94.3403 154.4314 147.1470 111.4082 89.8938 199.5537 157.8097 148.4730 107.5765 0.0000 67.6675 147.8786 78.3989 84.0552 202.6286 143.9519 141.0195 37.3775 13.6815 47.2923 178.5706 62.5732
61.0342 31.4859 113.6258 132.1473 156.1757 17.9505 158.7559 93.8433 144.7535 177.5287 129.2663 165.7950 60.7336 67.6675 0.0000 63.9911 99.1426 124.7681 147.3067 166.1462 55.4491 191.9130 72.7987 58.3700 149.5810 72.8827
105.7113 189.3619 127.3157 61.4462 195.7631 51.1180 103.4202 91.6854 202.4641 153.0821 198.9486 99.6149 86.9967 147.8786 63.9911 0.0000 111.0109 28.5163 38.7404 60.0402 66.8790 76.5890 137.7017 55.1213 96.2525 23.3787
136.9601 78.4577 144.4943 157.8598 90.9942 131.0882 152.2607 147.7714 140.5439 90.2292 136.2942 50.3865 38.6958 78.3989 99.1426 111.0109 0.0000 268.5130 177.1808 84.0688 119.9716 216.2467 2.9200 76.1023 96.0568 47.0823
138.5367 15.0348 95.0493 110.5356 60.6086 60.6615 98.7317 83.2955 71.3260 59.6045 148.1545 124.5594 133.8047 84.0552 124.7681 28.5163 268.5130 0.0000 86.7994 68.7857 134.6774 66.4448 83.5695 123.3635 190.5369 80.8559
109.8945 93.9805 181.1987 125.0571 94.1696 147.3163 96.8504 93.1322 27.6627 65.9427 154.2217 145.1644 135.1710 202.6286 147.3067 38.7404 177.1808 86.7994 0.0000 133.1882 184.4766 32.1952 179.1718 144.3349 73.5417 116.1428
175.6336 109.8508 42.6461 183.2255 96.4017 147.4423 160.5914 136.9414 152.3378 110.1659 137.7232 144.4005 94.0763 143.9519 166.1462 60.0402 84.0688 68.7857 133.1882 0.0000 17.9913 122.1129 189.0393 96.8771 128.1196 67.6449
87.9925 207.8778 82.4968 107.7713 82.0936 94.8218 30.2231 55.2165 7.2706 67.7501 156.6432 73.0257 89.6979 141.0195 55.4491 66.8790 119.9716 134.6774 184.4766 17.9913 0.0000 85.9136 230.3382 46.3542 120.2469 68.0269
93.8870 166.8091 122.8666 39.5233 130.5464 34.5113 169.3494 96.1419 50.6867 106.0411 40.6237 128.3276 109.8445 37.3775 191.9130 76.5890 216.2467 66.4448 32.1952 122.1129 85.9136 0.0000 94.1545 147.4946 108.2803 91.5214
90.4006 117.9373 36.5389 105.9923 9.3141 76.8602 133.8009 217.0727 184.4283 123.7113 116.4953 124.9002 108.2665 13.6815 72.7987 137.7017 2.9200 83.5695 179.1718 189.0393 230.3382 94.1545 0.0000 121.4617 68.2745 145.5234
49.1025 8.2277 92.2407 78.8053 224.7426 69.3894 87.2363 128.3431 76.1509 49.2059 80.3251 56.5123 52.8000 47.2923 58.3700 55.1213 76.1023 123.3635 144.3349 96.8771 46.3542 147.4946 121.4617 0.0000 82.1969 85.7002
31.8795 183.2991 127.8526 158.7496 92.2654 21.6461 105.5969 115.6089 111.5629 88.4181 171.2237 92.6131 224.5892 178.5706 149.5810 96.2525 96.0568 190.5369 73.5417 128.1196 120.2469 108.2803 68.2745 82.1969 0.0000 4.5544
90.0104 79.5283 108.7635 142.0495 173.5071 15.3690 142.8442 168.6626 126.5581 44.2391 109.6805 39.2447 108.2328 62.5732 72.8827 23.3787 47.0823 80.8559 116.1428 67.6449 68.0269 91.5214 145.5234 85.7002 4.5544 0.0000
