14
0.0000 108.3221 111.5969 134.1039 120.8344 149.1135 81.9453 64.4670 127.3020 175.5400 111.9786 190.3057 69.5882 84.0687
108.3221 0.0000 192.9695 50.4846 54.1115 50.0338 97.7422 150.2292 2.1291 16.0118 83.1118 103.4950 83.0966 38.4409
111.5969 192.9695 0.0000 204.2626 66.3813 37.8227 106.4249 92.3084 76.4732 135.4647 77.6283 95.7056 183.7801 112.4846
134.1039 50.4846 204.2626 0.0000 52.0558 90.2707 136.4947 138.6226 212.4066 42.7832 243.0496 86.0687 89.8071 68.2101
120.8344 54.1115 66.3813 52.0558 0.0000 96.9612 217.3845 38.4631 74.6579 42.4632 112.3208 211.2293 70.5653 111.0764
149.1135 50.0338 37.8227 90.2707 96.9612 0.0000 157.1847 86.5852 124.4548 104.7166 165.4525 89.8870 123.7948 83.8163
81.9453 97.7422 106.4249 136.4947 217.3845 157.1847 0.0000 47.1551 159.3542 0.0338 52.4747 115.6340 130.1391 110.1135
64.4670 150.2292 92.3084 138.6226 38.4631 86.5852 47.1551 0.0000 101.5504 31.9561 181.2990 18.4314 226.0535 89.8883
127.3020 2.1291 76.4732 212.4066 74.6579 124.4548 159.3542 101.5504 0.0000 36.8769 74.4313 47.3161 132.6545 108.7586
175.5400 16.0118 135.4647 42.7832 42.4632 104.7166 0.0338 31.9561 36.8769 0.0000 141.6326 203.7817 132.5840 71.6252
111.9786 83.1118 77.6283 243.0496 112.3208 165.4525 52.4747 181.2990 74.4313 141.6326 0.0000 111.0836 16.5221 49.4686
190.3057 103.4950 95.7056 86.0687 211.2293 89.8870 115.6340 18.4314 47.3161 203.7817 111.0836 0.0000 112.5632 105.2855
69.5882 83.0966 183.7801 89.8071 70.5653 123.7948 130.1391 226.0535 132.6545 132.5840 16.5221 112.5632 0.0000 129.5617
84.0687 38.4409 112.4846 68.2101 111.0764 83.8163 110.1135 89.8883 108.7586 71.6252 49.4686 105.2855 129.5617 0.0000
