14
0.0000 180.6319 131.6901 89.9915 121.1122 186.1703 235.8515 99.2819 74.5696 73.4295 64.9509 152.1368 132.4596 40.8218
180.6319 0.0000 187.4107 134.7318 42.8616 69.1047 125.3437 91.3442 126.0334 172.6249 143.0343 50.5330 9.7968 55.8081
131.6901 187.4107 0.0000 113.1832 139.6374 12.8576 93.8200 71.0046 184.1042 67.1518 73.4579 28.1646 64.9435 181.5428
89.9915 134.7318 113.1832 0.0000 72.9043 77.7517 91.1587 139.7245 14.9574 63.4869 76.0315 208.2314 57.8497 92.1812
121.1122 42.8616 139.6374 72.9043 0.0000 163.8321 152.1801 66.3972 206.6717 125.6018 71.0756 126.3634 111.2340 131.6483
186.1703 69.1047 12.8576 77.7517 163.8321 0.0000 158.9190 122.5530 107.7452 51.1155 160.3934 189.0292 66.2367 76.7939
235.8515 125.3437 93.8200 91.1587 152.1801 158.9190 0.0000 68.7859 147.1375 113.6159 23.4863 166.9419 115.8497 106.1785
99.2819 91.3442 71.0046 139.7245 66.3972 122.5530 68.7859 0.0000 73.0011 79.1207 113.7349 45.7247 46.3142 94.6489
74.5696 126.0334 184.1042 14.9574 206.6717 107.7452 147.1375 73.0011 0.0000 100.9158 18.7083 67.7851 104.4485 82.4328
73.4295 172.6249 67.1518 63.4869 125.6018 51.1155 113.6159 79.1207 100.9158 0.0000 97.8756 119.8065 80.0291 244.4433
64.9509 143.0343 73.4579 76.0315 71.0756 160.3934 23.4863 113.7349 18.7083 97.8756 0.0000 146.5415 110.2407 88.1497
152.1368 50.5330 28.1646 208.2314 126.3634 189.0292 166.9419 45.7247 67.7851 119.8065 146.5415 0.0000 69.3121 139.2693
132.4596 9.7968 64.9435 57.8497 111.2340 66.2367 115.8497 46.3142 104.4485 80.0291 110.2407 69.3121 0.0000 68.7097
40.8218 55.8081 181.5428 92.1812 131.6483 76.7939 106.1785 94.6489 82.4328 244.4433 88.1497 139.2693 68.7097 0.0000
