14
0.0000 51.5624 100.5184 67.4837 8.1455 94.2894 115.4380 59.5085 60.0153 102.3883 113.8391 126.7712 111.8838 107.4135
51.5624 0.0000 49.0678 180.8023 36.8413 65.1576 225.3326 65.8883 155.4371 170.9819 60.0014 62.0264 197.1099 145.3746
100.5184 49.0678 0.0000 161.8150 216.2967 32.5269 75.6275 101.1956 182.8581 132.2742 120.9088 95.4658 153.5036 209.2373
67.4837 180.8023 161.8150 0.0000 26.8920 196.1491 93.4573 75.3827 81.7811 37.7526 114.6265 126.6048 106.4239 92.0607
8.1455 36.8413 216.2967 26.8920 0.0000 24.9287 92.0178 133.8823 136.0336 71.9629 133.3677 62.3168 80.3802 141.1226
94.2894 65.1576 32.5269 196.1491 24.9287 0.0000 88.4189 45.4105 66.1843 134.2693 119.9332 113.7491 107.6225 104.7945
115.4380 225.3326 75.6275 93.4573 92.0178 88.4189 0.0000 107.0119 143.5437 62.0281 84.5435 71.8970 87.9543 102.0243
59.5085 65.8883 101.1956 75.3827 133.8823 45.4105 107.0119 0.0000 43.8601 118.4456 90.0151 145.8795 34.0639 105.7252
60.0153 155.4371 182.8581 81.7811 136.0336 66.1843 143.5437 43.8601 0.0000 159.9705 93.5129 70.8789 56.4630 44.5212
102.3883 170.9819 132.2742 37.7526 71.9629 134.2693 62.0281 118.4456 159.9705 0.0000 34.6989 147.1945 170.7597 59.9692
113.8391 60.0014 120.9088 114.6265 133.3677 119.9332 84.5435 90.0151 93.5129 34.6989 0.0000 198.5080 111.7802 13.5504
126.7712 62.0264 95.4658 126.6048 62.3168 113.7491 71.8970 145.8795 70.8789 147.1945 198.5080 0.0000 49.9917 98.8992
111.8838 197.1099 153.5036 106.4239 80.3802 107.6225 87.9543 34.0639 56.4630 170.7597 111.7802 49.9917 0.0000 94.7564
107.4135 145.3746 209.2373 92.0607 141.1226 104.7945 102.0243 105.7252 44.5212 59.9692 13.5504 98.8992 94.7564 0.0000
