14
0.0000 107.8958 82.0845 139.4672 183.0568 157.6386 105.7502 155.4587 190.6993 51.0565 195.0527 86.2571 118.4651 99.6404
107.8958 0.0000 94.6309 15.7854 128.2246 21.1147 190.5587 189.9795 95.1346 111.5674 131.9782 52.7943 246.3134 110.8025
82.0845 94.6309 0.0000 107.9120 177.6076 118.5322 10.6213 96.4508 103.9886 126.3155 170.2008 30.9230 80.7522 63.8731
139.4672 15.7854 107.9120 0.0000 198.3223 107.5898 143.9207 167.4460 48.6703 14.6853 135.5349 100.1339 134.0526 50.6905
183.0568 128.2246 177.6076 198.3223 0.0000 48.9704 110.3894 133.5319 153.6060 123.7642 17.4064 115.5210 64.0852 51.8654
157.6386 21.1147 118.5322 107.5898 48.9704 0.0000 106.8275 52.4692 148.9648 61.7534 78.3949 165.7340 42.1162 61.4993
105.7502 190.5587 10.6213 143.9207 110.3894 106.8275 0.0000 174.5070 86.8534 100.5712 160.3783 85.5823 46.5305 11.7968
155.4587 189.9795 96.4508 167.4460 133.5319 52.4692 174.5070 0.0000 135.2865 42.2252 171.4253 136.8007 0.1309 34.8095
190.6993 95.1346 103.9886 48.6703 153.6060 148.9648 86.8534 135.2865 0.0000 158.0403 161.7147 214.0823 92.4519 66.3791
51.0565 111.5674 126.3155 14.6853 123.7642 61.7534 100.5712 42.2252 158.0403 0.0000 70.6598 116.7705 113.9602 155.4362
195.0527 131.9782 170.2008 135.5349 17.4064 78.3949 160.3783 171.4253 161.7147 70.6598 0.0000 76.1340 192.0934 146.9449
86.2571 52.7943 30.9230 100.1339 115.5210 165.7340 85.5823 136.8007 214.0823 116.7705 76.1340 0.0000 132.1613 117.1916
118.4651 246.3134 80.7522 134.0526 64.0852 42.1162 46.5305 0.1309 92.4519 113.9602 192.0934 132.1613 0.0000 139.0434
99.6404 110.8025 63.8731 50.6905 51.8654 61.4993 11.7968 34.8095 66.3791 155.4362 146.9449 117.1916 139.0434 0.0000
