14
0.0000 182.2713 133.5669 54.0229 38.6323 149.9146 132.9951 53.1295 89.6152 170.0091 78.3836 91.1717 41.1539 134.7567
182.2713 0.0000 69.6034 162.0523 63.9645 179.0223 86.2267 86.7082 105.3314 79.9662 130.5004 72.0268 102.1684 121.5333
133.5669 69.6034 0.0000 125.4790 74.7628 165.0927 200.7791 181.2076 75.7759 268.5215 180.5615 192.1563 104.2434 39.5387
54.0229 162.0523 125.4790 0.0000 167.0152 122.4071 74.4333 198.4980 75.1209 114.6375 193.8860 141.5843 134.1886 83.9570
38.6323 63.9645 74.7628 167.0152 0.0000 176.3700 88.5537 77.1460 201.0696 16.6513 141.9558 144.8325 156.4304 87.1726
149.9146 179.0223 165.0927 122.4071 176.3700 0.0000 89.0603 143.0995 104.8850 157.3204 73.4246 214.6287 31.9554 45.6581
132.9951 86.2267 200.7791 74.4333 88.5537 89.0603 0.0000 144.0302 150.9009 72.4871 97.9376 120.1309 119.9657 111.4274
53.1295 86.7082 181.2076 198.4980 77.1460 143.0995 144.0302 0.0000 2.6366 142.6164 220.2640 23.7652 219.1947 92.0880
89.6152 105.3314 75.7759 75.1209 201.0696 104.8850 150.9009 2.6366 0.0000 219.4681 27.5494 33.3114 100.1624 60.1964
170.0091 79.9662 268.5215 114.6375 16.6513 157.3204 72.4871 142.6164 219.4681 0.0000 121.5810 122.6033 179.5926 196.2949
78.3836 130.5004 180.5615 193.8860 141.9558 73.4246 97.9376 220.2640 27.5494 121.5810 0.0000 180.1404 143.4797 70.2190
91.1717 72.0268 192.1563 141.5843 144.8325 214.6287 120.1309 23.7652 33.3114 122.6033 180.1404 0.0000 7.9057 129.3365
41.1539 102.1684 104.2434 134.1886 156.4304 31.9554 119.9657 219.1947 100.1624 179.5926 143.4797 7.9057 0.0000 86.8510
134.7567 121.5333 39.5387 83.9570 87.1726 45.6581 111.4274 92.0880 60.1964 196.2949 70.2190 129.3365 86.8510 0.0000
