14
0.0000 122.6444 37.2519 44.8863 114.4072 126.6643 131.7286 91.2439 78.7495 81.7585 70.4980 203.2406 82.8619 64.9196
122.6444 0.0000 18.0299 141.3251 59.1243 72.9256 146.5621 219.2285 175.5417 65.6731 144.8920 80.1845 146.7055 67.9752
37.2519 18.0299 0.0000 129.3665 115.7358 81.8302 102.3228 132.8688 219.7795 34.4471 178.1514 120.2710 157.6414 90.0146
44.8863 141.3251 129.3665 0.0000 58.2996 51.5924 73.1636 205.3899 37.4618 165.0211 156.7870 124.7887 46.4393 72.4760
114.4072 59.1243 115.7358 58.2996 0.0000 150.9065 180.9729 140.6737 161.2874 58.3574 183.9402 106.8080 27.8904 75.3241
126.6643 72.9256 81.8302 51.5924 150.9065 0.0000 114.8569 63.2509 103.6395 164.8418 89.1154 121.0726 18.3750 119.8828
131.7286 146.5621 102.3228 73.1636 180.9729 114.8569 0.0000 52.5806 102.3847 202.1538 77.9582 142.3494 105.8458 135.5759
91.2439 219.2285 132.8688 205.3899 140.6737 63.2509 52.5806 0.0000 86.8055 97.6676 78.2847 91.1716 49.7250 123.4075
78.7495 175.5417 219.7795 37.4618 161.2874 103.6395 102.3847 86.8055 0.0000 27.0506 212.3983 92.4372 74.6733 80.2793
81.7585 65.6731 34.4471 165.0211 58.3574 164.8418 202.1538 97.6676 27.0506 0.0000 198.9783 98.3120 98.7092 36.9071
70.4980 144.8920 178.1514 156.7870 183.9402 89.1154 77.9582 78.2847 212.3983 198.9783 0.0000 126.2453 122.3381 187.7970
203.2406 80.1845 120.2710 124.7887 106.8080 121.0726 142.3494 91.1716 92.4372 98.3120 126.2453 0.0000 140.7880 75.6539
82.8619 146.7055 157.6414 46.4393 27.8904 18.3750 105.8458 49.7250 74.6733 98.7092 122.3381 140.7880 0.0000 69.2710
64.9196 67.9752 90.0146 72.4760 75.3241 119.8828 135.5759 123.4075 80.2793 36.9071 187.7970 75.6539 69.2710 0.0000
