14
0.0000 139.2865 35.9690 103.9885 95.0039 153.7896 107.0440 116.9758 183.4228 21.3345 121.1452 220.9828 46.2464 130.7468
139.2865 0.0000 143.4051 161.6067 108.9352 168.6761 10.3351 72.0322 135.8855 127.0917 124.8943 97.5530 146.2604 95.6376
35.9690 143.4051 0.0000 78.2417 119.2683 23.0658 136.6909 151.7260 70.4151 158.4182 73.5076 184.7822 29.1993 136.9397
103.9885 161.6067 78.2417 0.0000 34.2592 51.1414 118.7819 87.5821 127.2413 80.6405 161.5758 93.9854 186.2234 168.0448
95.0039 108.9352 119.2683 34.2592 0.0000 116.3754 122.8879 56.5615 98.2117 176.2971 129.3547 137.2642 196.2589 159.0866
153.7896 168.6761 23.0658 51.1414 116.3754 0.0000 73.1405 132.3751 157.1505 25.4221 162.8655 163.3072 44.4026 181.7882
107.0440 10.3351 136.6909 118.7819 122.8879 73.1405 0.0000 136.5073 202.4527 185.3512 113.8604 121.9387 101.4547 152.1279
116.9758 72.0322 151.7260 87.5821 56.5615 132.3751 136.5073 0.0000 142.6990 177.3328 107.8804 110.1391 81.8639 113.7852
183.4228 135.8855 70.4151 127.2413 98.2117 157.1505 202.4527 142.6990 0.0000 119.3302 74.1312 126.3146 166.3788 148.7678
21.3345 127.0917 158.4182 80.6405 176.2971 25.4221 185.3512 177.3328 119.3302 0.0000 134.8656 27.8014 93.1228 87.0783
121.1452 124.8943 73.5076 161.5758 129.3547 162.8655 113.8604 107.8804 74.1312 134.8656 0.0000 224.8919 86.0986 9.0118
220.9828 97.5530 184.7822 93.9854 137.2642 163.3072 121.9387 110.1391 126.3146 27.8014 224.8919 0.0000 99.7471 134.2078
46.2464 146.2604 29.1993 186.2234 196.2589 44.4026 101.4547 81.8639 166.3788 93.1228 86.0986 99.7471 0.0000 125.2876
130.7468 95.6376 136.9397 168.0448 159.0866 181.7882 152.1279 113.7852 148.7678 87.0783 9.0118 134.2078 125.2876 0.0000
