14
0.0000 41.1106 156.8247 29.7244 84.8466 57.1069 172.5908 105.9443 83.9245 29.0415 214.2429 59.2002 109.1778 80.0269
41.1106 0.0000 39.7431 159.6897 185.2841 191.5246 85.9360 19.6831 82.1728 117.1109 70.3543 78.4139 28.2313 41.4175
156.8247 39.7431 0.0000 73.3405 45.2519 27.7015 109.9601 165.5442 122.0721 73.1430 71.3454 135.6109 160.0410 86.8056
29.7244 159.6897 73.3405 0.0000 47.5969 38.8068 64.6470 134.9795 134.2941 207.9057 110.2619 11.8534 66.1673 112.9969
84.8466 185.2841 45.2519 47.5969 0.0000 181.9794 44.7486 99.6359 138.7441 68.1054 217.6114 72.0242 135.2280 113.4269
57.1069 191.5246 27.7015 38.8068 181.9794 0.0000 97.1714 64.5272 40.5428 157.0026 135.5979 137.6820 160.1575 209.4809
172.5908 85.9360 109.9601 64.6470 44.7486 97.1714 0.0000 103.3912 125.3731 111.7232 91.5454 125.1838 83.9865 34.1600
105.9443 19.6831 165.5442 134.9795 99.6359 64.5272 103.3912 0.0000 89.1540 120.7213 149.7529 9.4116 66.4873 92.3728
83.9245 82.1728 122.0721 134.2941 138.7441 40.5428 125.3731 89.1540 0.0000 104.5428 59.6266 104.7335 113.9275 58.3664
29.0415 117.1109 73.1430 207.9057 68.1054 157.0026 111.7232 120.7213 104.5428 0.0000 114.5515 151.5209 93.5199 11.7366
214.2429 70.3543 71.3454 110.2619 217.6114 135.5979 91.5454 149.7529 59.6266 114.5515 0.0000 187.8020 89.7426 28.4225
59.2002 78.4139 135.6109 11.8534 72.0242 137.6820 125.1838 9.4116 104.7335 151.5209 187.8020 0.0000 204.8241 123.0846
109.1778 28.2313 160.0410 66.1673 135.2280 160.1575 83.9865 66.4873 113.9275 93.5199 89.7426 204.8241 0.0000 49.2287
80.0269 41.4175 86.8056 112.9969 113.4269 209.4809 34.1600 92.3728 58.3664 11.7366 28.4225 123.0846 49.2287 0.0000
