100
0.0000 130.8147 117.8904 116.9314 111.9203 104.3112 115.8201 142.6340 116.9728 71.4403 139.1971 165.1231 212.0720 107.9853 153.4552 53.1465 112.0368 206.2588 105.2128 149.9988 83.6185 22.4596 17.2968 127.1568 113.7135 171.4244 3.4177 102.0631 60.0818 98.1800 196.5889 48.3248 30.3076 139.6877 164.6268 136.6815 236.2992 141.7943 183.7858 97.1331 158.3473 138.2296 184.2253 186.0920 94.4978 139.6881 104.8280 138.7494 119.5832 33.5123 76.3244 117.1451 33.8041 191.8402 86.8840 199.5123 38.9998 170.8081 75.2297 210.6531 130.1143 78.2007 238.8113 123.6206 194.9399 97.3414 41.7267 61.5542 41.3931 75.8965 88.0962 109.1374 15.1867 161.9213 157.3448 82.7713 222.9829 112.4276 94.2429 31.3554 130.1275 101.5422 111.0373 59.3780 94.9098 33.7944 212.5656 131.1778 182.4645 54.4568 110.6402 204.5386 107.9618 140.6107 310.8913 179.5006 8.8883 141.2282 111.9252 53.7303
130.8147 0.0000 110.6752 127.5742 223.1329 42.9805 77.8748 39.7803 93.6386 129.0109 32.9129 136.0976 129.6901 50.8276 102.5094 89.3579 128.5771 58.6611 150.8137 133.3516 206.8282 63.9760 67.7963 79.4250 18.7169 226.5865 123.5612 6.6196 60.0092 132.9916 119.6144 77.0682 43.9890 78.2654 136.9785 145.2004 103.1522 20.7637 101.9856 184.0729 134.3972 84.2563 95.9765 63.7652 84.5610 150.1729 90.7570 54.1630 77.1914 192.5375 149.9547 41.0984 55.0597 119.7706 52.3680 95.9106 146.6573 199.6497 74.1328 157.0538 85.6763 31.5607 144.9238 38.8737 18.6456 81.6739 105.6269 157.4808 15.2051 18.4707 112.5994 80.6193 76.9369 130.0222 128.1276 124.9813 166.1805 55.0182 118.4302 82.5127 78.9346 35.5571 83.6719 3.4978 127.8557 6.6331 55.9322 223.4578 123.2054 174.9107 77.0694 146.5127 151.1351 202.0923 132.2496 101.7002 144.1901 73.2575 175.8073 185.7568
117.8904 110.6752 0.0000 141.7098 11.0059 59.4400 175.4071 233.9903 57.4739 74.2816 80.7778 84.2526 143.0645 77.2515 120.9805 89.1855 122.4959 79.7831 49.1444 46.8203 20.1875 88.2751 64.3617 124.4166 108.2091 48.7392 158.8982 47.2197 64.9962 75.1816 112.5484 218.0167 112.4362 114.3189 110.4356 56.7479 96.8922 61.9687 78.0683 54.0963 73.9598 152.5046 86.7013 187.2213 55.2352 119.0087 113.2031 138.9754 106.3987 96.9562 118.8896 73.1720 101.5551 185.6672 30.2074 179.0023 103.3402 157.4962 93.7540 55.5762 49.3469 145.2679 91.8010 42.1321 68.4355 35.4388 78.1821 181.5459 201.6262 68.2275 129.1507 72.7083 63.9498 102.7129 76.5735 19.5659 47.4837 54.9481 91.8353 8.5742 105.6809 17.6931 254.7797 72.6711 94.1709 87.0887 76.9050 190.7676 202.6772 29.5200 45.1355 254.6455 176.7152 156.5323 91.0553 127.1549 62.8530 96.2445 13.5433 97.5060
116.9314 127.5742 141.7098 0.0000 81.2280 231.2261 127.4367 20.7288 160.6943 141.1826 97.5922 106.8451 216.7540 139.7485 91.4878 46.1089 71.5388 163.2622 176.3530 102.9759 89.5262 139.9928 123.4194 19.7459 72.3810 40.6850 74.3777 144.2694 96.7243 73.4853 100.2039 58.4589 75.5798 115.0976 82.3462 175.8581 127.7212 8.8774 77.6984 94.2338 73.8344 77.4297 160.0663 44.1727 144.8813 198.6029 135.4891 125.6103 142.1681 13.0574 36.3150 160.6849 142.6824 79.6234 6.7837 153.7232 78.9721 144.9950 140.8363 89.7226 77.2223 96.4974 72.9846 140.5566 117.3947 100.7354 16.0825 78.6351 143.7148 110.2495 120.6131 80.4734 109.2860 65.7652 147.4546 161.1005 50.2204 9.9962 41.5328 258.3953 124.3484 126.1303 102.8491 50.1577 126.0314 190.8883 120.6313 81.7135 43.2683 168.1298 168.5466 191.7714 92.3605 95.5924 102.7845 100.5613 201.8196 67.2045 48.7150 180.9074
111.9203 223.1329 11.0059 81.2280 0.0000 68.2152 159.3524 146.0064 104.5289 69.4376 105.6537 1.3517 120.4958 40.7723 95.7418 161.5166 143.6131 107.8741 169.9342 137.8114 201.1978 105.0595 63.1995 43.6078 128.8077 163.1818 86.1330 148.9459 30.7940 124.2938 301.5989 140.5621 35.4479 160.0272 101.3416 58.7187 165.2151 204.8961 91.4543 63.7922 184.4077 45.8974 97.7235 156.2567 97.5223 72.2686 35.0112 18.2251 4.3614 27.1032 188.6274 83.4148 139.9751 143.2511 119.4911 42.2317 114.9256 138.7625 144.7237 173.2883 107.6857 75.4132 124.0117 98.1100 108.7106 82.3125 4.9645 36.9891 134.5476 176.1343 199.4860 108.8137 17.6078 156.7532 179.2251 69.9132 26.5176 151.4387 72.0618 227.2941 80.4067 58.9780 95.1707 94.3125 209.2556 117.8572 161.4905 217.2378 101.9777 184.2912 39.4546 143.6572 83.6817 75.1270 103.5188 92.7568 174.7167 142.2870 4.5601 128.8190
104.3112 42.9805 59.4400 231.2261 68.2152 0.0000 156.7965 67.7672 112.6722 106.0281 38.8521 58.7183 77.7333 192.1915 76.7761 129.6563 182.1446 46.6596 147.9393 65.7753 107.3279 90.1123 40.7659 72.6577 133.6023 117.0850 113.1297 99.7927 137.0324 56.7095 113.3428 18.9593 119.1953 145.9778 49.8024 50.3018 86.2055 143.5672 218.3458 93.2748 188.0805 89.3823 143.0519 214.6574 33.1908 193.1099 37.7379 90.8463 222.2391 23.3068 226.7672 23.3686 90.7892 94.8838 93.8656 67.5473 13.0295 54.1172 113.1768 117.8226 154.9959 167.9711 39.5557 113.6258 144.1865 131.0338 33.7787 93.9164 110.9035 102.0530 136.3444 88.4038 118.2468 51.4305 143.6999 22.1067 112.6936 60.8941 115.6206 93.0378 76.7471 18.7277 192.3783 268.5174 139.5999 137.7560 71.7419 86.2324 87.6028 175.2540 106.7914 149.2944 71.6041 145.2062 158.9510 99.7909 159.8472 52.5580 129.5439 60.2467
115.8201 77.8748 175.4071 127.4367 159.3524 156.7965 0.0000 54.6085 11.8809 160.1660 179.4087 97.9581 78.3005 106.3277 125.5841 144.4393 46.5257 100.0517 27.8069 117.0832 133.0606 97.8880 68.9738 5.3816 124.5370 123.4771 82.2973 127.5555 110.9337 96.1864 113.9731 107.4998 134.9088 11.0911 75.2454 66.6136 85.2348 154.5688 207.6677 29.9362 50.5995 105.3263 137.1272 55.2682 46.7553 175.9114 55.8318 43.8938 38.7092 94.8338 209.5019 15.9203 79.8847 44.3431 73.4461 133.5518 61.7169 134.2259 107.1839 80.2884 179.9726 119.3248 237.3270 143.2284 100.4345 131.5847 78.7189 65.4220 48.1015 29.2468 150.2310 140.3544 185.9583 122.1212 135.3429 112.9182 152.0877 174.6977 109.8942 161.7939 67.4240 166.6579 122.8561 98.3689 192.8836 204.9251 97.9916 190.9432 70.0497 43.4302 113.0676 79.3781 135.1934 73.7187 62.9627 155.3564 140.9865 39.8322 173.8371 93.3568
142.6340 39.7803 233.9903 20.7288 146.0064 67.7672 54.6085 0.0000 58.6243 69.0653 108.8460 100.5770 35.4238 72.8211 66.1897 122.9403 59.3671 152.8114 149.9650 37.3145 85.5218 140.0563 153.6920 180.3844 143.1644 122.7728 185.2309 102.7756 20.2277 90.4540 166.0994 165.6851 30.0783 66.6412 166.5170 146.7940 90.9773 45.0110 62.7534 159.8609 198.1358 122.5597 102.5654 63.0757 22.8973 104.7295 182.1958 69.2650 177.9520 148.0865 168.1680 119.6680 121.7095 39.2655 64.4987 101.6852 200.5384 104.1288 95.8166 203.3005 149.4675 131.8285 53.9357 90.3476 153.4676 226.5955 62.7247 142.3689 130.2499 154.1828 80.1406 72.9137 177.7570 180.1113 129.5969 111.4376 131.4107 44.5167 142.7794 96.1353 120.5495 12.8103 23.2753 60.5371 110.5667 86.5506 80.3091 99.9977 74.9879 106.0978 74.9889 121.8966 188.3489 51.5016 58.1904 169.0366 78.8909 105.7065 97.8333 126.3829
116.9728 93.6386 57.4739 160.6943 104.5289 112.6722 11.8809 58.6243 0.0000 177.8880 56.3288 96.9999 178.4310 97.6156 63.0939 45.9091 220.3779 75.3524 128.4387 138.3967 0.7466 54.4098 112.1125 80.2482 94.0878 47.5682 121.5285 39.5269 171.5448 85.1109 105.9196 93.0373 99.2717 98.2020 31.0466 71.8019 118.7723 10.8987 20.0131 58.9845 172.9858 52.7469 35.4714 145.9818 48.0292 149.3352 18.8879 96.5760 120.1690 157.0981 34.2047 148.5297 95.2468 29.7255 172.3015 29.7188 18.0655 47.6232 54.5549 76.2171 157.0803 167.3106 175.6390 135.6387 81.2497 104.8994 97.8498 95.5381 82.8061 104.1628 92.8722 46.3068 123.1734 47.8284 139.4974 229.6596 214.7642 86.7137 119.8089 255.9704 222.5084 98.8120 45.4400 94.1558 138.6776 147.5721 192.5202 17.0434 161.6285 59.5619 165.3463 89.9665 14.7349 261.8538 11.9652 158.4862 120.0032 115.8569 30.9458 158.7754
71.4403 129.0109 74.2816 141.1826 69.4376 106.0281 160.1660 69.0653 177.8880 0.0000 32.4303 6.2501 176.2072 91.0701 115.4897 2.7907 153.3485 91.0588 79.5766 166.8616 127.6827 195.1685 100.7843 74.3847 7.4541 53.4595 44.4974 62.5577 82.3540 110.3494 103.3948 71.1107 122.0863 4.5695 84.5205 161.9425 78.9685 53.7220 6.5883 145.2838 33.0519 115.7809 105.9124 65.3738 137.9842 133.2104 79.9748 88.7464 133.1598 92.0782 43.8084 185.4857 70.5843 130.3668 140.1574 149.9967 25.9430 63.5299 68.7509 99.3433 98.8073 117.6464 38.2432 88.1515 63.9881 189.1782 169.9799 106.2572 95.2722 81.1489 48.1430 134.7999 86.4855 87.5739 120.5313 91.9662 45.2200 51.0835 122.7158 16.6686 15.7227 101.2876 96.3342 34.7192 41.7430 34.2836 10.9795 155.1210 52.6345 88.6159 82.7425 114.3035 67.2006 124.7706 196.5468 123.1587 163.3849 174.9861 196.4774 154.4917
139.1971 32.9129 80.7778 97.5922 105.6537 38.8521 179.4087 108.8460 56.3288 32.4303 0.0000 75.4251 66.3900 80.3599 61.2432 188.4796 102.3188 133.2426 103.6898 88.7993 170.7917 129.5356 131.5346 193.7028 103.2122 94.9738 187.5901 111.2364 152.1204 119.6039 23.8499 16.6455 41.2581 140.7470 118.3941 64.0579 19.8874 117.9983 91.6575 25.1740 116.9952 203.4663 60.9994 32.1812 106.7247 100.3558 39.1995 130.4967 96.5755 153.8717 190.1895 2.2555 127.5219 250.9218 143.5408 75.3849 57.6334 119.9817 160.8198 99.8887 52.4223 120.1535 33.9196 52.7793 83.9235 59.6293 51.7080 47.5602 48.4934 81.1378 133.3990 78.1050 163.0419 120.4336 78.5456 253.4824 100.7215 81.6249 92.7166 142.0153 99.1923 143.1324 87.1388 35.7411 61.9142 51.1788 99.9597 78.8679 90.4818 132.3583 231.7559 132.5149 29.9082 163.8235 130.7766 131.8602 97.9310 143.6124 159.3673 54.0377
165.1231 136.0976 84.2526 106.8451 1.3517 58.7183 97.9581 100.5770 96.9999 6.2501 75.4251 0.0000 154.0987 140.7559 101.5748 210.4491 135.7537 247.0266 156.6102 71.7382 120.7072 134.6746 205.8046 110.6193 26.1624 0.5165 56.7841 148.2688 40.8484 151.6345 93.3937 87.9211 90.2252 111.3422 28.9736 141.3809 33.9818 166.3875 108.0356 109.8878 49.0578 33.0280 108.8196 50.0907 112.6320 94.0792 8.3153 190.0429 91.9002 160.6462 92.3672 48.4218 128.0430 120.5313 45.7923 7.9876 61.4284 140.6999 70.3769 65.5966 119.7312 204.4175 60.9540 96.0020 90.0758 73.9609 51.4300 112.3731 104.7269 49.8297 12.4597 27.3111 121.2111 9.9436 99.2784 69.3611 93.9629 93.2429 201.9634 104.0783 229.4613 158.9790 12.2912 77.3259 128.3022 124.4426 65.9908 160.9318 164.0681 46.5737 35.3005 212.8740 116.3044 73.9681 84.9914 19.3604 92.7711 9.7306 39.0862 110.8471
212.0720 129.6901 143.0645 216.7540 120.4958 77.7333 78.3005 35.4238 178.4310 176.2072 66.3900 154.0987 0.0000 138.0361 61.8034 97.2900 65.2443 57.8999 203.2705 42.7466 102.6645 288.7216 148.8716 118.8499 170.6426 158.6286 137.7212 68.5654 133.4808 203.3025 53.8709 31.6399 83.2027 12.7408 146.2759 8.9097 144.0407 57.9962 66.7876 105.3635 26.4703 113.5572 104.1786 95.8450 55.8794 115.5381 31.2230 55.6879 163.2533 94.5321 82.6186 91.1232 16.8910 199.9058 109.8007 74.2415 198.0108 166.2235 171.6284 83.4347 225.2314 24.5485 28.3899 75.8172 114.6275 174.3625 102.0685 81.7717 35.4307 113.5953 121.6998 198.0024 98.9358 95.7668 65.6540 65.0664 110.0465 126.5727 70.1720 205.6369 123.7067 58.8823 111.0374 77.0578 71.3324 53.8754 158.4593 79.9409 13.8205 57.4843 30.9857 139.9802 86.1603 88.5339 9.0136 170.8819 149.2503 191.9026 149.2403 123.4416
107.9853 50.8276 77.2515 139.7485 40.7723 192.1915 106.3277 72.8211 97.6156 91.0701 80.3599 140.7559 138.0361 0.0000 186.0401 107.0097 110.3102 112.1907 58.8924 39.1433 11.6856 117.4489 77.0788 119.1080 105.0377 68.9272 121.2578 78.7261 115.4274 67.1935 180.2124 266.4340 65.4535 138.3627 121.9089 22.4010 93.2221 111.9319 97.5329 152.9798 98.5412 149.3415 142.5190 137.3148 118.7232 149.2946 148.0251 120.7167 45.1788 128.2878 39.1579 64.0564 63.1506 24.8863 78.7063 160.8509 90.9842 89.1028 124.1441 62.2339 239.2904 79.6531 94.0663 42.6932 165.6754 95.6767 0.1977 161.4398 172.2642 57.2935 97.8078 70.9243 67.4485 173.4267 52.6012 156.3175 111.8385 243.5488 198.6631 144.0274 41.7926 127.2639 58.1576 92.4512 48.4007 29.2673 130.2079 41.4585 158.6709 117.1136 114.1587 1.7659 89.9362 176.3355 57.1451 68.2079 50.2971 75.7363 227.7720 40.7246
153.4552 102.5094 120.9805 91.4878 95.7418 76.7761 125.5841 66.1897 63.0939 115.4897 61.2432 101.5748 61.8034 186.0401 0.0000 10.5516 72.1685 112.2022 155.4017 92.9917 73.8421 149.0645 92.9152 94.7154 140.9027 108.0125 131.1587 58.6664 12.2029 97.7803 122.3999 210.0560 187.4631 114.8959 204.7999 121.2672 24.4637 120.0416 137.0105 52.5432 134.5442 102.2534 40.5031 91.1037 67.6441 73.1652 0.3403 185.4795 182.7662 98.1399 210.6803 92.8197 116.4570 138.4285 111.6551 240.4032 163.2067 146.6579 19.1378 111.1173 64.5675 51.7402 122.9613 39.7678 53.6862 45.3044 110.3674 145.7351 128.6225 93.4520 173.0049 112.1576 97.7840 45.6927 66.6111 36.1700 62.2997 89.9085 92.2207 63.3139 37.5789 134.3500 82.0961 136.2564 100.2103 133.2336 71.2871 9.1641 253.6918 95.6572 104.4585 27.2803 56.7330 191.3765 51.3703 208.2535 122.3569 73.4084 83.7215 31.7508
53.1465 89.3579 89.1855 46.1089 161.5166 129.6563 144.4393 122.9403 45.9091 2.7907 188.4796 210.4491 97.2900 107.0097 10.5516 0.0000 203.0497 55.6483 133.0489 93.9277 72.2351 192.0632 124.4564 29.0237 83.0086 104.9011 76.1210 81.7536 101.3852 213.8296 183.6656 135.6111 119.1750 87.2188 83.2495 23.9149 250.1859 92.0309 143.6219 27.0808 155.4780 78.8463 96.4827 91.5444 242.1748 106.5472 116.5165 62.4085 101.4718 60.1540 96.4090 226.5125 136.5619 133.0369 116.7457 137.2646 123.4067 71.2676 89.8685 8.6165 163.1394 193.5691 188.5469 24.3903 65.0436 77.4335 151.4576 48.8774 178.9432 100.0864 93.0459 102.4377 59.3738 138.8876 128.2894 20.4458 2.8473 83.3018 153.8396 105.4537 212.9297 87.3046 95.1378 106.2494 163.9621 213.6519 94.9803 84.2867 43.0822 129.3849 12.1720 133.5473 47.4204 50.6713 26.4434 175.7745 140.8323 84.4226 60.3335 117.6111
112.0368 128.5771 122.4959 71.5388 143.6131 182.1446 46.5257 59.3671 220.3779 153.3485 102.3188 135.7537 65.2443 110.3102 72.1685 203.0497 0.0000 77.5777 160.2945 175.2339 63.1522 12.5472 143.4032 125.2388 62.3509 139.3798 238.5349 118.8050 137.9670 39.4143 50.4356 149.5632 24.9819 150.4558 128.6560 162.1171 158.9998 164.7540 126.4017 104.2622 93.6962 86.9801 186.1429 161.7146 90.5446 39.5308 173.0842 199.1858 2.8422 155.8026 181.3543 185.5332 233.6877 166.9214 120.6591 83.4326 89.7960 149.6334 139.3922 124.0345 143.3421 65.6641 27.5826 72.2384 78.6051 132.1836 206.8970 19.1141 39.9928 58.5251 234.2041 37.2368 123.0285 114.7751 172.9705 116.0359 59.4464 48.5468 221.8870 173.1502 67.1481 46.0517 127.0327 46.0044 160.4485 72.8389 85.8121 59.2169 100.2539 219.3428 70.7365 4.2070 193.7735 130.7307 146.1451 56.6746 176.2487 139.3236 112.5911 147.4974
206.2588 58.6611 79.7831 163.2622 107.8741 46.6596 100.0517 152.8114 75.3524 91.0588 133.2426 247.0266 57.8999 112.1907 112.2022 55.6483 77.5777 0.0000 112.5512 130.3908 145.6183 164.6709 14.2190 24.5039 69.7030 219.0533 109.2317 107.9342 128.2378 114.8311 59.0760 138.1409 147.6334 27.1423 181.4828 102.1665 107.6678 141.0164 73.8077 172.8298 107.7152 89.4487 69.9854 65.2742 60.3125 148.7666 201.5271 86.9848 101.9517 77.5598 138.0542 65.9162 94.5326 71.9814 200.1362 33.0302 114.5497 53.6738 208.1841 4.1549 37.7954 113.1638 67.5100 13.3821 100.6295 26.0975 63.4338 215.2939 123.4085 201.8013 85.6099 67.2293 67.9885 66.6361 14.3361 79.9885 55.1594 61.6156 164.6610 102.7550 116.8848 66.7354 118.0012 69.5714 161.4198 216.2077 130.0572 95.2082 102.7695 124.2777 171.0110 144.6298 54.8966 194.4435 183.9426 135.8164 182.0920 159.2335 190.3383 17.1271
105.2128 150.8137 49.1444 176.3530 169.9342 147.9393 27.8069 149.9650 128.4387 79.5766 103.6898 156.6102 203.2705 58.8924 155.4017 133.0489 160.2945 112.5512 0.0000 152.8209 274.7038 154.0893 93.4971 153.8452 183.0249 86.4738 21.3832 30.3675 65.1209 110.9017 51.4245 79.2656 93.0293 69.6494 32.9873 36.6616 9.6143 84.5822 109.1014 96.3179 173.0852 150.0924 129.0290 136.4948 145.3700 150.8770 188.8938 164.6470 21.7520 149.6585 124.2311 118.2798 148.6537 117.6472 54.9397 194.4081 156.4307 32.0744 51.9623 47.8811 3.6162 24.8905 153.4415 13.6594 181.0467 178.9677 40.7080 106.0818 88.7211 102.4857 129.8072 136.2676 88.4220 9.0769 106.5935 68.9696 102.7065 87.2441 48.7288 113.2791 43.3859 131.5049 70.1039 141.3446 140.4792 72.4687 71.1225 114.2857 136.8871 95.5178 125.7910 86.4612 40.0287 114.9790 182.0972 31.2407 15.5218 105.0471 103.0452 15.0917
149.9988 133.3516 46.8203 102.9759 137.8114 65.7753 117.0832 37.3145 138.3967 166.8616 88.7993 71.7382 42.7466 39.1433 92.9917 93.9277 175.2339 130.3908 152.8209 0.0000 5.4115 143.8569 22.4337 202.6603 168.4472 80.9102 68.4139 168.8433 46.3049 68.7739 198.7239 113.8029 149.9164 223.8024 57.8352 144.7370 58.7969 143.7544 232.8780 53.9414 110.3813 94.1567 199.5789 11.4625 2.4782 118.0253 169.2311 49.1125 124.4566 239.6411 212.5861 72.9681 102.6558 108.3757 97.8878 14.4975 95.1513 212.5296 70.0788 99.0077 68.7141 92.8844 240.1466 93.5279 117.0345 129.9399 104.9503 163.0833 83.4012 68.7515 52.8944 146.9381 58.0824 167.7108 30.4115 109.6069 154.4749 105.9699 107.8432 14.8734 98.8092 49.4997 79.3278 142.9419 77.3421 105.7376 72.0027 144.1476 74.7851 126.5671 113.2622 58.4362 158.0529 103.7217 22.1977 90.9156 89.3832 155.5151 106.3154 90.8338
83.6185 206.8282 20.1875 89.5262 201.1978 107.3279 133.0606 85.5218 0.7466 127.6827 170.7917 120.7072 102.6645 11.6856 73.8421 72.2351 63.1522 145.6183 274.7038 5.4115 0.0000 53.2632 86.8857 71.8792 88.8125 167.2427 127.8948 73.6041 118.8084 18.1114 95.4718 22.6166 30.4227 172.5198 123.8564 62.4311 28.8850 170.9763 187.8072 52.3107 92.5137 194.1424 65.8615 158.1784 137.9023 56.1508 57.7149 149.6338 149.8402 189.3263 150.2991 100.5182 56.3823 102.3055 151.3374 107.5710 58.0936 111.6759 43.4594 146.7103 115.4181 40.8349 126.6510 33.5280 225.3228 146.3696 42.0910 98.5188 65.1559 76.2522 28.0382 5.0410 192.1013 85.7221 85.7352 211.6117 119.5206 86.0853 112.4088 125.4888 67.2744 99.1191 153.2773 23.6827 131.2956 84.7048 106.2364 23.9623 47.7470 161.2681 134.1291 81.9499 122.2524 97.0303 86.4184 110.4271 33.9551 147.2034 11.4987 91.3612
22.4596 63.9760 88.2751 139.9928 105.0595 90.1123 97.8880 140.0563 54.4098 195.1685 129.5356 134.6746 288.7216 117.4489 149.0645 192.0632 12.5472 164.6709 154.0893 143.8569 53.2632 0.0000 149.3493 168.1847 140.5679 107.2178 18.8191 73.2320 68.2027 57.2678 155.7042 129.1091 67.2358 144.5606 158.4972 167.9987 257.6651 134.3558 82.8487 76.9418 47.9238 104.1689 49.6787 154.5669 129.3928 61.5435 33.3648 125.8393 77.4788 169.6268 76.6450 41.0137 48.2433 143.2132 66.5195 92.1784 85.5963 98.4341 186.9239 76.0993 46.4067 98.0447 77.1760 67.0274 73.3653 150.2992 19.9137 132.6861 42.1080 39.7152 49.4507 91.8376 20.0307 154.7992 58.5704 209.7003 47.8671 178.1881 117.9526 75.4700 119.9298 104.6163 37.6930 297.0009 45.5643 59.5221 112.2836 129.8088 155.6276 89.2955 11.8777 142.4704 125.1371 111.1046 108.5873 157.5787 84.8762 224.0791 135.9677 171.4634
17.2968 67.7963 64.3617 123.4194 63.1995 40.7659 68.9738 153.6920 112.1125 100.7843 131.5346 205.8046 148.8716 77.0788 92.9152 124.4564 143.4032 14.2190 93.4971 22.4337 86.8857 149.3493 0.0000 115.4139 77.2204 134.6828 111.7651 73.0908 13.8353 162.1084 141.9048 146.6772 20.0062 184.1432 111.7631 143.5670 62.5056 70.5213 69.7371 42.2804 43.5430 46.7598 62.4415 240.6466 115.9915 97.6504 114.2175 87.1912 150.4636 51.2322 31.7516 102.4861 102.5536 90.5028 142.1999 10.5274 147.8141 176.4863 191.9894 65.5229 82.1062 149.2836 64.5475 13.2291 125.4387 277.4368 149.3607 126.6313 76.9288 139.6603 104.4319 23.0945 150.0401 150.6992 40.2042 171.9175 103.7391 177.8459 49.3092 90.8785 114.8798 147.5086 211.4126 208.1012 141.4094 2.2050 102.0464 99.5088 113.0017 97.6899 153.5611 75.7186 174.7526 148.3007 170.0152 166.2292 5.0130 109.9824 136.0067 195.6164
127.1568 79.4250 124.4166 19.7459 43.6078 72.6577 5.3816 180.3844 80.2482 74.3847 193.7028 110.6193 118.8499 119.1080 94.7154 29.0237 125.2388 24.5039 153.8452 202.6603 71.8792 168.1847 115.4139 0.0000 174.5766 64.5852 163.0613 63.4212 194.5014 99.3284 154.1582 122.9291 129.7986 88.8701 101.9241 35.6678 92.5801 193.6737 190.3719 76.1892 170.1577 176.7649 97.6736 84.6212 84.8493 45.7605 14.5603 141.3338 65.7808 155.0464 115.0414 53.3787 123.7620 63.6243 143.0796 52.9223 75.6145 64.3528 87.1436 167.2679 97.3663 93.2584 108.0979 66.1888 196.1764 90.1057 143.5409 49.3621 78.9813 55.1214 122.3117 70.7907 91.4652 78.1645 30.2750 81.6160 0.4962 164.9402 185.4135 133.5297 119.2270 59.6251 32.1418 61.8267 116.1110 53.5624 181.3881 16.8057 100.0270 77.7329 173.9683 99.3751 73.2618 141.9287 113.0939 103.9105 81.7546 88.8994 60.3738 5.6591
113.7135 18.7169 108.2091 72.3810 128.8077 133.6023 124.5370 143.1644 94.0878 7.4541 103.2122 26.1624 170.6426 105.0377 140.9027 83.0086 62.3509 69.7030 183.0249 168.4472 88.8125 140.5679 77.2204 174.5766 0.0000 126.0511 132.3503 124.8928 65.4837 249.9732 97.7700 118.6246 114.0469 167.6691 112.5010 74.2136 24.5843 60.3001 163.1562 191.1426 122.3302 193.7445 118.8623 29.9415 169.8465 87.3052 82.7733 56.0448 116.5683 110.1019 25.1056 14.7114 36.8077 179.5221 20.3554 157.2393 87.5538 122.2059 56.0401 52.7613 110.2145 174.1496 74.5738 51.6455 123.1751 15.6514 76.8664 33.9884 115.9830 134.2302 68.1518 157.2354 8.2996 150.6468 56.4128 154.4581 95.2186 41.6724 165.8425 90.6885 96.7984 89.1037 113.2359 151.7805 23.5886 124.3357 114.7122 222.3437 206.9030 182.5319 72.9077 127.1509 148.6925 132.5637 13.8874 103.2232 48.9987 187.4154 52.3854 105.7051
171.4244 226.5865 48.7392 40.6850 163.1818 117.0850 123.4771 122.7728 47.5682 53.4595 94.9738 0.5165 158.6286 68.9272 108.0125 104.9011 139.3798 219.0533 86.4738 80.9102 167.2427 107.2178 134.6828 64.5852 126.0511 0.0000 107.4954 46.4774 57.0238 184.5398 166.0903 175.9413 76.3211 87.3578 97.8524 104.7041 169.7055 65.8721 140.0109 125.7093 73.4438 194.1563 110.2904 17.5468 6.7056 181.3853 35.9353 117.5458 54.8475 35.3627 95.6728 202.8389 84.8102 111.3278 165.7690 24.4521 148.3887 103.4582 64.2017 92.4554 88.6871 92.3465 88.4865 78.9956 150.9601 171.0262 138.3068 61.0148 88.7749 150.4781 93.3753 89.1509 117.9435 120.6992 138.3050 134.4405 30.9919 152.4722 109.2316 64.0083 197.2894 83.7347 82.0758 197.3162 22.5984 95.8123 78.8729 119.9781 53.8680 3.3675 139.2278 195.5212 99.0094 218.6137 128.4952 79.9332 40.8440 11.0163 125.3441 76.9637
3.4177 123.5612 158.8982 74.3777 86.1330 113.1297 82.2973 185.2309 121.5285 44.4974 187.5901 56.7841 137.7212 121.2578 131.1587 76.1210 238.5349 109.2317 21.3832 68.4139 127.8948 18.8191 111.7651 163.0613 132.3503 107.4954 0.0000 98.2125 95.5748 59.5014 128.0325 169.1742 130.5750 145.2335 178.6818 141.1530 131.0172 149.3982 70.7082 75.2589 132.8247 42.0433 113.9886 70.6471 87.4533 94.8369 44.3226 29.8662 62.2219 108.9399 98.5819 152.8767 114.1067 138.1126 89.6295 26.1772 100.6217 128.0328 176.1231 114.4366 139.6270 71.8643 230.0350 54.5133 122.5254 59.0935 111.7574 96.2416 79.3265 99.2094 75.1862 199.5545 160.0512 67.7443 51.9458 154.0988 57.0446 33.0257 150.4770 81.7120 109.2750 62.3603 49.4182 122.1643 28.9969 173.1428 105.0571 170.9295 125.0220 167.7533 116.4536 58.3935 142.4606 120.9537 149.9392 28.5858 34.6176 189.5658 151.3167 101.3676
102.0631 6.6196 47.2197 144.2694 148.9459 99.7927 127.5555 102.7756 39.5269 62.5577 111.2364 148.2688 68.5654 78.7261 58.6664 81.7536 118.8050 107.9342 30.3675 168.8433 73.6041 73.2320 73.0908 63.4212 124.8928 46.4774 98.2125 0.0000 90.3345 53.9374 55.7763 107.0308 59.6040 44.1097 106.6885 17.1121 68.4476 160.3880 95.4564 74.4959 93.8602 91.3185 173.3870 208.2261 142.5029 138.3732 127.4612 180.2069 102.1224 137.8832 103.8509 28.6466 271.9109 94.3521 13.4119 58.4032 51.3866 150.9910 152.0589 101.5215 65.5515 105.6951 115.9565 20.4115 127.0567 109.9548 79.8731 40.5512 72.5120 115.0504 172.0493 114.5456 131.0117 114.3811 61.9877 150.0763 67.2869 190.3501 65.7950 62.8521 113.0180 38.3334 82.4107 164.4705 94.5168 109.8247 138.1030 29.2357 40.0893 33.8574 108.1822 24.3415 105.3329 140.2672 93.7646 69.9841 136.3134 195.4194 212.8797 45.4028
60.0818 60.0092 64.9962 96.7243 30.7940 137.0324 110.9337 20.2277 171.5448 82.3540 152.1204 40.8484 133.4808 115.4274 12.2029 101.3852 137.9670 128.2378 65.1209 46.3049 118.8084 68.2027 13.8353 194.5014 65.4837 57.0238 95.5748 90.3345 0.0000 72.0711 118.0015 97.9129 77.9195 83.6435 137.5073 61.6420 106.4303 99.6039 64.8319 202.3738 45.9012 175.5817 51.0635 64.0300 194.4123 102.1985 163.8026 165.3202 142.8335 77.7736 120.8032 42.0024 86.0772 90.6786 120.6590 68.0105 139.3522 139.3748 225.1983 59.7682 133.9802 86.0220 176.0612 163.4964 56.1061 110.1128 190.8802 48.6939 143.0884 54.5887 181.6346 98.3680 83.4902 31.8304 151.5530 69.5558 45.7443 242.1434 107.4138 33.5826 91.6588 81.1816 183.4800 108.9903 78.7025 165.8400 137.8266 0.2785 33.9758 140.3215 131.1976 36.9633 119.3344 68.1238 29.7102 178.4257 70.5188 141.5314 160.0540 96.5014
98.1800 132.9916 75.1816 73.4853 124.2938 56.7095 96.1864 90.4540 85.1109 110.3494 119.6039 151.6345 203.3025 67.1935 97.7803 213.8296 39.4143 114.8311 110.9017 68.7739 18.1114 57.2678 162.1084 99.3284 249.9732 184.5398 59.5014 53.9374 72.0711 0.0000 173.2410 38.8819 103.1319 150.1568 113.8179 220.0273 108.8430 58.8879 19.7872 125.6777 109.7328 62.4547 192.5847 126.3303 82.7555 68.5307 59.8316 188.0992 52.4071 137.0794 5.4510 138.7459 38.7993 67.4321 127.7889 112.1060 108.1296 141.4078 68.5503 67.5945 12.7822 18.2791 105.1081 68.4369 50.5953 104.6490 74.2421 67.4214 119.2715 49.2643 105.4170 102.6758 129.7248 26.6807 80.3468 124.0043 121.3570 59.8923 100.9208 6.2353 143.2058 158.8976 136.2374 23.9940 119.8338 270.4663 104.0299 83.0445 90.2507 93.0045 131.5365 35.2553 37.6462 60.0733 96.9326 116.4643 35.0440 92.4898 156.2002 109.6231
196.5889 119.6144 112.5484 100.2039 301.5989 113.3428 113.9731 166.0994 105.9196 103.3948 23.8499 93.3937 53.8709 180.2124 122.3999 183.6656 50.4356 59.0760 51.4245 198.7239 95.4718 155.7042 141.9048 154.1582 97.7700 166.0903 128.0325 55.7763 118.0015 173.2410 0.0000 164.5877 99.0751 233.6797 135.5395 130.4891 104.8016 1.5728 159.9211 111.1774 99.3245 108.3284 181.1690 196.0920 82.2979 5.5398 165.7493 197.4624 74.5208 13.2967 26.3717 122.7914 77.0290 66.8702 121.4615 169.7922 59.3413 142.8311 58.2072 22.2935 195.1754 100.7282 62.8255 135.9598 40.5302 57.3766 179.0665 218.5738 37.1289 65.1305 79.9483 44.4983 30.0980 64.3928 5.6641 144.1717 156.5726 40.9096 139.5622 139.4511 6.7955 188.4635 82.8064 61.9188 54.8077 47.3538 84.5999 148.7358 56.9482 72.7469 35.5594 81.2706 143.2516 38.9652 109.3205 60.7706 8.3890 254.6650 74.8972 132.5708
48.3248 77.0682 218.0167 58.4589 140.5621 18.9593 107.4998 165.6851 93.0373 71.1107 16.6455 87.9211 31.6399 266.4340 210.0560 135.6111 149.5632 138.1409 79.2656 113.8029 22.6166 129.1091 146.6772 122.9291 118.6246 175.9413 169.1742 107.0308 97.9129 38.8819 164.5877 0.0000 31.1637 125.9006 20.0528 106.2537 61.2408 200.4523 90.5192 248.0289 56.5753 55.6399 155.4789 120.4983 42.3906 186.8960 123.5705 90.5040 82.7318 140.9908 47.6635 20.9241 164.4044 75.7257 157.1150 104.3494 244.3631 155.4834 103.0046 133.8288 99.8827 102.9571 169.6623 84.8552 98.1897 60.3000 96.1141 87.0533 24.2770 78.4405 119.3652 22.0456 142.2295 146.9968 147.2616 179.3224 194.6183 80.2690 57.6118 5.9328 49.7102 153.3598 130.4624 236.4930 88.1239 49.4123 27.6683 5.6504 178.3228 94.4150 99.9477 116.0201 53.9154 132.8618 94.6378 207.6452 75.5053 63.8656 188.9739 31.9401
30.3076 43.9890 112.4362 75.5798 35.4479 119.1953 134.9088 30.0783 99.2717 122.0863 41.2581 90.2252 83.2027 65.4535 187.4631 119.1750 24.9819 147.6334 93.0293 149.9164 30.4227 67.2358 20.0062 129.7986 114.0469 76.3211 130.5750 59.6040 77.9195 103.1319 99.0751 31.1637 0.0000 72.5672 62.5942 129.6524 67.2872 93.0169 46.3562 70.4412 83.7389 149.4730 157.8045 34.6951 139.5440 44.4114 54.3590 148.5281 82.3207 30.3982 66.0793 143.8395 59.6543 149.8732 168.0379 67.2320 105.3327 108.6528 109.8589 42.2365 153.3293 121.9050 137.4627 107.5251 36.8648 100.3301 114.7677 146.0660 55.7814 75.4281 133.0496 43.1767 89.3389 172.8341 113.9409 116.4979 111.3182 91.2359 45.6084 42.3195 117.5941 89.0439 103.8959 107.9202 92.2424 88.4397 92.7465 170.7996 165.2915 117.2957 74.6218 95.0091 63.7348 59.2936 206.1051 129.4252 53.5578 82.6553 109.5923 135.0445
139.6877 78.2654 114.3189 115.0976 160.0272 145.9778 11.0911 66.6412 98.2020 4.5695 140.7470 111.3422 12.7408 138.3627 114.8959 87.2188 150.4558 27.1423 69.6494 223.8024 172.5198 144.5606 184.1432 88.8701 167.6691 87.3578 145.2335 44.1097 83.6435 150.1568 233.6797 125.9006 72.5672 0.0000 51.6778 147.1444 116.0008 134.4971 184.2130 99.3636 150.6516 102.7774 96.6050 107.7691 71.0289 211.0260 93.1314 97.0237 92.0883 126.9050 76.5078 70.6680 124.6394 238.7186 100.1167 227.1599 89.4557 155.8544 59.2985 117.1364 153.9611 80.4091 121.4973 175.8125 49.0514 80.8064 75.9500 249.4728 139.3999 61.2028 178.8665 54.7049 108.2150 138.3725 166.5448 113.9281 28.9961 120.0355 100.8432 49.2653 10.3878 85.4271 33.0136 98.4923 84.2618 36.6778 137.9572 17.1378 56.7899 139.3110 43.7513 173.0014 53.1436 69.4140 34.8598 70.4278 65.6284 92.7397 131.9000 125.1065
164.6268 136.9785 110.4356 82.3462 101.3416 49.8024 75.2454 166.5170 31.0466 84.5205 118.3941 28.9736 146.2759 121.9089 204.7999 83.2495 128.6560 181.4828 32.9873 57.8352 123.8564 158.4972 111.7631 101.9241 112.5010 97.8524 178.6818 106.6885 137.5073 113.8179 135.5395 20.0528 62.5942 51.6778 0.0000 87.3380 184.1208 80.2502 15.8815 214.1710 104.5295 80.8865 68.8648 58.8158 43.2350 116.0789 174.6615 117.3572 133.1200 197.7976 64.9059 93.2249 88.8749 173.5954 66.0141 37.8977 116.0483 136.2776 75.5478 106.6503 174.4395 4.3085 62.1501 136.7525 64.5689 119.2658 72.2276 79.1718 168.4162 182.5915 162.3280 7.4060 146.1480 121.8467 87.3183 66.2705 151.3317 115.4134 48.8322 40.0187 108.8772 32.1122 124.3318 205.3034 153.9421 113.1200 161.5055 126.9398 8.3410 155.2291 46.9561 199.1892 82.9940 110.2458 177.6109 24.1350 149.3674 50.6643 45.6609 122.0153
136.6815 145.2004 56.7479 175.8581 58.7187 50.3018 66.6136 146.7940 71.8019 161.9425 64.0579 141.3809 8.9097 22.4010 121.2672 23.9149 162.1171 102.1665 36.6616 144.7370 62.4311 167.9987 143.5670 35.6678 74.2136 104.7041 141.1530 17.1121 61.6420 220.0273 130.4891 106.2537 129.6524 147.1444 87.3380 0.0000 212.1356 170.0843 136.8018 98.0900 46.3206 26.5193 94.3661 204.8662 59.0674 74.9126 151.9241 178.9995 194.6344 86.3962 81.8200 71.4737 7.8223 90.5769 75.4323 128.4201 9.0102 50.1793 60.6757 86.2197 71.8941 216.0101 155.6211 59.3507 127.3565 1.0789 90.3236 159.0574 145.5040 105.6934 232.7608 137.5334 148.2928 123.6171 148.6068 73.1757 172.8299 42.1007 136.2683 199.1140 193.8304 76.9887 162.1906 134.1230 131.3214 168.7217 35.5713 136.7562 79.8761 190.8534 86.1409 22.5762 70.8821 189.4323 119.3281 194.4112 43.4568 183.1762 105.1513 112.7079
236.2992 103.1522 96.8922 127.7212 165.2151 86.2055 85.2348 90.9773 118.7723 78.9685 19.8874 33.9818 144.0407 93.2221 24.4637 250.1859 158.9998 107.6678 9.6143 58.7969 28.8850 257.6651 62.5056 92.5801 24.5843 169.7055 131.0172 68.4476 106.4303 108.8430 104.8016 61.2408 67.2872 116.0008 184.1208 212.1356 0.0000 11.4666 225.3655 149.3428 103.9722 214.7809 123.5773 145.6566 106.0399 137.3390 97.7392 182.6944 132.1429 33.4239 91.4088 144.0940 172.3313 73.8522 175.8609 71.9216 126.9918 10.7337 92.4076 180.2496 169.5719 150.1245 106.9900 71.5910 136.6458 185.6945 89.7404 61.3390 75.3276 55.0098 145.6684 111.1339 75.7622 123.1157 46.0981 118.7251 80.1294 41.3584 66.1416 100.8114 43.3404 108.5327 86.8977 132.3938 201.0753 97.3800 197.1046 145.7862 161.4882 155.4054 74.0595 202.4422 114.3980 83.4244 218.9615 97.7717 154.4936 96.4179 101.5811 85.0338
141.7943 20.7637 61.9687 8.8774 204.8961 143.5672 154.5688 45.0110 10.8987 53.7220 117.9983 166.3875 57.9962 111.9319 120.0416 92.0309 164.7540 141.0164 84.5822 143.7544 170.9763 134.3558 70.5213 193.6737 60.3001 65.8721 149.3982 160.3880 99.6039 58.8879 1.5728 200.4523 93.0169 134.4971 80.2502 170.0843 11.4666 0.0000 59.9587 80.7151 165.2214 161.1484 111.9228 86.0053 164.6347 183.6015 150.1037 173.6654 135.7549 87.3439 134.7399 104.7483 23.0330 50.9768 76.5593 152.7028 138.5132 166.1914 20.6645 128.7067 163.9546 48.5707 22.0514 103.5204 6.3199 123.7863 79.7043 125.9472 94.3014 140.1152 83.6908 115.9694 42.7984 120.6634 283.4144 67.4788 102.2835 104.3810 75.2224 125.9616 51.6662 88.7886 89.5846 207.0441 100.9794 97.3823 98.7497 102.6447 80.0687 121.4086 143.5046 132.8743 38.8202 18.0640 196.1466 140.7540 76.4966 167.2874 14.4443 184.6248
183.7858 101.9856 78.0683 77.6984 91.4543 218.3458 207.6677 62.7534 20.0131 6.5883 91.6575 108.0356 66.7876 97.5329 137.0105 143.6219 126.4017 73.8077 109.1014 232.8780 187.8072 82.8487 69.7371 190.3719 163.1562 140.0109 70.7082 95.4564 64.8319 19.7872 159.9211 90.5192 46.3562 184.2130 15.8815 136.8018 225.3655 59.9587 0.0000 147.0600 26.1388 163.7120 118.1787 191.4391 42.9508 99.1217 77.1369 80.7845 136.3825 42.2449 63.6971 205.8808 95.6671 42.4201 34.2759 262.0232 67.2777 122.6842 103.4683 85.2757 251.7010 217.1420 176.7981 156.0582 69.6200 146.3695 79.8767 74.8483 165.9035 54.5903 231.4046 99.0969 1.0191 112.1054 149.9129 107.5838 176.3304 104.6963 20.9348 193.5784 116.7829 29.7015 0.4554 121.9101 118.2959 91.8400 177.2306 104.1484 109.2223 88.2500 162.6411 216.8882 112.5239 44.5571 159.5861 95.1467 130.1964 31.7350 26.5273 222.2664
97.1331 184.0729 54.0963 94.2338 63.7922 93.2748 29.9362 159.8609 58.9845 145.2838 25.1740 109.8878 105.3635 152.9798 52.5432 27.0808 104.2622 172.8298 96.3179 53.9414 52.3107 76.9418 42.2804 76.1892 191.1426 125.7093 75.2589 74.4959 202.3738 125.6777 111.1774 248.0289 70.4412 99.3636 214.1710 98.0900 149.3428 80.7151 147.0600 0.0000 115.8856 3.0889 114.0850 156.2452 50.6718 47.4050 77.5703 126.4902 32.3302 113.5183 144.0261 136.9781 208.6235 128.4233 54.6889 120.3146 73.9907 34.1692 114.7605 61.2652 68.9783 64.1377 134.5691 12.0009 159.7684 161.5562 6.7082 71.8098 18.9306 72.4692 68.8746 151.7564 60.8762 142.1777 154.2477 34.1131 124.7695 119.2939 112.1565 153.6282 34.6208 115.6391 2.0718 89.1167 96.0524 42.2155 103.4544 104.0604 124.5632 100.5278 237.7766 147.9420 117.8553 56.3480 132.8225 206.6840 97.8769 7.1615 65.1633 82.9844
158.3473 134.3972 73.9598 73.8344 184.4077 188.0805 50.5995 198.1358 172.9858 33.0519 116.9952 49.0578 26.4703 98.5412 134.5442 155.4780 93.6962 107.7152 173.0852 110.3813 92.5137 47.9238 43.5430 170.1577 122.3302 73.4438 132.8247 93.8602 45.9012 109.7328 99.3245 56.5753 83.7389 150.6516 104.5295 46.3206 103.9722 165.2214 26.1388 115.8856 0.0000 176.6446 131.3021 97.0520 82.2635 77.0078 70.3981 167.3502 165.6157 90.1933 152.8835 16.5838 96.2269 79.7593 124.1170 12.5489 100.2760 208.3485 87.3058 107.8035 126.0061 192.0633 145.2658 60.3019 54.5105 6.5506 106.1800 212.6471 34.3288 68.2694 82.6874 102.7384 27.9867 75.7182 90.1192 151.5642 212.1655 87.3392 142.1853 53.0527 77.8828 108.2191 163.1520 62.7591 138.6707 61.8537 93.9118 121.8578 141.7311 165.0329 68.1445 148.0158 191.2008 113.5344 141.4915 31.0137 156.2371 104.2254 144.7919 96.3068
138.2296 84.2563 152.5046 77.4297 45.8974 89.3823 105.3263 122.5597 52.7469 115.7809 203.4663 33.0280 113.5572 149.3415 102.2534 78.8463 86.9801 89.4487 150.0924 94.1567 194.1424 104.1689 46.7598 176.7649 193.7445 194.1563 42.0433 91.3185 175.5817 62.4547 108.3284 55.6399 149.4730 102.7774 80.8865 26.5193 214.7809 161.1484 163.7120 3.0889 176.6446 0.0000 85.5263 176.3727 193.8618 97.1152 52.6823 121.6435 35.3519 146.9084 158.0402 17.3672 61.4573 234.8398 125.2805 31.8436 67.3121 195.7974 170.2668 27.9654 140.8164 31.7677 56.4263 65.5064 178.3122 112.2853 146.4346 129.6332 109.2661 158.5147 176.4586 133.0463 158.8701 79.0734 49.6949 40.9603 78.8447 178.6441 101.3194 15.3073 144.5733 73.4810 134.7071 47.6638 164.1043 102.4773 127.4610 109.4071 6.2906 23.8726 16.9298 111.9752 94.7634 173.3763 82.6662 165.9232 55.0090 68.0498 29.6540 117.9231
184.2253 95.9765 86.7013 160.0663 97.7235 143.0519 137.1272 102.5654 35.4714 105.9124 60.9994 108.8196 104.1786 142.5190 40.5031 96.4827 186.1429 69.9854 129.0290 199.5789 65.8615 49.6787 62.4415 97.6736 118.8623 110.2904 113.9886 173.3870 51.0635 192.5847 181.1690 155.4789 157.8045 96.6050 68.8648 94.3661 123.5773 111.9228 118.1787 114.0850 131.3021 85.5263 0.0000 108.4061 77.7518 125.1238 75.2542 148.8361 20.5642 84.0898 32.8850 113.6976 118.4915 115.7896 180.5739 187.5126 212.7891 111.6860 72.9219 145.5135 76.7995 108.7123 23.2888 77.5758 198.1396 138.4775 121.4879 153.7454 139.9349 165.8138 186.4433 41.6907 27.9132 87.6171 60.1409 183.8686 112.0222 172.5651 195.2815 183.4426 96.8801 125.8429 137.3999 25.7303 112.0676 42.7150 167.9075 129.1172 153.3283 145.4390 28.3068 91.8713 120.9857 77.2190 124.4843 146.3388 70.4526 68.4813 66.5937 79.7595
186.0920 63.7652 187.2213 44.1727 156.2567 214.6574 55.2682 63.0757 145.9818 65.3738 32.1812 50.0907 95.8450 137.3148 91.1037 91.5444 161.7146 65.2742 136.4948 11.4625 158.1784 154.5669 240.6466 84.6212 29.9415 17.5468 70.6471 208.2261 64.0300 126.3303 196.0920 120.4983 34.6951 107.7691 58.8158 204.8662 145.6566 86.0053 191.4391 156.2452 97.0520 176.3727 108.4061 0.0000 68.3472 28.8602 76.1696 43.5165 72.4973 184.3666 176.9506 61.5586 102.6854 26.1063 207.2979 98.0559 84.9094 54.2664 144.6344 130.5224 114.3489 89.1498 0.2774 1.3426 211.6308 120.4604 79.0171 112.6433 123.8593 99.2434 189.8387 10.4081 121.8295 63.8365 127.0002 215.2391 98.1225 109.1811 93.0008 71.3086 180.2741 131.9002 155.7929 163.6507 81.7419 152.2380 57.4366 83.0626 64.9310 34.5363 124.6831 86.1425 223.8223 65.9270 154.7659 140.5331 27.4485 4.6536 9.0217 66.3601
94.4978 84.5610 55.2352 144.8813 97.5223 33.1908 46.7553 22.8973 48.0292 137.9842 106.7247 112.6320 55.8794 118.7232 67.6441 242.1748 90.5446 60.3125 145.3700 2.4782 137.9023 129.3928 115.9915 84.8493 169.8465 6.7056 87.4533 142.5029 194.4123 82.7555 82.2979 42.3906 139.5440 71.0289 43.2350 59.0674 106.0399 164.6347 42.9508 50.6718 82.2635 193.8618 77.7518 68.3472 0.0000 185.8533 45.5077 180.4006 183.0978 182.0844 131.2840 142.5434 90.2374 74.5432 203.9512 28.6242 77.9043 84.7083 123.6822 193.7651 79.3814 37.8480 1.9855 113.2828 30.4841 89.0529 65.8390 25.2857 97.1375 67.1978 158.5233 106.1054 183.8381 27.0105 88.0518 175.0386 112.5312 57.2358 82.0433 245.8410 53.7142 135.2595 82.9265 66.6670 81.0135 123.6520 115.7664 45.8267 79.3268 50.2300 99.0362 183.0471 24.5399 121.9391 91.2981 191.7965 24.3061 36.6406 105.9233 79.6616
139.6881 150.1729 119.0087 198.6029 72.2686 193.1099 175.9114 104.7295 149.3352 133.2104 100.3558 94.0792 115.5381 149.2946 73.1652 106.5472 39.5308 148.7666 150.8770 118.0253 56.1508 61.5435 97.6504 45.7605 87.3052 181.3853 94.8369 138.3732 102.1985 68.5307 5.5398 186.8960 44.4114 211.0260 116.0789 74.9126 137.3390 183.6015 99.1217 47.4050 77.0078 97.1152 125.1238 28.8602 185.8533 0.0000 115.9131 65.8204 107.9231 76.8035 57.2641 138.8236 150.8647 138.1954 45.1304 46.0010 116.2866 104.5782 162.0673 77.3548 136.4755 189.7725 163.0297 103.6256 44.3431 51.4623 126.3286 143.9162 59.1312 138.0410 215.1641 50.0929 6.3331 100.0816 161.7809 138.5162 82.8451 44.1407 7.0875 116.1099 141.9627 149.8523 227.7223 70.0156 141.5081 88.0946 94.2852 105.3452 166.3030 67.4652 68.5630 157.5876 177.6871 160.5448 165.9974 32.0185 66.5974 186.0530 146.7132 55.7640
104.8280 90.7570 113.2031 135.4891 35.0112 37.7379 55.8318 182.1958 18.8879 79.9748 39.1995 8.3153 31.2230 148.0251 0.3403 116.5165 173.0842 201.5271 188.8938 169.2311 57.7149 33.3648 114.2175 14.5603 82.7733 35.9353 44.3226 127.4612 163.8026 59.8316 165.7493 123.5705 54.3590 93.1314 174.6615 151.9241 97.7392 150.1037 77.1369 77.5703 70.3981 52.6823 75.2542 76.1696 45.5077 115.9131 0.0000 46.5930 236.6317 64.7909 169.5034 159.7703 65.7016 76.0364 207.9133 171.0455 52.9292 65.9653 85.1739 165.6242 118.3180 61.1352 63.8164 74.7803 93.0693 63.1827 166.4704 38.0191 118.0978 88.3027 78.3231 111.7866 164.0869 90.3537 174.4819 62.3788 90.3236 89.7798 67.8066 38.7449 40.6897 181.5840 40.2945 143.9596 67.2637 73.7121 51.9254 50.3679 143.5257 105.3843 88.7125 105.1784 55.8314 52.0737 145.6794 60.8636 158.9253 203.4374 28.3992 14.8033
