100
0.0000 62.1056 241.9962 154.5106 109.8886 53.1179 65.9342 84.4079 46.1924 58.5494 169.7925 29.0082 14.7102 98.7760 28.4548 74.4888 109.1949 77.6946 73.4317 66.4601 116.4759 150.9258 45.6921 70.1374 66.3873 108.7204 12.2167 16.8575 73.6697 101.0115 104.7084 78.6538 127.4560 67.6417 64.0093 50.8455 94.6573 86.0544 27.6988 91.3690 151.0600 120.1756 187.5611 132.8711 96.7414 101.7011 99.5493 105.6198 174.5551 26.5610 140.5522 121.7368 136.7961 59.8826 169.4433 112.4770 170.6085 139.8724 52.9512 116.3579 145.7472 149.1220 136.4891 97.4677 146.0541 93.4290 71.9535 14.2649 101.7702 57.9859 104.9735 20.7883 102.5350 13.4477 67.9444 114.0390 99.6700 43.1295 185.1170 60.4579 186.9959 129.3956 78.4244 71.8546 181.5374 136.4078 55.7541 73.3230 156.0449 202.2317 147.3726 136.9412 56.2063 142.0992 117.6978 55.6993 85.2434 126.2938 193.5290 221.3471
62.1056 0.0000 226.5557 211.3360 143.9636 119.5918 171.2170 221.9174 134.2851 135.6048 130.3839 102.3750 162.3038 123.1236 105.1021 186.0483 141.8015 80.0889 110.1160 51.9946 163.6354 100.7825 162.2405 57.6140 97.3616 48.3800 142.1665 81.0004 67.3102 165.9829 143.3663 33.2156 112.5897 55.6200 67.6096 53.7062 157.1083 56.8584 140.2668 146.7309 95.3541 133.5541 69.0048 64.7835 66.2007 128.6147 110.6187 135.7922 154.9827 190.1315 102.7312 12.3524 185.3063 68.9508 87.7689 64.2647 257.0406 123.0962 75.2262 110.5902 141.7476 103.7982 131.9262 116.1422 179.7519 20.4706 83.2606 64.0996 112.9126 22.5354 64.4818 119.1527 115.4399 206.3915 92.3729 298.7744 162.0770 160.5344 106.9065 178.9478 115.8262 161.5882 197.3984 54.4516 68.2350 126.0567 176.8159 192.1326 30.1844 134.8104 178.3098 161.3860 101.9825 25.8323 89.3871 194.4306 119.8369 161.3642 135.8878 36.7887
241.9962 226.5557 0.0000 15.9952 154.4139 124.9609 229.1453 59.8025 103.3859 133.2926 103.5503 93.8417 117.7702 91.0110 161.3724 157.6147 71.5085 22.8097 120.1025 213.8616 105.4675 40.6401 122.1264 248.0198 110.6167 65.0671 204.7355 138.0468 13.1346 34.2298 120.3456 105.0136 118.3763 96.0811 148.2426 166.0259 84.9311 72.7246 197.2664 81.9515 151.8048 78.6681 51.4161 147.0311 105.5171 52.2391 130.4293 75.2284 140.3831 129.0126 16.1384 130.3368 4.1228 41.1906 23.0980 154.3141 95.8656 162.6290 75.3350 113.8142 155.1443 132.9869 84.2681 55.2285 99.7842 127.4031 160.1408 157.3250 22.4071 200.6751 151.3820 220.0597 38.8560 90.1101 44.6616 91.1868 173.5994 132.7336 142.9475 138.0677 184.7521 37.1847 97.4944 159.0002 89.1252 85.5990 100.4184 62.9567 96.7474 66.1428 57.2601 141.6676 88.6479 166.0734 118.3835 94.1204 53.6821 54.8650 144.0040 152.0999
154.5106 211.3360 15.9952 0.0000 116.5808 117.6754 108.2608 226.4194 209.2257 85.9611 102.5881 134.2993 72.7732 116.3152 179.7358 35.9453 71.0868 74.1890 82.2910 95.0593 17.2888 86.8706 14.7514 105.8840 116.9802 146.8248 181.6967 70.9048 79.6562 39.0173 48.2790 63.1758 1.1821 86.6242 80.6196 48.5287 159.5773 95.1322 164.9555 68.9557 116.3992 140.4688 42.1634 90.0149 67.0993 91.9334 45.4346 73.1626 35.8272 81.3569 134.8142 152.6941 105.2978 74.4146 93.7280 93.8012 84.1885 51.6359 201.2739 105.2384 101.9430 68.9346 57.9549 111.6565 99.0257 139.0167 163.0418 88.1050 89.6455 145.0050 200.8502 48.5239 22.1798 185.2857 249.1416 137.8924 65.5316 150.2633 86.9234 9.6130 123.7272 67.2207 167.5866 163.6324 73.6451 141.2292 170.8768 73.0565 59.0409 167.6771 127.3710 114.1302 45.4358 173.3312 95.7323 78.3385 21.1316 124.3843 147.0971 27.5211
109.8886 143.9636 154.4139 116.5808 0.0000 125.3615 109.7262 134.3651 241.7239 125.5608 14.5380 139.6720 29.2539 103.0884 63.0661 132.1042 58.6953 70.2521 143.7045 139.6671 88.9490 78.4250 22.4301 95.5926 42.9124 70.1149 156.4027 75.9002 115.4961 148.6495 194.8747 144.1929 108.7595 110.3299 43.9014 58.8896 90.4287 113.3872 137.4086 124.6160 99.3885 194.3683 77.7384 93.2102 24.0983 114.5534 100.6608 72.1658 134.5852 45.5273 52.9198 168.8560 65.9408 169.1854 196.7323 74.1531 60.9774 175.7955 35.9744 94.5507 106.5162 42.7712 63.4403 73.7933 180.2829 148.4260 160.9517 167.5378 153.4768 102.8604 105.4980 117.3488 142.3135 31.6328 174.6060 31.9188 28.6300 52.9837 103.5709 125.0657 86.8222 91.2727 144.4204 41.0597 49.5378 68.0157 151.6860 43.2677 159.6534 68.3132 21.9352 136.5882 168.6429 100.7146 33.9416 181.1601 47.0127 149.4989 175.0661 65.5801
53.1179 119.5918 124.9609 117.6754 125.3615 0.0000 143.0738 83.9080 116.0407 73.6541 21.5556 34.7799 108.6258 72.6174 87.3724 102.5595 105.4253 87.5207 158.9351 127.2440 29.5311 108.4821 164.9580 181.9246 193.3966 134.2174 81.3605 142.2699 39.2008 183.0978 82.0615 113.2889 163.9300 174.6165 151.9539 124.4505 221.0403 127.0948 83.4863 171.4566 160.3503 51.9219 120.8855 15.3194 102.3592 243.5046 196.8404 151.1771 12.8114 99.5528 150.4331 100.9538 150.0015 83.2524 147.4185 192.2958 83.1722 177.1407 122.1115 175.6437 95.5429 175.9099 108.6762 78.1057 150.3009 111.1033 161.8162 67.8205 230.6450 86.0750 166.1056 177.8901 144.4810 72.3458 51.2857 122.6199 114.1313 49.6976 227.2407 104.0061 78.8038 97.1789 94.2798 147.5923 157.3392 89.2364 183.2598 117.0250 80.9547 66.5486 64.6925 49.4473 3.4546 134.7847 46.3701 142.4507 99.1523 228.7231 126.7180 70.9119
65.9342 171.2170 229.1453 108.2608 109.7262 143.0738 0.0000 134.5682 155.4840 31.7048 113.4318 120.1181 29.5801 14.9188 150.9747 105.6551 58.1546 14.1305 79.1975 147.1757 72.9312 128.6993 52.9306 106.5263 87.4388 63.1330 142.8983 121.4357 117.4611 68.6642 151.3140 83.5991 110.6070 155.2297 138.6669 61.6114 124.6439 118.8295 79.7540 20.7545 136.7353 98.4103 167.6781 109.1788 261.7011 176.7113 112.5514 123.5825 108.6816 120.8547 45.8334 107.6593 150.0151 56.3233 189.7143 114.2523 176.4248 145.5872 203.3055 49.8013 121.7808 154.6279 115.2632 145.4602 44.7639 138.1546 23.4656 3.2607 133.3593 135.0701 55.5902 107.2602 57.2656 147.0074 33.6595 91.7446 51.0197 89.5148 122.3886 75.7222 154.2112 112.8671 45.3546 104.1984 178.9506 160.5773 101.8191 31.6842 242.8787 65.3391 131.1836 83.4722 169.6244 124.7869 71.9480 27.4560 204.4427 142.8327 15.4889 30.9297
84.4079 221.9174 59.8025 226.4194 134.3651 83.9080 134.5682 0.0000 85.4562 201.2735 202.3579 47.8110 86.7258 56.9193 5.1401 127.5632 57.2945 158.8578 44.2627 126.9903 43.9513 183.2119 42.4330 183.2243 13.0989 48.8874 116.3212 87.7387 103.4085 126.5778 80.8878 155.1750 129.8527 180.0953 163.0884 68.2678 66.3003 129.8712 56.2047 112.9933 13.5326 123.9944 83.1419 33.3667 125.1048 112.3716 57.2873 13.8381 34.4556 73.4690 149.9469 89.5452 118.9829 210.0450 71.2613 90.8838 171.1324 168.5702 181.5786 38.5777 31.4484 70.4138 144.1697 90.0933 148.2281 44.8444 110.2951 41.1639 129.8966 68.5738 69.7772 130.6103 97.7503 82.0385 79.7449 164.6268 72.5350 35.9519 101.8909 144.3011 191.8715 107.3614 140.1065 89.7688 262.7876 51.8333 14.0133 27.6956 161.2113 30.9072 12.6051 53.4036 36.4124 88.3450 207.5591 162.6797 61.9631 72.3271 220.4470 74.1236
46.1924 134.2851 103.3859 209.2257 241.7239 116.0407 155.4840 85.4562 0.0000 132.0450 65.5832 147.1002 101.7470 124.6634 77.4648 138.6011 155.8444 180.2523 81.8618 39.8906 170.1635 207.8018 114.8507 194.9921 130.4978 227.4778 106.7740 176.7955 145.3542 79.6526 62.6528 184.5071 94.1545 77.9332 123.8854 125.1726 84.6296 145.6316 90.5972 89.7215 139.6397 93.1193 116.6588 90.0948 47.2355 163.7009 8.2802 138.1220 19.0649 67.5708 190.3814 149.4069 51.3869 64.2914 102.0803 41.8425 44.5708 146.9766 53.7115 127.2400 168.2069 52.8388 129.6993 117.6089 88.3200 181.0537 97.8256 70.9330 61.7048 50.1445 216.3369 101.4395 133.4255 75.9050 147.3683 123.9183 256.4376 181.3425 63.0389 168.9002 176.3770 115.3050 175.0372 206.4239 231.4346 142.1834 78.5243 103.7184 193.1535 57.2184 156.0664 16.8151 97.0333 61.7921 87.5981 165.6274 138.7940 104.2990 159.2999 48.1525
58.5494 135.6048 133.2926 85.9611 125.5608 73.6541 31.7048 201.2735 132.0450 0.0000 46.9366 44.5100 119.2175 69.8321 98.9804 77.0137 91.4287 93.2732 36.3897 68.7604 156.1652 136.8728 127.7562 63.3988 71.0207 94.4695 178.0229 57.6060 115.5681 98.2985 101.9037 77.1042 221.9751 166.5398 91.7849 120.9409 216.0501 98.6401 110.8219 111.1969 48.1462 107.2224 45.2761 95.7586 101.5825 138.6409 115.2256 37.9610 44.2143 114.9727 85.6318 39.9355 104.0829 129.2310 73.2894 99.5617 171.8298 131.9158 173.2894 144.6118 77.7573 122.8925 120.7630 57.4526 143.3815 178.2443 233.0605 179.7281 30.0356 70.9899 66.9766 211.2056 165.0381 97.0040 177.4537 71.1306 64.8960 39.2990 25.2458 174.8222 134.3866 42.5502 51.5122 125.8135 177.9743 105.0631 96.2736 170.5255 104.3877 181.1006 105.3480 161.9375 157.8388 116.4275 38.1147 111.2256 75.1748 8.7777 123.8341 80.0067
169.7925 130.3839 103.5503 102.5881 14.5380 21.5556 113.4318 202.3579 65.5832 46.9366 0.0000 149.6301 242.9578 92.3130 106.9676 50.4276 106.3555 94.2956 78.7334 141.7326 179.7980 51.1383 87.2185 40.9301 114.6520 102.8792 142.5625 111.4648 73.8196 146.4597 99.3130 210.7829 126.4727 205.6210 118.4695 109.5101 41.1807 123.9003 196.9959 16.3129 55.1438 172.3600 110.5795 72.2901 84.1776 98.5911 83.4179 94.9008 148.9562 1.9803 194.6079 72.3457 163.0465 87.4335 113.0459 64.5895 128.5040 179.8855 81.4421 74.8517 169.7114 105.6007 170.0015 88.9973 115.1553 175.9904 193.0194 29.0906 164.3836 81.8268 154.9391 99.4702 165.3973 137.8640 62.9825 32.5640 77.4240 82.5250 148.8132 38.4483 101.5177 49.4254 123.6957 124.0623 113.4305 29.8545 107.3351 163.9547 148.4041 51.6100 50.9168 88.7993 126.1948 35.0750 76.3819 14.6124 163.3234 129.5691 185.5589 109.5942
29.0082 102.3750 93.8417 134.2993 139.6720 34.7799 120.1181 47.8110 147.1002 44.5100 149.6301 0.0000 30.5944 143.5315 70.4201 52.7057 148.0609 231.2001 98.2967 170.2763 97.8105 19.1765 151.3609 125.7381 121.4078 157.0229 157.1743 181.4952 57.5604 106.8351 36.7221 181.3871 74.6719 158.7321 67.4022 146.5658 72.2526 210.9464 64.7356 87.9573 84.5214 128.8928 153.8285 108.5143 35.1475 155.9507 107.6350 113.1351 184.7939 139.4545 143.2950 217.3002 25.8879 146.7572 108.6266 141.8595 200.6274 47.5583 70.1748 116.8629 152.7284 182.1009 223.1896 37.3387 79.1534 16.1207 98.0086 106.2167 108.7129 135.7160 66.6502 43.4186 101.2071 83.6384 135.5560 161.6615 128.0508 92.8396 87.3406 106.4198 126.1791 65.2412 70.2125 95.3872 111.1211 220.6675 174.3379 116.6289 44.6418 123.6279 137.1224 79.8703 204.9671 241.0586 38.4489 93.9590 26.4340 123.1396 105.8487 139.6594
14.7102 162.3038 117.7702 72.7732 29.2539 108.6258 29.5801 86.7258 101.7470 119.2175 242.9578 30.5944 0.0000 132.7247 77.0953 14.4955 6.5378 129.4579 129.2423 40.7749 64.5525 23.0310 115.5140 43.5849 125.5775 88.6962 71.5589 59.2978 133.3441 120.0223 16.3184 92.8093 96.4263 13.9285 137.3554 152.4101 176.6379 42.3806 91.0443 124.5826 59.6387 102.6862 43.0528 196.6319 2.6669 210.3980 112.7638 26.4639 120.8481 157.3463 192.4465 157.0227 165.6168 136.7135 69.7820 153.8926 65.2907 205.1475 80.3816 19.7310 72.1903 148.7476 128.1578 252.7516 158.6936 97.1495 175.8369 241.5208 52.1507 107.8814 191.0217 150.7212 131.1969 139.7427 159.5782 66.9968 157.7817 160.4924 92.2201 93.8070 148.7923 69.8357 9.4069 154.7232 11.7981 30.8164 208.4894 143.5181 157.5861 169.0943 81.6542 133.0779 46.4866 148.7532 186.0301 106.3827 46.3123 56.3623 112.2066 191.1311
98.7760 123.1236 91.0110 116.3152 103.0884 72.6174 14.9188 56.9193 124.6634 69.8321 92.3130 143.5315 132.7247 0.0000 142.9281 128.7221 191.2108 142.7121 78.4834 131.5720 107.7656 106.1450 78.2070 79.5948 28.8307 47.2352 79.2516 122.0590 103.7433 204.3866 15.4084 124.0497 111.6076 49.7264 64.3839 46.3790 161.7957 199.9723 69.8451 108.9804 165.3234 96.7926 158.5242 155.7456 87.2602 110.5120 118.8743 93.7539 176.2527 117.7657 206.4478 97.3109 150.6043 71.6469 45.6662 131.9330 50.3291 53.3266 100.8013 124.7528 146.4658 25.1296 109.3778 164.0359 175.6143 223.4010 82.3852 256.0566 72.0861 141.4272 115.0074 99.1190 37.4035 289.3372 123.2336 148.1536 91.9802 12.2970 66.5169 63.5041 13.9367 137.4881 52.7972 166.0941 188.2448 11.6255 123.3459 90.9452 139.7956 78.4524 127.4903 91.7113 39.6389 119.0267 200.5003 133.3346 40.3076 14.6860 145.7679 35.2776
28.4548 105.1021 161.3724 179.7358 63.0661 87.3724 150.9747 5.1401 77.4648 98.9804 106.9676 70.4201 77.0953 142.9281 0.0000 120.7953 130.8723 150.4390 95.1270 153.9982 36.9900 169.9166 64.8415 79.8182 42.4773 123.1090 119.9116 131.1460 123.5931 56.5184 82.1728 110.5931 74.7725 182.4591 235.4293 136.9933 133.5248 112.9579 12.9043 104.0784 103.7615 54.2959 117.8342 18.8051 205.2980 36.7599 125.5265 192.3385 172.0172 69.8927 95.6804 129.7856 7.0914 65.8979 1.4010 84.2471 10.2206 173.3509 110.0680 60.6302 89.5424 179.8669 187.6759 110.9025 113.9312 81.0502 165.2841 119.1277 92.2006 71.4970 100.9088 124.5563 104.4379 154.8653 102.3494 112.4204 191.0079 81.5140 33.6887 143.2901 112.6996 201.7212 15.0566 51.3072 129.6988 113.8878 91.7708 87.1418 96.6913 71.8964 119.6436 79.0881 116.3769 156.7128 91.4850 78.6262 74.2848 150.3760 55.4050 37.7947
74.4888 186.0483 157.6147 35.9453 132.1042 102.5595 105.6551 127.5632 138.6011 77.0137 50.4276 52.7057 14.4955 128.7221 120.7953 0.0000 143.1161 173.1228 93.0588 98.6590 132.4446 141.1567 84.7698 115.2300 34.3682 88.1327 66.3287 41.4385 133.0106 70.5921 78.5283 217.3804 82.7257 122.4278 106.9331 63.6476 106.8144 236.8718 121.0403 59.1577 104.1459 48.5068 106.9518 70.2512 214.3323 218.7720 170.5483 119.4792 129.3646 76.2699 112.6054 86.2795 111.3276 38.8264 93.1786 157.7541 98.6568 81.6016 138.5366 86.3683 38.7932 69.9137 62.0025 95.2071 121.3252 147.6124 64.3022 110.3787 159.6932 129.6553 93.4428 176.7283 109.9768 39.2713 156.6081 140.5186 144.5788 86.4214 109.9090 100.7179 16.7786 155.5636 97.2569 70.9613 146.6309 95.2353 129.5287 69.9613 104.7683 132.5843 61.2779 177.1069 38.2608 186.8248 137.4624 190.7147 122.3122 147.2894 148.6541 146.9714
109.1949 141.8015 71.5085 71.0868 58.6953 105.4253 58.1546 57.2945 155.8444 91.4287 106.3555 148.0609 6.5378 191.2108 130.8723 143.1161 0.0000 45.8910 185.3172 137.2101 100.6374 179.1032 45.8780 25.1805 122.6558 106.9110 84.4487 59.9150 122.4495 154.4543 21.0960 178.4998 199.0589 21.7801 112.5349 135.2026 183.4664 97.2463 83.0687 159.2701 191.2485 247.1190 149.1631 54.0106 89.1114 190.4220 38.8415 118.2494 52.8257 8.6217 109.9507 73.1875 48.8722 71.6887 126.0686 236.6648 65.5906 45.4962 144.7236 172.8691 81.7995 102.3688 185.0685 87.3583 86.6893 119.5448 152.4317 32.2287 217.5394 162.9750 53.3404 214.6451 35.1384 168.4682 46.4491 111.6979 98.1045 102.9209 85.0770 122.3813 161.4969 102.6821 19.4560 163.5779 128.2946 142.4766 81.4159 102.3661 155.5080 67.1094 170.9615 73.7304 231.7627 38.7267 92.7177 127.2064 107.7069 74.8161 110.8488 83.9707
77.6946 80.0889 22.8097 74.1890 70.2521 87.5207 14.1305 158.8578 180.2523 93.2732 94.2956 231.2001 129.4579 142.7121 150.4390 173.1228 45.8910 0.0000 6.9708 35.1479 64.5101 100.7369 169.6151 174.1627 48.5747 151.6299 90.9924 121.5275 53.3735 129.3274 133.6957 19.4409 127.6359 27.8199 34.9483 159.5900 222.3842 79.0961 156.6275 21.7450 49.0605 118.3722 122.7628 126.8861 58.5431 223.8396 59.2052 94.9459 109.6316 151.5827 104.8978 76.0167 144.8779 76.1830 106.1265 66.7914 128.5361 133.3573 22.2015 74.1447 181.9126 4.0049 24.7274 74.7896 72.7851 38.3192 65.2557 69.1210 22.1152 65.9398 129.6011 61.5614 8.3559 199.3129 72.0624 154.2520 151.1536 155.1808 144.8618 101.6654 145.7353 109.6030 107.1953 44.3870 124.7782 41.1548 126.8115 168.4525 93.4871 51.6623 134.2059 137.8495 65.4661 66.9478 106.9001 180.3654 107.1161 144.3894 95.1357 115.0489
73.4317 110.1160 120.1025 82.2910 143.7045 158.9351 79.1975 44.2627 81.8618 36.3897 78.7334 98.2967 129.2423 78.4834 95.1270 93.0588 185.3172 6.9708 0.0000 44.5669 110.8348 150.0297 175.3133 121.4644 115.5468 146.0662 79.1590 38.0431 123.8462 84.5885 162.1763 189.6953 107.0301 132.0972 115.9929 49.6084 48.2190 119.6126 136.8384 75.1934 93.0457 162.9780 165.2259 14.2521 66.3414 65.7062 120.1623 229.5866 52.8602 234.8996 121.1605 93.9526 92.6016 31.3838 140.8320 91.5949 236.4087 41.8078 1.0041 104.0799 32.6702 124.8600 42.8796 133.7506 102.1784 55.6350 189.4358 150.1096 47.8877 171.1618 20.1601 127.4027 38.4491 213.1942 232.4797 93.8338 101.9778 86.5154 146.4383 34.8365 96.6027 94.6102 60.8705 149.2416 137.7749 14.1834 190.1750 67.0645 66.9773 164.7710 48.8688 117.1630 113.0586 118.4829 35.8063 196.3312 8.6309 121.5261 155.8195 158.3385
66.4601 51.9946 213.8616 95.0593 139.6671 127.2440 147.1757 126.9903 39.8906 68.7604 141.7326 170.2763 40.7749 131.5720 153.9982 98.6590 137.2101 35.1479 44.5669 0.0000 51.4860 240.0447 58.3057 208.4724 216.9406 19.2687 165.7951 167.8354 114.2558 49.7706 106.0742 21.1549 128.0230 102.7787 74.2577 169.8146 178.2718 87.9340 179.9444 59.8345 171.0579 99.7961 75.1631 103.5716 208.4568 245.7492 34.1767 146.8584 4.0102 75.6972 221.9744 35.0289 112.1422 70.7305 155.9968 29.1719 189.8081 126.0877 95.8956 33.1140 36.5257 37.8572 111.2538 92.9294 83.3367 167.6062 177.5149 130.3581 111.2491 101.5528 149.2858 108.8623 78.4681 14.3963 89.7329 35.0462 90.8023 20.2301 169.6613 51.6317 85.4474 172.9824 126.3226 23.1480 81.9817 207.4212 96.0609 171.7853 184.5797 94.7243 87.2986 70.1985 127.7424 147.9115 13.0919 80.8951 87.0241 150.8279 139.1417 153.2185
116.4759 163.6354 105.4675 17.2888 88.9490 29.5311 72.9312 43.9513 170.1635 156.1652 179.7980 97.8105 64.5525 107.7656 36.9900 132.4446 100.6374 64.5101 110.8348 51.4860 0.0000 177.0990 178.1378 70.4445 187.8724 45.1748 148.3319 94.7353 108.3389 183.1718 113.1140 52.4540 10.8530 52.7318 143.0250 207.8901 151.6497 146.8438 123.9711 30.0506 90.5425 2.0394 41.6564 180.1655 102.9979 118.5316 58.0844 233.0935 109.0360 124.0704 100.8223 112.0534 105.1168 53.3692 111.3910 83.8143 78.3894 142.3431 75.3888 143.4363 45.8918 89.8774 139.1113 142.5518 63.9293 99.4837 137.2787 17.0436 126.2061 106.7871 177.5908 196.1422 127.1476 129.8941 61.0255 157.2442 124.2117 119.5303 8.7777 159.9775 186.4639 79.9471 84.2262 44.1566 71.3300 66.9299 113.5590 112.5719 28.1810 144.7816 93.8098 45.5886 132.2729 34.8637 186.1809 30.5311 187.5328 103.1590 62.2875 63.0251
150.9258 100.7825 40.6401 86.8706 78.4250 108.4821 128.6993 183.2119 207.8018 136.8728 51.1383 19.1765 23.0310 106.1450 169.9166 141.1567 179.1032 100.7369 150.0297 240.0447 177.0990 0.0000 96.6041 55.5511 18.0602 95.0914 96.3851 131.8168 90.2105 172.3431 106.1830 147.1411 142.2133 127.2372 31.6854 128.1041 129.9752 120.2640 136.6660 106.7820 40.6292 33.0647 26.1957 94.3814 193.8122 197.3024 23.5446 74.8513 17.9267 95.5129 70.3850 75.2236 36.3076 93.3996 65.4273 64.5571 147.0180 59.1704 205.8687 124.6055 198.7227 96.9635 155.6072 109.8529 84.4478 37.8260 81.9487 100.0282 47.7570 77.1264 76.7268 110.6141 66.8569 110.5821 175.0193 67.6896 55.3877 59.0916 127.7604 25.2298 72.6832 81.2221 117.3165 111.3964 96.4091 136.4941 91.1798 50.7690 152.9877 71.3238 79.2184 83.0632 89.0194 131.6467 65.3404 76.3205 92.0265 99.1583 67.3956 108.2899
45.6921 162.2405 122.1264 14.7514 22.4301 164.9580 52.9306 42.4330 114.8507 127.7562 87.2185 151.3609 115.5140 78.2070 64.8415 84.7698 45.8780 169.6151 175.3133 58.3057 178.1378 96.6041 0.0000 102.0961 49.5444 119.0734 77.5203 33.5456 234.1533 37.7408 97.3023 128.8197 58.4395 31.5485 69.9877 116.1708 80.9239 37.9994 83.3801 45.9517 34.1611 103.9007 103.7003 265.0905 37.8970 169.4962 73.8891 14.6215 63.2038 88.1579 114.2603 116.4982 112.4336 163.6745 104.2003 10.8035 76.0208 139.4113 102.8495 62.9161 108.5129 123.7916 91.9273 77.1973 12.4105 98.4932 92.0510 147.4162 88.6500 237.0872 114.2128 101.5241 57.3568 171.3323 177.1860 93.9803 187.4704 158.9412 132.8367 116.3524 42.9178 61.0899 105.1461 88.7411 70.5117 19.9847 86.4451 91.3035 141.7929 133.8977 115.3336 145.1329 73.6486 34.2710 211.3796 110.2975 97.8132 128.4633 131.8608 7.7895
70.1374 57.6140 248.0198 105.8840 95.5926 181.9246 106.5263 183.2243 194.9921 63.3988 40.9301 125.7381 43.5849 79.5948 79.8182 115.2300 25.1805 174.1627 121.4644 208.4724 70.4445 55.5511 102.0961 0.0000 60.5948 116.0863 151.9022 75.4805 109.2160 101.2907 32.3028 170.2833 21.1998 123.7856 22.7483 96.2781 20.3100 106.0180 176.6207 22.6933 86.1981 18.6706 63.6521 69.9359 189.6660 47.7359 208.8479 116.1717 147.6811 53.4661 145.0331 84.1234 91.2766 40.4076 219.7574 81.1519 169.8557 123.3797 11.4971 161.2744 40.1376 170.3183 76.8176 97.7036 102.2297 46.5197 96.9569 97.9136 227.0779 40.9938 164.9701 80.4962 63.0115 93.3883 116.3017 99.5768 118.3131 57.2552 51.3925 103.7086 126.9553 66.9387 127.9403 109.6824 143.0081 201.8464 193.8940 121.0491 86.7903 107.7021 143.4522 67.6588 163.4521 69.6796 140.1724 85.1986 54.9694 131.0699 157.5121 129.6245
66.3873 97.3616 110.6167 116.9802 42.9124 193.3966 87.4388 13.0989 130.4978 71.0207 114.6520 121.4078 125.5775 28.8307 42.4773 34.3682 122.6558 48.5747 115.5468 216.9406 187.8724 18.0602 49.5444 60.5948 0.0000 117.5559 211.9884 138.2507 89.8739 141.4955 91.3865 53.8858 190.7853 129.4284 134.0257 99.3783 111.0563 81.8311 190.5376 92.2412 84.6874 105.1363 124.8198 89.4861 191.6570 93.0082 111.5769 143.2856 20.1258 187.6511 86.7209 128.1374 129.5514 147.9880 70.0509 239.3979 177.5497 112.9353 55.9594 137.0584 34.8566 42.0605 117.2371 94.6911 61.8534 131.0494 132.6609 17.9469 85.6666 46.6375 173.9235 101.4246 34.2216 91.4653 68.4710 82.0792 141.7315 179.2826 54.2762 154.7390 22.8797 26.0992 126.9710 117.0623 55.0006 84.4726 92.3985 140.3976 87.1569 55.5955 134.6583 173.0552 51.0620 179.2094 80.4812 195.3007 179.9276 190.8681 123.8422 61.3191
108.7204 48.3800 65.0671 146.8248 70.1149 134.2174 63.1330 48.8874 227.4778 94.4695 102.8792 157.0229 88.6962 47.2352 123.1090 88.1327 106.9110 151.6299 146.0662 19.2687 45.1748 95.0914 119.0734 116.0863 117.5559 0.0000 105.4925 65.6123 86.1775 55.4811 154.5697 8.0937 139.1544 47.7094 71.7830 124.8485 108.9160 24.3168 113.2086 98.3945 61.7920 96.8985 54.6328 83.5494 185.6342 64.7800 87.5356 96.3798 118.0482 93.1803 119.6950 92.3586 175.1123 7.4960 149.6705 129.9821 82.4605 79.1193 146.4305 139.3035 72.4112 187.7904 83.6341 112.6494 111.2673 26.8889 45.8939 178.1238 111.8006 83.3521 80.9957 247.5415 148.4704 124.0304 19.8170 144.5020 29.3497 104.9940 201.0286 10.6254 16.3202 126.9387 120.7006 18.5248 32.0483 142.4461 79.1173 200.4667 135.9914 276.0660 146.8579 177.0375 122.4316 95.0882 41.1454 138.4923 196.2984 13.8764 74.3133 42.0751
12.2167 142.1665 204.7355 181.6967 156.4027 81.3605 142.8983 116.3212 106.7740 178.0229 142.5625 157.1743 71.5589 79.2516 119.9116 66.3287 84.4487 90.9924 79.1590 165.7951 148.3319 96.3851 77.5203 151.9022 211.9884 105.4925 0.0000 165.0053 196.3270 79.7037 120.3000 52.0330 171.5090 150.9722 66.5851 13.0172 88.5821 41.8115 6.9304 99.2009 108.0983 65.1811 59.8868 98.0063 129.8546 94.9638 85.1529 39.3320 31.6668 129.7140 91.2237 107.1729 115.0254 103.8936 100.5137 58.3931 137.7924 55.9140 92.1808 187.2304 93.4187 182.7945 121.7770 2.6640 125.5256 101.9488 212.0114 125.5871 34.3760 17.8569 64.9290 114.1700 184.3567 73.7114 187.8552 163.2557 62.5230 174.6319 120.8611 95.3024 119.6286 164.9086 98.5367 180.3451 95.4343 90.0689 146.3594 130.7088 8.3369 114.0023 125.1828 127.5563 105.1040 159.7936 122.7498 106.3165 123.2915 55.3729 224.2032 124.3607
16.8575 81.0004 138.0468 70.9048 75.9002 142.2699 121.4357 87.7387 176.7955 57.6060 111.4648 181.4952 59.2978 122.0590 131.1460 41.4385 59.9150 121.5275 38.0431 167.8354 94.7353 131.8168 33.5456 75.4805 138.2507 65.6123 165.0053 0.0000 150.7303 50.6139 182.8445 180.0740 92.1309 91.4626 106.8736 119.7626 88.8034 56.9182 120.9211 121.7296 121.9309 68.9229 83.9421 140.0678 119.8516 20.9064 196.1432 136.4802 74.3208 141.5665 97.0026 162.2102 61.4124 109.5979 72.6263 99.5197 88.4332 129.4664 56.0528 117.8293 34.2701 25.4924 20.2057 204.7002 144.9824 182.7015 38.7308 89.5680 60.7573 91.9004 2.8118 169.3635 65.1653 74.0618 238.5456 111.9594 129.0761 192.5509 107.3936 164.5916 103.3053 60.7907 132.6918 118.7833 59.1094 49.1222 151.8099 182.9085 129.7499 186.9675 26.2077 101.6281 71.5291 123.5513 113.6829 68.1888 102.3342 127.9220 186.8556 114.9845
73.6697 67.3102 13.1346 79.6562 115.4961 39.2008 117.4611 103.4085 145.3542 115.5681 73.8196 57.5604 133.3441 103.7433 123.5931 133.0106 122.4495 53.3735 123.8462 114.2558 108.3389 90.2105 234.1533 109.2160 89.8739 86.1775 196.3270 150.7303 0.0000 117.5418 30.9324 167.2803 80.9241 130.1070 102.8394 14.8934 37.0195 140.4893 127.8550 94.3480 178.7771 100.7464 13.6497 131.1506 140.9814 120.3043 81.7824 29.6145 88.2700 143.9265 115.7761 111.5410 84.5277 4.2455 0.5168 113.0465 6.6989 147.9510 198.8126 106.2512 174.0787 65.8192 95.6227 139.7013 103.4899 93.2584 88.0683 44.6322 101.2554 128.4219 95.0021 139.3534 74.4878 55.2215 133.9884 0.6821 124.5106 110.4740 133.5885 131.1630 144.9161 88.8390 110.5182 118.8168 133.5251 142.8889 107.1393 73.9019 133.6472 70.7745 95.4618 51.6104 205.4948 87.1116 140.8868 89.1479 36.4992 116.6455 164.1334 132.0014
101.0115 165.9829 34.2298 39.0173 148.6495 183.0978 68.6642 126.5778 79.6526 98.2985 146.4597 106.8351 120.0223 204.3866 56.5184 70.5921 154.4543 129.3274 84.5885 49.7706 183.1718 172.3431 37.7408 101.2907 141.4955 55.4811 79.7037 50.6139 117.5418 0.0000 154.2448 121.1975 16.9779 83.6964 122.8202 60.5079 133.3816 47.0594 96.1692 128.3226 155.1038 70.9473 45.4991 116.2303 37.0848 14.7214 130.4672 69.3133 116.2989 130.3667 72.8320 39.2947 99.2838 227.2592 141.8668 129.5493 116.1084 50.0021 127.1755 37.1457 91.4523 146.4054 53.9474 85.3228 116.6497 97.9830 107.8873 82.3295 113.7100 24.9576 156.5978 17.3523 211.7171 163.3927 79.3820 115.9122 110.5792 65.7298 136.0416 56.2402 120.1807 156.8968 12.1835 99.6727 145.0023 99.1779 84.0692 126.0349 102.6189 74.8528 50.0139 31.8561 112.4178 83.4570 131.2149 26.8602 100.3122 104.2424 16.5959 77.1720
104.7084 143.3663 120.3456 48.2790 194.8747 82.0615 151.3140 80.8878 62.6528 101.9037 99.3130 36.7221 16.3184 15.4084 82.1728 78.5283 21.0960 133.6957 162.1763 106.0742 113.1140 106.1830 97.3023 32.3028 91.3865 154.5697 120.3000 182.8445 30.9324 154.2448 0.0000 80.2234 71.1059 155.5735 32.0227 99.5302 93.1723 129.3849 167.8136 153.8807 78.2143 36.1300 61.3135 134.7940 75.6872 145.0986 59.4603 97.1920 50.1883 71.8756 116.1058 76.7125 113.3250 66.0052 82.6935 109.6832 131.4236 74.6997 116.4880 147.2059 26.0285 51.1853 292.6202 59.8472 76.5880 94.1256 130.2753 113.7881 87.9393 87.6511 99.0440 101.4741 85.5296 155.1214 71.7094 114.1451 120.3433 50.2852 53.9094 134.0341 18.6641 91.3532 187.8561 44.6802 35.0577 48.8274 131.1317 81.7149 90.3550 259.4754 99.0746 174.1929 83.9138 82.8546 85.1460 93.2065 86.9551 106.4225 60.1520 103.5461
78.6538 33.2156 105.0136 63.1758 144.1929 113.2889 83.5991 155.1750 184.5071 77.1042 210.7829 181.3871 92.8093 124.0497 110.5931 217.3804 178.4998 19.4409 189.6953 21.1549 52.4540 147.1411 128.8197 170.2833 53.8858 8.0937 52.0330 180.0740 167.2803 121.1975 80.2234 0.0000 60.3211 84.1070 232.5496 19.3915 41.0192 29.1338 187.8472 19.5328 125.9405 146.2326 66.3697 89.2064 102.3347 129.0852 150.7365 45.5701 169.6068 2.2843 40.2147 108.8088 82.7685 27.4933 92.8819 72.4235 72.0573 68.2590 160.6189 125.4052 126.4748 139.5763 140.1748 180.4940 68.0413 125.0888 159.2958 98.3058 133.0115 82.0201 194.1360 107.0092 93.5002 84.8150 92.0689 50.4771 157.6024 75.2670 106.1731 191.4109 192.2199 71.8609 189.9824 103.1097 179.8984 81.8605 49.0174 81.7732 18.6692 110.3595 142.3002 130.6134 80.7418 106.6346 119.5684 139.3593 11.0972 41.7697 123.5363 82.9220
127.4560 112.5897 118.3763 1.1821 108.7595 163.9300 110.6070 129.8527 94.1545 221.9751 126.4727 74.6719 96.4263 111.6076 74.7725 82.7257 199.0589 127.6359 107.0301 128.0230 10.8530 142.2133 58.4395 21.1998 190.7853 139.1544 171.5090 92.1309 80.9241 16.9779 71.1059 60.3211 0.0000 125.2024 117.8632 124.2082 96.1261 209.3774 58.4944 99.6739 103.6136 111.7055 45.7377 10.4921 111.1013 57.1606 43.7581 70.5021 265.7433 35.4659 20.4750 68.2317 194.2443 116.3215 84.8233 108.5479 95.6483 95.8486 165.0389 88.5561 152.5097 95.2149 131.0561 73.8283 118.5740 133.7922 128.6362 86.1234 108.5661 125.1089 72.5757 159.4882 147.4575 137.1235 50.9683 75.2366 213.5610 74.7941 7.6218 89.9273 69.1297 45.5784 164.7689 65.8571 141.0734 34.8558 64.8601 79.8251 117.7871 60.8874 101.5152 99.1109 161.1720 84.1345 98.5042 149.9669 89.4146 19.8285 128.7368 61.2226
67.6417 55.6200 96.0811 86.6242 110.3299 174.6165 155.2297 180.0953 77.9332 166.5398 205.6210 158.7321 13.9285 49.7264 182.4591 122.4278 21.7801 27.8199 132.0972 102.7787 52.7318 127.2372 31.5485 123.7856 129.4284 47.7094 150.9722 91.4626 130.1070 83.6964 155.5735 84.1070 125.2024 0.0000 132.4805 60.4709 182.1973 113.1627 101.2711 108.0994 34.6336 67.3907 116.8474 90.3584 141.8912 82.5259 174.5392 185.9282 81.4302 144.0131 24.0210 80.0118 114.8207 43.4505 100.4183 50.8903 118.4109 120.0408 91.6945 125.8450 26.6459 181.4995 8.9931 104.6966 187.6268 54.9906 77.8477 200.7631 25.6792 114.6815 172.3774 139.8799 149.5374 62.9032 85.9262 81.0147 124.9841 15.1428 56.2263 121.3087 66.6045 64.5969 49.8694 106.1007 115.4849 43.0107 80.1739 96.8091 106.4797 163.0442 129.2374 139.3551 37.5134 82.4077 218.9728 132.5371 23.3874 72.1347 154.2532 192.1686
64.0093 67.6096 148.2426 80.6196 43.9014 151.9539 138.6669 163.0884 123.8854 91.7849 118.4695 67.4022 137.3554 64.3839 235.4293 106.9331 112.5349 34.9483 115.9929 74.2577 143.0250 31.6854 69.9877 22.7483 134.0257 71.7830 66.5851 106.8736 102.8394 122.8202 32.0227 232.5496 117.8632 132.4805 0.0000 35.5265 40.8319 82.8530 135.7842 148.0340 37.8059 87.9095 62.4114 93.6873 92.0268 149.6375 169.5689 82.5335 77.8155 80.8107 210.2140 78.5854 95.6255 128.4944 114.5753 26.8253 92.2781 68.9361 85.1815 12.3926 65.7976 185.4931 66.1327 186.1842 4.2507 45.2138 120.7276 128.7986 188.1884 142.7130 47.8818 169.0272 62.3433 79.1912 168.8799 130.5263 72.6286 145.7106 143.4159 118.9069 106.2175 85.1968 95.9132 37.0442 95.7924 123.1097 140.5338 142.4907 139.7870 61.9508 8.5293 111.9499 155.3148 96.2640 45.2946 110.1518 45.9189 153.5002 161.1671 27.0379
50.8455 53.7062 166.0259 48.5287 58.8896 124.4505 61.6114 68.2678 125.1726 120.9409 109.5101 146.5658 152.4101 46.3790 136.9933 63.6476 135.2026 159.5900 49.6084 169.8146 207.8901 128.1041 116.1708 96.2781 99.3783 124.8485 13.0172 119.7626 14.8934 60.5079 99.5302 19.3915 124.2082 60.4709 35.5265 0.0000 112.9783 151.7470 127.0505 68.6879 126.1296 157.3085 173.4756 113.1400 22.6600 104.1193 132.2231 111.1083 16.9364 122.9126 133.7579 77.4035 303.4523 137.0916 45.2786 21.1790 32.2231 17.6588 98.2505 63.5410 199.0193 59.4674 47.2783 112.9263 110.7390 80.5919 194.9673 172.6358 61.6494 43.5121 261.3957 96.5393 120.6922 18.0872 22.8721 53.9055 148.2143 193.3088 114.2985 91.3520 107.8704 84.2944 220.1743 115.3911 158.8757 62.1934 160.7423 43.0219 170.6480 48.8996 98.6183 67.7983 65.5220 86.8111 95.0243 133.2845 148.6711 120.3470 70.3466 51.5427
94.6573 157.1083 84.9311 159.5773 90.4287 221.0403 124.6439 66.3003 84.6296 216.0501 41.1807 72.2526 176.6379 161.7957 133.5248 106.8144 183.4664 222.3842 48.2190 178.2718 151.6497 129.9752 80.9239 20.3100 111.0563 108.9160 88.5821 88.8034 37.0195 133.3816 93.1723 41.0192 96.1261 182.1973 40.8319 112.9783 0.0000 91.5246 142.5575 96.1928 75.6454 61.9900 80.3388 194.3417 35.4476 45.6766 117.1870 24.2472 62.2694 112.7607 61.2621 70.0245 87.6233 29.9169 142.2903 198.4989 90.4930 74.9832 46.1864 104.3150 55.4459 61.2446 79.9953 75.9182 221.5136 82.1160 91.1271 45.2030 50.6195 29.7728 61.3772 222.6704 157.6636 124.9855 6.5314 136.3183 130.9906 31.4234 157.9681 107.5114 63.9012 162.7582 139.5475 129.4861 106.5961 114.9901 117.5826 76.5178 64.5296 143.0270 56.8420 167.6716 124.1972 61.9830 92.4604 73.9817 84.0834 158.6950 91.0161 220.1263
86.0544 56.8584 72.7246 95.1322 113.3872 127.0948 118.8295 129.8712 145.6316 98.6401 123.9003 210.9464 42.3806 199.9723 112.9579 236.8718 97.2463 79.0961 119.6126 87.9340 146.8438 120.2640 37.9994 106.0180 81.8311 24.3168 41.8115 56.9182 140.4893 47.0594 129.3849 29.1338 209.3774 113.1627 82.8530 151.7470 91.5246 0.0000 117.9521 111.7074 87.4498 35.9638 112.8944 69.2791 37.5838 204.7415 84.3380 107.3654 167.3635 68.8273 24.6118 189.7971 124.5593 75.1058 49.5962 40.1842 104.4465 33.6547 92.0109 110.3107 7.2808 93.1086 116.6654 125.5045 100.2899 140.4462 124.6223 124.5805 11.8762 116.7522 92.6883 100.6048 131.6373 109.4903 171.9534 32.8477 42.3512 139.7263 65.8344 146.5707 162.2930 137.8013 83.8895 193.4743 137.1954 112.4814 83.2486 83.6440 187.1025 170.2243 240.0722 157.4073 182.9892 117.7165 124.5143 79.2995 74.1716 14.2761 117.5680 182.5658
27.6988 140.2668 197.2664 164.9555 137.4086 83.4863 79.7540 56.2047 90.5972 110.8219 196.9959 64.7356 91.0443 69.8451 12.9043 121.0403 83.0687 156.6275 136.8384 179.9444 123.9711 136.6660 83.3801 176.6207 190.5376 113.2086 6.9304 120.9211 127.8550 96.1692 167.8136 187.8472 58.4944 101.2711 135.7842 127.0505 142.5575 117.9521 0.0000 171.8710 98.0990 114.2001 131.4367 169.2615 273.2442 52.6408 176.0801 80.4603 37.7041 105.5952 53.9829 51.2657 87.2684 34.6727 87.9985 73.9319 122.3529 50.8085 235.8211 94.6566 163.6547 167.2901 116.3758 93.1712 79.7154 60.7015 41.9354 195.3957 133.3775 188.8020 153.2047 161.1861 2.2456 130.0862 59.8931 71.4288 143.0369 80.7782 69.9830 42.3850 83.1740 189.4144 230.7547 23.0303 138.2081 89.9417 147.4689 115.4144 76.6340 206.7744 114.3094 86.7862 53.8644 159.8665 143.9520 256.5944 63.7866 106.1041 120.0027 60.4125
91.3690 146.7309 81.9515 68.9557 124.6160 171.4566 20.7545 112.9933 89.7215 111.1969 16.3129 87.9573 124.5826 108.9804 104.0784 59.1577 159.2701 21.7450 75.1934 59.8345 30.0506 106.7820 45.9517 22.6933 92.2412 98.3945 99.2009 121.7296 94.3480 128.3226 153.8807 19.5328 99.6739 108.0994 148.0340 68.6879 96.1928 111.7074 171.8710 0.0000 85.8928 188.1843 162.1482 87.6511 49.3942 9.9073 13.3914 135.0720 153.8109 135.1477 141.7997 133.1769 107.2017 202.3317 111.8047 68.0269 200.0032 69.4643 271.4674 86.2199 79.9457 147.5040 108.2061 68.9694 51.4014 133.2060 63.0666 249.7174 154.8517 79.1665 111.0636 12.4136 118.4768 143.3418 92.4165 112.2787 137.3243 99.0859 50.0792 84.6954 53.3213 181.2752 46.1606 149.1493 51.3696 173.3458 80.5309 190.1748 78.2027 39.1874 20.8154 119.0242 70.9711 95.3843 66.9055 10.5550 162.2185 142.7241 106.5468 108.6206
151.0600 95.3541 151.8048 116.3992 99.3885 160.3503 136.7353 13.5326 139.6397 48.1462 55.1438 84.5214 59.6387 165.3234 103.7615 104.1459 191.2485 49.0605 93.0457 171.0579 90.5425 40.6292 34.1611 86.1981 84.6874 61.7920 108.0983 121.9309 178.7771 155.1038 78.2143 125.9405 103.6136 34.6336 37.8059 126.1296 75.6454 87.4498 98.0990 85.8928 0.0000 50.4244 57.7172 100.6304 204.4331 56.4283 171.7487 72.9229 127.3922 82.1935 31.3519 58.4114 45.3283 39.0962 152.4692 166.1825 12.4489 78.2332 62.3342 99.7432 95.2706 127.7756 107.8741 164.1133 107.4409 9.7744 96.6608 132.8343 145.1120 127.3981 47.8510 36.8654 68.8226 65.0036 241.6814 48.9577 155.2188 128.8611 111.4799 112.2975 68.5238 77.4612 143.8849 113.2741 175.8831 86.7623 42.0346 20.8817 215.9841 171.4569 72.1299 172.3025 54.7174 106.4686 103.1274 106.0919 180.7614 79.2942 200.6207 104.4598
120.1756 133.5541 78.6681 140.4688 194.3683 51.9219 98.4103 123.9944 93.1193 107.2224 172.3600 128.8928 102.6862 96.7926 54.2959 48.5068 247.1190 118.3722 162.9780 99.7961 2.0394 33.0647 103.9007 18.6706 105.1363 96.8985 65.1811 68.9229 100.7464 70.9473 36.1300 146.2326 111.7055 67.3907 87.9095 157.3085 61.9900 35.9638 114.2001 188.1843 50.4244 0.0000 163.2379 104.8506 121.3828 132.2916 40.6307 93.0507 154.0560 133.9329 4.5322 68.1830 60.1370 148.4897 94.7531 18.0688 38.0709 104.0008 46.3423 224.9256 36.4019 93.1165 187.7481 8.7254 146.2460 39.5957 135.8876 170.3557 138.0725 90.6837 92.5077 169.8333 94.1187 96.4787 45.1624 141.2379 27.5122 34.0824 29.1162 24.9965 70.9719 51.4652 118.7885 65.0139 125.6617 10.5118 76.5889 57.7167 129.9391 58.4297 47.3241 100.7861 123.3783 108.4163 12.0310 103.7886 137.4457 103.3705 25.4435 25.2786
187.5611 69.0048 51.4161 42.1634 77.7384 120.8855 167.6781 83.1419 116.6588 45.2761 110.5795 153.8285 43.0528 158.5242 117.8342 106.9518 149.1631 122.7628 165.2259 75.1631 41.6564 26.1957 103.7003 63.6521 124.8198 54.6328 59.8868 83.9421 13.6497 45.4991 61.3135 66.3697 45.7377 116.8474 62.4114 173.4756 80.3388 112.8944 131.4367 162.1482 57.7172 163.2379 0.0000 117.8532 89.8324 61.9978 112.4786 105.6427 72.1233 150.4532 114.2152 115.2205 74.3323 12.1483 146.6413 149.1641 58.7805 21.5974 21.1504 69.1477 74.6904 110.1453 143.2409 48.6829 113.8627 81.8106 63.7026 66.9657 44.8513 174.0966 20.1216 154.8923 63.4051 92.0662 55.2321 95.5019 103.1600 143.2737 72.0915 45.4187 185.5561 94.9501 23.7268 164.5888 95.0379 129.4786 138.3459 126.1139 100.7905 250.8828 124.0069 51.8547 176.6124 116.4566 122.8708 161.5171 115.2911 62.8662 180.6248 119.3706
132.8711 64.7835 147.0311 90.0149 93.2102 15.3194 109.1788 33.3667 90.0948 95.7586 72.2901 108.5143 196.6319 155.7456 18.8051 70.2512 54.0106 126.8861 14.2521 103.5716 180.1655 94.3814 265.0905 69.9359 89.4861 83.5494 98.0063 140.0678 131.1506 116.2303 134.7940 89.2064 10.4921 90.3584 93.6873 113.1400 194.3417 69.2791 169.2615 87.6511 100.6304 104.8506 117.8532 0.0000 152.4766 29.4750 98.5521 108.7485 82.1857 180.1724 111.7888 144.4157 8.5073 93.4605 74.5815 45.9206 94.4920 145.6260 100.5042 121.6384 64.9852 63.4716 149.5278 167.7991 75.4274 54.7385 122.4223 26.0396 318.4822 93.6566 131.1289 185.9689 80.8313 78.8534 59.4272 123.9782 182.3453 127.0012 139.1369 102.6183 70.1204 96.1881 57.1868 117.2120 99.8243 61.7696 153.5866 76.9190 21.1421 162.4452 222.6578 179.2565 148.2695 110.5750 107.0573 38.7961 58.9868 42.3777 108.5455 69.1271
96.7414 66.2007 105.5171 67.0993 24.0983 102.3592 261.7011 125.1048 47.2355 101.5825 84.1776 35.1475 2.6669 87.2602 205.2980 214.3323 89.1114 58.5431 66.3414 208.4568 102.9979 193.8122 37.8970 189.6660 191.6570 185.6342 129.8546 119.8516 140.9814 37.0848 75.6872 102.3347 111.1013 141.8912 92.0268 22.6600 35.4476 37.5838 273.2442 49.3942 204.4331 121.3828 89.8324 152.4766 0.0000 124.7348 146.1943 131.4493 76.3229 68.1209 147.7197 211.4498 136.4493 197.3330 82.7071 89.8666 55.6183 98.0738 101.0528 94.6501 192.2204 59.3654 79.7900 75.3716 80.3775 117.7467 31.9939 53.8002 76.5056 43.8163 86.7060 200.9942 95.9715 71.3508 196.2895 94.6856 25.2756 80.4896 54.1224 95.8581 181.4194 137.6389 112.0966 70.6988 70.1048 193.3173 77.5775 35.6370 96.0771 164.8381 168.7337 36.7986 163.5090 151.5168 120.6635 168.9204 58.1146 38.9946 21.2374 167.2525
101.7011 128.6147 52.2391 91.9334 114.5534 243.5046 176.7113 112.3716 163.7009 138.6409 98.5911 155.9507 210.3980 110.5120 36.7599 218.7720 190.4220 223.8396 65.7062 245.7492 118.5316 197.3024 169.4962 47.7359 93.0082 64.7800 94.9638 20.9064 120.3043 14.7214 145.0986 129.0852 57.1606 82.5259 149.6375 104.1193 45.6766 204.7415 52.6408 9.9073 56.4283 132.2916 61.9978 29.4750 124.7348 0.0000 43.8719 29.1622 62.7330 113.9104 12.3186 126.0028 19.6498 133.2628 96.8700 53.6252 50.9744 35.0731 114.2958 151.1740 226.5928 100.6122 105.1533 177.4079 129.1225 94.7551 127.9089 119.2236 110.8573 99.4335 113.3152 242.8879 106.2893 166.9427 137.0138 62.8072 98.6135 152.3719 57.3869 210.4435 60.4912 4.3008 133.3305 98.4829 216.7050 68.4613 156.4475 24.5117 125.3782 78.9192 131.1847 170.1942 140.3864 122.7194 124.2320 141.4379 2.9801 81.5868 128.7039 86.8494
99.5493 110.6187 130.4293 45.4346 100.6608 196.8404 112.5514 57.2873 8.2802 115.2256 83.4179 107.6350 112.7638 118.8743 125.5265 170.5483 38.8415 59.2052 120.1623 34.1767 58.0844 23.5446 73.8891 208.8479 111.5769 87.5356 85.1529 196.1432 81.7824 130.4672 59.4603 150.7365 43.7581 174.5392 169.5689 132.2231 117.1870 84.3380 176.0801 13.3914 171.7487 40.6307 112.4786 98.5521 146.1943 43.8719 0.0000 6.7539 172.4105 28.5566 139.8788 155.8492 141.3447 38.8029 69.9690 65.7552 112.8486 56.6442 110.2293 126.8703 161.6347 179.0621 224.7518 136.5167 36.4774 141.6753 49.2163 161.5048 115.1367 153.9063 134.3103 199.1188 125.6621 150.1445 50.6659 173.3764 165.1938 119.3427 127.6178 142.3332 130.5488 205.9392 201.3870 86.2025 55.3362 160.3346 170.6020 101.0793 58.7072 86.8293 74.9184 85.9167 54.9260 150.3464 58.9832 113.8995 72.4146 172.8713 146.0054 132.8173
