100
0.0000 139.6593 147.4083 88.7858 69.4263 123.0628 65.6976 158.9385 181.6731 190.2160 101.3917 16.5565 205.1165 230.2934 92.0501 19.9906 17.5381 125.8746 13.2714 149.6735 87.5576 132.3343 146.2195 118.1528 22.5472 116.9048 172.8328 90.8966 62.3288 116.0603 22.5491 96.1722 84.0098 106.6998 11.8555 203.2645 67.2989 1.0075 16.7340 225.7825 108.5318 120.5710 169.9456 112.1851 215.1352 111.8360 157.2018 105.7876 126.0065 93.8508 95.9446 35.4180 161.1850 22.3158 101.3994 73.5234 63.8973 194.9898 22.8442 100.5560 152.0910 128.6792 42.0004 247.0298 49.8973 79.9951 18.6639 109.0612 190.6302 81.6185 86.1620 227.3024 90.6852 0.9880 217.4933 256.2733 10.6147 97.0392 45.9513 168.3932 150.4012 81.6221 216.7151 57.5880 100.6415 39.1481 20.2690 201.7993 130.1757 230.0346 115.6602 150.6761 107.1747 73.1540 190.8566 153.7940 64.6868 178.2407 85.8196 109.0161
139.6593 0.0000 105.0208 28.8441 181.3575 189.9289 10.9017 135.0247 101.1306 160.3044 156.3285 176.5860 94.5704 146.5749 92.9681 77.2107 51.3444 94.1945 164.2619 139.0593 138.4823 65.5507 80.5090 155.1088 133.7704 68.8855 38.0766 114.9701 169.3139 121.7631 169.2694 97.7138 77.6503 154.1610 82.5059 62.6936 88.4240 174.9677 76.8563 130.7429 70.2089 186.1228 172.3299 80.2279 144.7397 125.4183 139.2917 180.9325 96.2851 92.7106 53.9801 165.5291 108.3154 63.6411 43.4068 174.6876 89.0580 7.1772 51.3283 86.6400 40.4590 190.1308 127.4793 146.9916 137.7014 90.8130 141.6344 89.4830 137.1720 177.6424 59.8009 117.0137 155.6143 94.3402 124.4265 53.4268 69.3642 97.4134 191.0513 146.1981 12.7874 117.1849 191.6077 85.3971 126.6433 103.9438 174.1276 67.0009 55.6725 60.9096 18.4783 262.5394 120.6210 42.7660 119.5820 109.4469 136.6835 115.4740 166.5617 89.0155
147.4083 105.0208 0.0000 89.0776 75.6538 36.3742 58.2793 169.2919 30.3163 115.7844 215.9669 142.9990 119.3669 4.0742 108.8851 170.8926 140.6702 78.4932 156.5921 64.0846 54.8813 206.3648 58.6784 186.7494 19.0792 134.6460 115.2349 199.4859 71.4997 153.6889 123.1232 53.3164 42.3803 47.7060 157.3413 134.8190 76.2162 221.7601 92.2651 96.5799 268.9825 146.9473 76.1128 97.2267 123.0043 106.1196 120.6131 88.7574 154.3897 139.1325 61.9117 36.8318 66.0016 81.2490 132.6132 145.4363 112.7315 203.4019 148.3283 186.4231 52.8522 37.8566 29.4385 26.1952 181.0856 25.5863 233.6398 125.8440 82.0267 263.2606 80.0242 99.6376 213.3266 110.1759 38.5917 175.6421 9.5831 39.3960 138.2095 83.0850 35.4756 130.8636 179.4905 170.6686 133.4495 82.4682 62.0950 12.3357 95.7814 134.9139 69.9817 184.9472 44.1085 67.1018 49.7171 16.1146 146.0003 66.2532 109.9206 100.5986
88.7858 28.8441 89.0776 0.0000 76.6936 152.7427 248.5224 24.9292 47.4607 84.9265 75.9874 218.1537 162.2563 125.7578 68.8757 137.6777 22.0500 204.8197 116.4888 179.2710 50.3048 92.6749 74.3919 169.7972 51.2254 141.7265 44.4318 97.4030 124.4799 56.0974 77.9253 58.3507 90.4888 95.3200 110.8066 139.1292 94.6028 39.5343 175.4045 85.4167 193.3035 92.3752 226.5929 34.6051 32.1024 16.9782 73.9483 141.2840 36.9624 171.7684 126.8646 120.3195 47.6192 95.5965 32.5410 200.6531 151.1597 136.7011 113.3698 90.1266 107.7495 113.4718 130.5037 107.7008 175.2144 94.2539 65.2891 68.5299 37.5293 90.7734 110.1195 81.7539 3.5870 87.0697 163.2676 90.5120 117.5891 129.0834 77.1566 17.8473 183.6745 186.1822 101.4094 66.9335 49.6610 132.2549 109.0288 138.7493 3.5065 223.5798 152.9921 89.8212 170.2752 72.0175 139.5424 103.4883 194.4339 117.7322 50.0872 155.0894
69.4263 181.3575 75.6538 76.6936 0.0000 68.7015 145.6722 162.0259 219.9279 174.5357 164.4037 103.2307 73.3962 159.5121 133.5208 166.9252 19.4268 26.5224 130.5346 26.7784 57.5584 76.6232 193.4238 60.1768 89.2947 97.3623 57.1234 114.3676 141.0649 12.9264 79.0123 151.3643 20.7623 53.8828 163.6468 143.2832 28.4257 72.2464 74.3936 112.5321 29.1700 54.4533 72.0448 306.9329 184.9572 76.2788 33.5494 88.5770 63.4918 183.7445 104.0343 14.6029 73.3606 178.0997 112.3952 194.2875 77.4125 107.8513 100.6189 56.5353 76.9748 49.0388 124.3152 74.5262 164.1753 221.0276 129.0788 150.2543 43.2712 106.4512 81.1790 62.6099 204.5045 188.3792 199.8696 186.1180 53.4156 88.8694 56.2978 69.6372 129.5571 77.1959 82.1514 100.3342 21.7534 48.2634 120.6743 37.2543 213.4781 63.9655 130.8629 91.9848 151.9931 154.6197 71.5947 156.4271 73.4079 55.0486 131.8012 47.8402
123.0628 189.9289 36.3742 152.7427 68.7015 0.0000 122.3361 175.2340 144.9793 179.3817 70.7488 214.9171 22.3149 1.3784 106.0840 55.6023 150.9253 106.2211 135.5264 63.1785 120.9720 96.2639 94.8602 50.0613 156.1068 114.8113 55.3273 79.7876 122.0674 158.3950 50.0771 86.1580 101.6258 114.7804 121.4210 82.7402 172.8446 259.6537 85.4383 94.7943 203.0201 155.9192 176.3405 121.4188 58.4562 129.7545 221.0118 165.1876 137.4464 174.8802 152.4467 100.1331 14.5986 163.3624 75.8796 71.8876 26.8515 80.7179 51.7014 166.8368 41.4249 102.1643 40.6131 28.3222 107.2614 104.5975 69.9008 123.8737 143.7303 115.3611 56.9001 71.2713 48.7899 26.4295 185.3165 64.0033 102.5172 26.3908 36.9323 126.0818 24.4763 123.3014 42.5229 20.5192 70.9306 102.3570 95.8274 210.5861 143.7310 77.2102 295.9815 91.0346 19.8206 98.0029 124.5797 129.5088 174.3684 97.8456 148.7685 148.7543
65.6976 10.9017 58.2793 248.5224 145.6722 122.3361 0.0000 146.1247 144.6134 69.5037 115.6690 187.9453 34.9718 77.1561 139.0042 84.3736 191.0401 94.8997 87.2945 29.5605 185.3001 99.9955 139.1199 151.2716 75.7840 68.3022 58.6096 156.7055 198.6358 59.9839 83.5043 206.2357 102.5784 96.2023 112.5733 15.2292 110.3693 184.5214 168.9417 150.1024 102.4967 200.5140 23.2779 66.2384 122.2980 97.7243 127.3225 115.6860 24.6140 235.1907 142.5927 27.3359 116.7249 72.7550 199.0880 196.5270 150.0710 111.2516 86.9761 134.0786 133.5524 84.9770 205.4619 156.0694 63.2239 34.8277 204.9204 147.8534 113.6026 27.9434 157.6824 153.2918 70.7805 177.9774 58.5453 78.1026 132.1295 155.8309 57.3225 50.8205 109.6427 6.9684 17.5422 78.2201 113.5162 76.4776 172.9375 103.1920 71.1188 167.1963 21.9713 134.6253 87.0913 123.5444 79.7887 108.3065 61.7891 99.9353 134.8011 20.0810
158.9385 135.0247 169.2919 24.9292 162.0259 175.2340 146.1247 0.0000 100.7159 124.1823 130.2667 24.7701 217.1957 118.4815 80.1688 82.8885 144.5033 49.8638 136.5079 17.5753 165.9770 109.7083 63.9717 122.0853 151.6475 106.3856 59.1132 86.1228 37.4599 94.6645 90.4174 129.9423 191.1550 191.1210 88.6212 84.5566 130.3879 105.1667 80.0869 92.1738 159.4252 147.8753 167.2997 180.0658 79.5359 178.6989 79.6862 117.6700 160.2775 55.4792 13.4900 11.7100 81.1536 164.2316 150.4482 69.6371 220.9744 90.1590 155.5453 89.4108 200.5615 125.1012 162.1475 91.8245 18.4542 61.3815 85.4552 112.6907 41.0212 106.9902 157.7748 171.8757 122.3711 102.5875 66.3694 213.6270 108.6709 108.3422 108.9527 38.3216 140.2224 123.2889 148.4288 180.5829 194.4482 145.4858 110.4409 130.8728 160.6517 68.0818 115.2598 205.3253 94.1518 125.6943 163.6657 37.3021 148.3216 212.7320 201.6573 172.0899
181.6731 101.1306 30.3163 47.4607 219.9279 144.9793 144.6134 100.7159 0.0000 38.4973 80.0429 134.5779 65.5515 103.2156 170.1781 112.1588 117.8070 252.5621 75.5432 70.3353 178.0266 118.2996 257.5611 67.5543 69.5774 92.8212 114.3582 125.5934 16.6766 110.8144 113.0883 125.8283 94.0110 99.2249 50.5881 169.4372 117.6954 145.5243 199.8361 70.6652 147.0962 181.4041 181.1018 129.5095 81.1963 107.9966 112.0056 81.7252 63.0857 71.9258 90.4532 197.7372 109.2817 65.0246 66.8731 49.4222 52.4844 44.3339 155.5013 65.9949 172.6611 152.8325 110.7363 131.7745 154.6909 57.1478 234.3107 169.9838 112.4115 148.8226 118.3795 75.4816 159.5940 73.3690 181.2918 74.6129 79.7825 42.4445 64.6256 87.1257 192.0758 62.5595 114.9703 61.3664 115.9962 158.0894 93.4616 107.3133 30.4377 109.2115 86.8702 106.8833 46.0956 94.1640 62.8424 71.0547 60.5823 51.2404 154.3617 134.8370
190.2160 160.3044 115.7844 84.9265 174.5357 179.3817 69.5037 124.1823 38.4973 0.0000 50.2398 76.0301 165.2886 69.4679 8.3611 155.4165 101.9379 31.4419 114.5324 130.5042 28.4985 147.8977 159.5053 102.3241 105.8769 48.9017 48.9693 159.6441 66.2470 53.0083 53.0480 94.9261 58.2735 96.5149 38.0720 176.8816 24.4255 207.6005 91.8194 54.0554 40.6478 166.6894 149.0231 123.5823 79.1379 144.2358 218.0074 81.4765 212.4656 53.4649 69.4302 47.0120 27.0695 143.3569 200.7060 181.2287 152.9532 148.8173 107.8064 95.1077 32.8887 10.3039 138.4851 183.3093 173.6120 150.1495 64.5641 83.1970 132.1374 209.9092 66.1699 103.8536 164.6013 116.9880 27.8692 104.5015 89.5959 34.7979 28.6350 182.1981 109.5527 135.4060 12.8458 23.8823 103.8868 84.9720 194.9064 33.8077 94.8970 152.9372 81.2480 82.5058 178.1943 125.7451 99.0032 59.6759 208.8051 133.3264 186.2428 152.0295
101.3917 156.3285 215.9669 75.9874 164.4037 70.7488 115.6690 130.2667 80.0429 50.2398 0.0000 16.2766 157.3920 74.3365 81.3879 204.4097 74.5194 135.6792 79.7286 46.2799 107.1469 127.8028 141.6089 46.4212 170.4250 112.0296 22.9898 185.9199 136.0377 125.5528 65.9792 130.2370 36.8933 135.2195 31.0649 177.0172 138.1699 184.7421 175.4011 57.5530 154.8764 120.7361 101.5955 46.9615 175.6398 160.1760 84.4675 62.2375 68.2815 183.1627 130.3026 65.9153 127.4264 136.4258 97.9785 154.3981 144.0257 61.9052 132.9611 155.7528 118.9698 88.7916 65.8514 244.0514 129.4251 69.1589 176.3108 92.4003 77.2412 74.8111 6.6707 115.1424 100.2649 208.0094 147.4242 165.0915 87.9145 95.7265 65.4822 74.2984 169.7584 121.7297 117.6643 111.0464 108.4324 71.6190 145.3896 27.8254 30.1419 17.0388 87.6348 83.0158 145.4417 196.3414 23.8490 98.3751 210.3995 208.6022 135.2287 118.6527
16.5565 176.5860 142.9990 218.1537 103.2307 214.9171 187.9453 24.7701 134.5779 76.0301 16.2766 0.0000 95.8075 73.9139 31.4336 198.4916 143.2873 135.9273 19.2137 20.9541 116.2624 152.6358 57.4043 75.5144 19.6464 91.7086 134.1734 140.5655 94.8809 62.5919 33.7999 159.3220 19.7964 54.3986 31.9410 97.0234 211.3575 149.9608 215.0542 226.1056 94.8103 181.2163 199.7076 195.1225 169.2090 97.1460 167.0201 74.0064 84.5131 86.0149 26.1824 21.4862 61.5264 174.7091 106.7581 144.3844 69.8635 92.2649 126.2986 157.4865 44.5800 181.0854 122.4352 131.7286 70.3701 142.8668 93.3051 94.4185 121.2311 126.8848 70.2360 89.1483 84.8327 92.2351 83.1529 55.0148 117.2834 61.0524 59.5680 121.4503 99.1195 146.9334 93.6021 75.5650 121.0615 111.6266 210.1094 168.8994 129.9023 227.7259 59.9826 166.2046 27.8449 154.0976 140.0876 65.0308 97.0943 41.0804 80.9658 135.1278
205.1165 94.5704 119.3669 162.2563 73.3962 22.3149 34.9718 217.1957 65.5515 165.2886 157.3920 95.8075 0.0000 30.4568 58.3414 112.3314 62.2312 160.0806 65.0221 91.8738 157.4090 78.5174 87.3511 44.9006 142.4813 39.5787 153.3918 146.3297 126.6185 119.1310 148.9401 196.0093 64.4109 128.0255 75.5109 123.2287 134.3545 92.1315 86.1871 4.9141 126.4592 185.4452 124.2275 85.9150 81.6406 103.1856 102.0298 118.9370 61.4168 67.1947 91.7966 169.3212 45.1717 14.6765 108.7113 238.0596 81.9014 66.1127 64.7986 44.7477 214.1948 41.2520 117.9806 164.8748 110.9790 151.0403 14.6454 218.0418 105.4544 218.7492 113.8730 42.4482 122.5131 77.0332 139.5248 77.9692 50.9324 36.6352 231.6900 80.9116 71.1075 146.9997 9.2076 151.9347 73.9632 160.6939 105.2190 138.9434 107.4887 149.0413 226.0037 64.1121 106.8862 163.3924 165.7787 118.0148 81.0864 82.3412 177.9313 135.6790
230.2934 146.5749 4.0742 125.7578 159.5121 1.3784 77.1561 118.4815 103.2156 69.4679 74.3365 73.9139 30.4568 0.0000 74.0642 115.3289 105.0813 130.2786 182.3207 170.9322 98.1267 134.0263 64.2486 113.4221 79.9357 77.2740 112.2599 107.3930 175.0373 19.6747 122.7500 153.0872 154.3571 79.3031 136.2979 159.5783 99.7215 155.2863 37.6972 166.5803 72.9662 71.0085 114.0069 215.7760 147.1242 4.0386 175.0267 20.7730 90.5007 36.3635 107.0039 69.8896 69.1372 39.7333 147.9436 3.1209 27.8185 19.0313 118.4752 79.2221 96.8280 211.8460 71.5714 235.1570 0.0748 111.1538 152.1494 144.8258 90.8700 122.1354 173.6698 90.9392 22.7690 39.1673 133.5909 133.9518 143.2276 0.6914 84.2996 155.6093 157.9868 180.9983 135.6187 135.9418 137.4663 306.6592 112.2309 34.0615 129.8731 106.4771 85.1980 72.7357 178.6642 125.0978 66.1912 123.5416 157.6558 64.8941 66.2619 35.4333
92.0501 92.9681 108.8851 68.8757 133.5208 106.0840 139.0042 80.1688 170.1781 8.3611 81.3879 31.4336 58.3414 74.0642 0.0000 73.2173 131.7804 158.9706 87.8217 72.6369 94.3986 123.5738 192.5936 137.3432 49.5141 79.3607 169.7704 56.6769 150.5654 110.6554 59.8354 51.1304 118.2517 74.8377 190.5019 103.2395 135.5613 92.4264 111.5211 182.2144 149.3156 116.3395 184.0306 22.5168 52.7415 98.6608 176.7652 70.0575 171.3163 201.5571 126.2123 184.1938 159.6634 102.7797 56.4736 115.0957 110.1049 149.1277 102.5648 107.2279 66.8795 79.8031 30.5201 91.4276 58.3744 196.5466 135.2021 167.5144 138.9503 108.4630 105.2407 32.9816 117.1560 63.6566 4.2089 152.9023 132.8330 126.1878 87.3465 99.0795 162.2985 89.4721 114.0174 159.3408 132.9163 107.4872 104.9143 85.9059 168.3697 42.3268 122.7030 223.1359 203.2289 115.0617 79.7873 144.1439 86.4636 106.9831 28.2652 89.2375
19.9906 77.2107 170.8926 137.6777 166.9252 55.6023 84.3736 82.8885 112.1588 155.4165 204.4097 198.4916 112.3314 115.3289 73.2173 0.0000 133.5102 62.3890 96.6766 193.0604 193.1192 140.9478 172.1035 32.8754 121.5489 106.0935 163.0948 256.0807 81.9587 163.5239 167.0981 104.8072 80.3055 13.4391 96.7133 78.4272 120.2085 9.2392 177.8293 181.2852 39.8558 128.3548 52.6226 66.7987 111.7831 177.0851 209.2861 44.1038 6.9554 149.8037 18.5941 116.5238 75.6220 131.4580 75.7931 173.2199 116.2573 74.0971 249.9118 206.5187 50.7623 67.2551 134.8627 92.5270 182.0127 201.9193 195.4076 65.6174 140.7671 84.5126 120.4757 38.2496 117.8411 140.5501 105.5692 230.0776 113.4964 14.1519 61.9124 131.9729 90.2111 36.7616 95.7824 8.9788 120.1168 109.6844 63.5066 134.6084 107.4185 83.4730 62.7723 124.3149 106.4708 102.9845 148.0537 129.2852 119.7292 176.2056 120.8925 87.7066
17.5381 51.3444 140.6702 22.0500 19.4268 150.9253 191.0401 144.5033 117.8070 101.9379 74.5194 143.2873 62.2312 105.0813 131.7804 133.5102 0.0000 122.8387 43.1966 87.0573 166.1361 131.9785 101.1252 27.6472 111.4948 109.9628 73.3391 96.0083 131.4918 144.8495 212.3030 178.2175 7.5204 175.3901 118.2717 106.7067 149.4662 110.4140 128.0200 85.6063 45.2672 126.5030 84.8011 112.5374 58.6854 55.1265 127.7750 113.6273 150.1010 166.3796 95.5679 111.6427 41.4870 106.2831 103.8175 133.0837 84.3577 121.2079 5.6292 96.8626 124.6100 106.4110 102.3979 123.3821 58.0076 102.9924 126.5194 175.0114 46.6851 74.5364 187.8576 79.9589 115.9950 178.8694 12.9406 53.4014 79.0070 140.4193 31.2813 73.1724 174.1876 30.9142 97.0693 84.4100 120.4038 106.2995 63.2417 84.2596 95.7606 101.6272 17.1349 100.6326 75.4606 153.5701 148.5722 86.9711 99.8956 161.1462 70.4094 28.3560
125.8746 94.1945 78.4932 204.8197 26.5224 106.2211 94.8997 49.8638 252.5621 31.4419 135.6792 135.9273 160.0806 130.2786 158.9706 62.3890 122.8387 0.0000 81.3148 168.9362 127.4033 169.7183 75.3357 162.7395 183.6331 117.7860 113.4333 105.3764 99.7476 108.3745 114.3573 238.4219 50.4216 83.8816 7.9056 126.6170 147.0642 69.1173 85.6505 140.5956 34.5329 72.8918 42.3655 124.2804 70.4872 93.5316 69.7427 74.6370 60.4770 110.2354 187.0313 14.7628 215.5834 72.4264 53.1427 165.7820 39.5539 101.2821 97.0660 168.1689 129.9022 160.4157 66.3626 87.3953 62.9717 117.4038 111.2270 92.5648 156.1851 80.1970 138.9631 99.9294 74.3729 139.2778 94.3061 73.6838 65.4766 8.9356 129.2223 58.2775 0.2648 112.0307 46.9494 171.5446 133.4235 54.9211 18.7736 86.5236 21.7348 84.2394 236.4550 184.8620 148.8887 57.5810 63.4409 68.3694 105.2978 58.3446 118.3912 152.5935
13.2714 164.2619 156.5921 116.4888 130.5346 135.5264 87.2945 136.5079 75.5432 114.5324 79.7286 19.2137 65.0221 182.3207 87.8217 96.6766 43.1966 81.3148 0.0000 93.9972 49.4839 130.4540 91.9393 132.3369 175.3037 102.1782 112.8876 52.9468 48.5665 108.2189 120.6037 54.1558 150.3985 90.3104 145.6851 84.7772 120.1302 70.3095 13.8609 172.9571 66.5577 57.2249 150.3451 21.6883 24.4679 134.7714 109.3091 109.1505 124.2539 156.9342 86.4715 187.7821 40.9492 100.0035 271.7238 141.1353 111.7472 81.2043 25.3935 145.9872 172.8059 96.6649 33.5187 131.0007 127.3259 91.9738 30.3512 141.6371 122.2259 114.2858 211.5652 47.2430 38.4947 51.3659 137.3409 173.0424 113.5108 75.3424 190.5440 18.9494 116.7293 102.1009 41.6622 99.3196 129.0647 181.6291 81.7770 91.5261 145.5647 201.9184 40.4414 92.8808 19.5602 105.9226 120.9970 119.0945 146.0634 39.7897 23.5992 24.1878
149.6735 139.0593 64.0846 179.2710 26.7784 63.1785 29.5605 17.5753 70.3353 130.5042 46.2799 20.9541 91.8738 170.9322 72.6369 193.0604 87.0573 168.9362 93.9972 0.0000 142.2667 55.9822 210.6813 120.1856 56.7263 193.8565 149.4871 89.5205 112.4262 131.8287 62.9399 134.0446 79.4509 147.9456 149.0725 136.3355 136.5302 282.2983 68.8804 71.9904 161.6367 103.8250 59.9915 226.8594 173.5684 122.4353 63.9870 117.3549 178.1895 149.4276 116.9110 122.8426 163.6872 176.7195 92.6014 160.4876 156.0692 62.5439 77.8901 50.4047 65.9091 40.5941 115.4348 135.7165 103.6779 77.2267 78.9558 115.3133 134.7934 81.0447 156.9051 187.9471 197.9689 113.0118 20.7786 171.4356 164.0317 138.2624 62.2910 81.8724 179.9623 121.8569 220.1391 14.0548 69.7634 149.3456 36.4558 41.6196 131.3364 111.0539 133.3434 173.3979 187.2028 138.7794 144.9334 80.6581 164.2151 74.3732 171.3125 96.1099
87.5576 138.4823 54.8813 50.3048 57.5584 120.9720 185.3001 165.9770 178.0266 28.4985 107.1469 116.2624 157.4090 98.1267 94.3986 193.1192 166.1361 127.4033 49.4839 142.2667 0.0000 144.9435 150.2902 22.3857 61.0102 58.7501 122.2142 117.1363 72.1077 32.2565 165.7451 106.7560 162.4417 164.0940 220.7286 115.6052 162.6220 153.0473 216.4355 41.9478 61.1426 72.1328 76.6887 16.2272 213.7715 80.0253 76.6847 72.3801 106.2956 62.1881 33.5271 39.2647 89.6577 177.4609 112.4531 228.8962 93.4538 73.5548 191.8798 70.2823 51.2491 8.3513 35.2969 17.1318 55.2908 259.8937 90.6814 128.3420 112.8853 71.2626 105.5743 63.5420 102.2813 63.8814 88.3107 35.4070 128.0101 110.2543 247.1378 165.6049 153.9728 2.4989 61.5196 61.1742 88.5310 29.6593 193.5301 162.4998 117.1297 105.1975 109.5556 94.9568 128.7558 168.5751 96.5570 59.4712 95.3842 52.7403 97.9172 126.2215
132.3343 65.5507 206.3648 92.6749 76.6232 96.2639 99.9955 109.7083 118.2996 147.8977 127.8028 152.6358 78.5174 134.0263 123.5738 140.9478 131.9785 169.7183 130.4540 55.9822 144.9435 0.0000 78.4532 55.3747 75.4102 166.6593 107.1455 64.6234 119.6961 151.6545 45.3520 142.6788 30.8438 77.3138 104.5138 44.9968 91.3304 75.4707 199.4963 112.3577 190.7721 23.3061 112.3789 82.9452 93.9288 26.8794 106.3480 64.4386 99.2723 229.7672 48.6268 136.6919 33.7859 157.3434 136.5399 95.0588 60.0612 165.3701 96.4892 237.4094 128.7296 84.7955 239.6667 7.6662 50.0148 75.1347 102.5379 95.0217 132.2534 158.9973 201.0956 132.9441 67.0038 12.6691 149.6931 153.8671 181.4882 14.1675 166.5138 162.4937 81.5695 25.4950 80.4571 88.8236 118.5584 108.1258 57.6743 104.0015 129.9908 104.9029 72.5432 72.8057 36.8724 177.9050 85.9879 64.0255 108.0508 198.3603 44.4307 84.4797
146.2195 80.5090 58.6784 74.3919 193.4238 94.8602 139.1199 63.9717 257.5611 159.5053 141.6089 57.4043 87.3511 64.2486 192.5936 172.1035 101.1252 75.3357 91.9393 210.6813 150.2902 78.4532 0.0000 71.7440 92.7140 96.3497 98.6449 187.2908 196.3889 176.0059 133.4285 134.8030 30.1959 96.5138 37.9943 122.8703 98.7197 71.5512 40.3612 39.8700 22.5411 76.9175 169.2900 141.7538 155.0318 177.4795 98.6714 76.9950 140.2140 52.9313 149.8568 201.3229 40.0693 29.2122 71.2555 126.0994 85.2181 72.8971 129.7076 182.6857 68.2151 116.7886 35.2221 169.6085 107.1797 54.0450 176.8381 59.5611 88.7072 85.6306 153.0641 142.5146 81.9259 161.8175 175.0147 86.5569 111.1759 164.0503 197.4550 28.9777 104.0319 160.8939 178.3073 122.3798 158.4105 189.6713 119.4898 190.0643 87.7273 151.3154 33.9638 64.2685 69.1540 131.0274 73.6468 143.7797 53.5005 158.6536 137.5917 179.1215
118.1528 155.1088 186.7494 169.7972 60.1768 50.0613 151.2716 122.0853 67.5543 102.3241 46.4212 75.5144 44.9006 113.4221 137.3432 32.8754 27.6472 162.7395 132.3369 120.1856 22.3857 55.3747 71.7440 0.0000 20.6860 17.5466 140.4715 28.1617 69.6067 34.8555 82.0282 86.9786 106.2365 95.1383 21.0723 122.3398 150.0662 17.3611 162.5222 143.0090 108.7168 57.6144 48.9193 151.9075 283.5316 160.7690 126.4870 126.7890 88.0439 72.6371 147.3255 75.1383 126.3457 98.8591 200.1083 82.4700 31.4188 14.7115 66.8747 155.2337 205.1337 53.6238 202.4370 40.1888 80.4633 39.4950 179.6572 31.2781 132.1021 51.1849 137.6725 123.6988 109.7476 122.6316 162.1304 55.3985 71.3856 139.1505 76.6359 106.5269 201.0800 33.8138 87.5825 169.9280 177.1833 174.1716 136.3162 64.1982 240.3111 94.2551 52.9373 5.8538 150.0514 213.8668 67.9340 136.5384 3.8208 137.9701 78.7592 115.8097
22.5472 133.7704 19.0792 51.2254 89.2947 156.1068 75.7840 151.6475 69.5774 105.8769 170.4250 19.6464 142.4813 79.9357 49.5141 121.5489 111.4948 183.6331 175.3037 56.7263 61.0102 75.4102 92.7140 20.6860 0.0000 79.3503 186.1841 90.6735 177.9010 197.3084 187.1890 195.8051 21.0977 120.4321 81.8443 187.2724 215.9052 164.4181 56.2029 167.1998 89.2618 143.9575 78.8007 51.8898 42.8807 92.5991 106.6774 120.1765 129.6838 139.9147 92.6077 60.8033 112.7213 93.4318 34.7886 191.8424 20.4835 81.6850 133.8867 192.2063 50.0479 144.5447 78.5684 34.7704 76.3674 102.1932 28.3577 67.2853 145.2157 32.9829 98.2257 99.1822 111.5268 139.0776 91.2065 152.5273 75.9654 101.1184 114.3490 170.9797 161.2771 60.6796 115.3735 158.8591 57.7082 59.0763 136.1447 129.3635 27.1654 216.4194 102.4528 156.1573 48.2720 98.6218 89.2143 118.5173 64.6337 96.4461 155.6496 100.2706
116.9048 68.8855 134.6460 141.7265 97.3623 114.8113 68.3022 106.3856 92.8212 48.9017 112.0296 91.7086 39.5787 77.2740 79.3607 106.0935 109.9628 117.7860 102.1782 193.8565 58.7501 166.6593 96.3497 17.5466 79.3503 0.0000 74.2106 145.5261 48.4641 131.0447 104.7872 133.4803 120.4249 151.1019 136.4323 239.0444 19.5178 76.4453 30.6482 77.3199 181.2232 41.4244 143.2250 26.0123 104.3425 55.8547 47.0476 94.8155 106.5832 35.2205 117.0181 172.6825 71.2261 156.2066 78.9884 190.0766 153.3988 69.0396 118.0678 53.1988 32.7027 51.7515 102.3590 160.4676 38.5153 103.7989 103.5979 140.5049 178.2048 25.6521 150.4528 107.6234 90.4747 119.7699 106.6941 98.7359 121.3809 103.7064 59.3495 73.8073 17.3849 69.7013 139.6724 36.3236 121.6680 58.7774 173.1000 172.7514 114.1529 38.4477 78.8030 64.6616 127.3145 191.0210 144.5533 135.0248 126.9293 56.1040 181.2895 91.1939
172.8328 38.0766 115.2349 44.4318 57.1234 55.3273 58.6096 59.1132 114.3582 48.9693 22.9898 134.1734 153.3918 112.2599 169.7704 163.0948 73.3391 113.4333 112.8876 149.4871 122.2142 107.1455 98.6449 140.4715 186.1841 74.2106 0.0000 55.8876 86.9042 199.2166 109.0101 154.5010 140.7216 65.8200 5.2809 71.0216 156.6216 167.4706 100.3863 226.3134 124.8967 47.8147 192.1164 160.2085 143.9644 110.0323 144.2274 125.1071 123.2335 30.1531 49.9450 27.5095 69.6780 154.9238 102.7693 96.6497 98.5860 14.1161 179.2723 169.2057 35.0924 117.8160 88.6088 78.4147 113.8079 142.1898 99.5703 145.6572 136.5342 190.9982 101.6792 189.5965 101.2725 69.5616 25.7154 88.3821 214.7856 91.5228 62.9429 111.1797 116.0816 165.5629 125.5588 98.7799 161.3926 161.9946 99.7036 74.2472 60.9332 88.7313 56.8316 88.6254 97.7173 46.3442 46.2368 76.8295 35.7676 83.2180 51.1865 75.5730
90.8966 114.9701 199.4859 97.4030 114.3676 79.7876 156.7055 86.1228 125.5934 159.6441 185.9199 140.5655 146.3297 107.3930 56.6769 256.0807 96.0083 105.3764 52.9468 89.5205 117.1363 64.6234 187.2908 28.1617 90.6735 145.5261 55.8876 0.0000 118.6580 120.5815 120.4867 138.2359 155.4418 187.7196 50.2564 174.2154 131.6530 148.7863 137.8589 198.7588 132.4886 94.0580 52.5488 56.8959 142.4176 142.7393 212.1803 200.3738 47.8935 154.4606 149.9336 121.7854 148.8824 177.5254 91.1025 108.6335 117.8052 189.9143 130.3954 140.4910 64.8547 119.1569 220.9585 126.4885 109.7323 89.6789 81.9579 57.8644 68.3718 8.6159 94.7115 101.6667 56.2548 205.7333 128.8431 70.2868 148.8751 183.6515 115.3493 125.4433 47.3031 177.8855 156.5726 28.7869 41.1951 87.1573 97.0612 81.8905 18.5622 145.8657 49.4237 108.1404 173.6791 76.4572 142.6323 137.7553 149.0595 70.6186 10.5522 178.2285
62.3288 169.3139 71.4997 124.4799 141.0649 122.0674 198.6358 37.4599 16.6766 66.2470 136.0377 94.8809 126.6185 175.0373 150.5654 81.9587 131.4918 99.7476 48.5665 112.4262 72.1077 119.6961 196.3889 69.6067 177.9010 48.4641 86.9042 118.6580 0.0000 105.5972 160.4280 214.9959 20.2260 255.8911 61.8593 99.9433 154.2512 55.2029 0.3536 135.5505 155.9268 66.6696 83.3767 147.1774 75.9499 102.0101 63.3351 177.6718 166.2760 99.5380 129.0278 184.7929 49.5968 84.7144 145.7833 122.1480 102.2985 75.1891 175.1610 181.0984 79.5269 83.9742 237.3868 187.1569 70.6161 140.3871 77.1236 104.7343 72.3654 115.2364 76.0947 118.3775 150.9670 115.0364 101.1923 94.0544 93.5931 70.6385 105.5314 171.5664 31.7991 55.9364 103.9426 173.1332 162.4355 153.8759 58.2234 57.3983 153.7535 137.1469 58.2827 134.4492 143.5881 83.4480 62.2329 191.1065 40.1113 120.8406 84.2682 120.8208
116.0603 121.7631 153.6889 56.0974 12.9264 158.3950 59.9839 94.6645 110.8144 53.0083 125.5528 62.5919 119.1310 19.6747 110.6554 163.5239 144.8495 108.3745 108.2189 131.8287 32.2565 151.6545 176.0059 34.8555 197.3084 131.0447 199.2166 120.5815 105.5972 0.0000 29.7620 63.4972 92.4013 183.2373 40.3897 126.0307 75.3872 171.6711 61.5641 5.1685 95.4314 115.8698 37.7092 17.0412 110.4428 110.3231 13.0487 165.0088 155.7787 112.3767 224.3197 60.1394 176.2965 228.8713 170.4899 189.8455 64.6008 131.1562 122.6993 103.6108 161.9047 67.2196 175.0830 161.2711 116.4336 58.2386 101.0754 86.5626 83.7226 14.1470 214.6894 47.3431 179.3097 113.4735 118.6148 89.2641 27.0068 79.0262 63.5714 83.5726 87.8552 154.5537 186.9221 1.7393 139.8464 103.5847 95.3192 46.2397 18.9874 58.1973 70.5467 24.2028 60.3467 208.1211 53.8706 104.9528 67.8236 133.6817 137.5818 22.4762
22.5491 169.2694 123.1232 77.9253 79.0123 50.0771 83.5043 90.4174 113.0883 53.0480 65.9792 33.7999 148.9401 122.7500 59.8354 167.0981 212.3030 114.3573 120.6037 62.9399 165.7451 45.3520 133.4285 82.0282 187.1890 104.7872 109.0101 120.4867 160.4280 29.7620 0.0000 210.1957 190.8412 101.3929 34.7082 109.2506 104.7349 165.9213 146.6166 290.0766 119.7167 83.7896 55.7605 124.0942 132.1935 124.8100 21.1633 117.9705 59.0757 164.9006 52.5691 59.4818 50.5015 160.3080 132.5614 122.3050 154.7342 112.6975 133.1728 157.6607 92.9304 85.5336 46.9146 134.1224 67.3121 30.9684 79.6295 48.7544 53.0015 132.8153 104.9561 21.7387 176.0976 142.7685 25.7829 89.1546 77.1424 174.3507 147.3862 41.1572 156.6187 123.2573 86.9712 95.0060 103.4061 214.7803 70.2989 77.3288 113.6819 69.3641 56.5873 188.3466 26.9995 121.8422 101.8343 168.9442 120.3708 174.7930 101.8024 205.7816
96.1722 97.7138 53.3164 58.3507 151.3643 86.1580 206.2357 129.9423 125.8283 94.9261 130.2370 159.3220 196.0093 153.0872 51.1304 104.8072 178.2175 238.4219 54.1558 134.0446 106.7560 142.6788 134.8030 86.9786 195.8051 133.4803 154.5010 138.2359 214.9959 63.4972 210.1957 0.0000 164.1442 130.6379 142.6899 138.5266 96.1217 131.2415 139.5235 28.3257 59.2589 87.8583 99.1763 11.9002 98.5618 91.0404 86.4244 32.4518 135.6724 39.3476 141.0228 124.3109 77.8175 85.3716 208.5064 61.2898 39.4578 187.9846 72.4737 68.2739 79.7170 102.0299 124.7917 176.7809 158.5666 24.7758 108.4535 162.1529 172.4664 194.8569 105.4820 155.3201 126.3666 83.5661 81.0614 189.1762 101.6024 193.2274 64.1085 33.1022 118.6366 78.8896 56.5264 26.5918 30.5542 165.0404 110.9088 70.9408 98.1816 54.6461 64.9710 77.5703 79.6036 173.6397 143.3383 30.6760 115.1088 100.1126 82.7172 235.7675
84.0098 77.6503 42.3803 90.4888 20.7623 101.6258 102.5784 191.1550 94.0110 58.2735 36.8933 19.7964 64.4109 154.3571 118.2517 80.3055 7.5204 50.4216 150.3985 79.4509 162.4417 30.8438 30.1959 106.2365 21.0977 120.4249 140.7216 155.4418 20.2260 92.4013 190.8412 164.1442 0.0000 112.1615 24.3456 56.4940 8.7308 146.0134 81.9209 20.3606 85.9869 3.3831 201.4354 90.1796 127.6226 67.7085 57.8828 170.3583 45.8791 84.9047 170.1032 110.4077 49.9531 115.3682 5.4705 131.7859 115.8477 130.5165 102.4003 73.5391 46.9922 99.4265 114.9973 85.0323 188.5749 11.2837 14.5955 76.3516 61.0705 92.2268 123.0555 137.6362 152.2167 119.1782 52.1702 24.7877 134.2377 82.9724 41.2230 103.2925 76.0219 91.0822 141.0339 228.3935 30.9709 227.6479 51.8152 24.8886 133.4179 98.9036 69.2239 87.6913 102.1226 105.4652 55.1719 111.2887 49.1981 172.8361 110.1095 45.7306
106.6998 154.1610 47.7060 95.3200 53.8828 114.7804 96.2023 191.1210 99.2249 96.5149 135.2195 54.3986 128.0255 79.3031 74.8377 13.4391 175.3901 83.8816 90.3104 147.9456 164.0940 77.3138 96.5138 95.1383 120.4321 151.1019 65.8200 187.7196 255.8911 183.2373 101.3929 130.6379 112.1615 0.0000 122.9179 87.0727 111.8303 58.4600 95.9356 115.1048 182.2252 55.2631 188.7629 180.5454 44.1039 110.7357 162.7208 122.4005 158.4975 56.0544 169.4262 202.6091 80.3071 65.1317 138.2849 42.9796 39.2016 161.2482 54.1834 98.2507 192.4791 47.7469 80.4680 64.4525 51.2458 62.7160 121.3023 107.8726 5.9536 79.4507 51.1329 70.6863 31.9528 69.8145 159.5471 124.8176 146.9866 138.2681 289.0941 215.9078 138.5657 66.7233 80.3559 201.3273 85.9979 58.0842 172.7332 233.6343 175.0734 38.0214 105.2387 103.9899 124.8046 191.0957 108.6115 168.0087 157.1390 126.2629 247.1215 235.7519
11.8555 82.5059 157.3413 110.8066 163.6468 121.4210 112.5733 88.6212 50.5881 38.0720 31.0649 31.9410 75.5109 136.2979 190.5019 96.7133 118.2717 7.9056 145.6851 149.0725 220.7286 104.5138 37.9943 21.0723 81.8443 136.4323 5.2809 50.2564 61.8593 40.3897 34.7082 142.6899 24.3456 122.9179 0.0000 134.3619 76.6008 48.7008 61.6530 77.3652 115.0882 100.9200 73.6659 109.6153 53.2812 220.4681 69.3829 105.1479 83.6082 89.7265 172.4311 6.0306 89.0808 161.7219 212.3285 99.9090 55.2042 143.7230 109.9273 165.1333 218.8201 46.7604 158.2569 118.8959 163.3279 118.7065 155.4930 171.2416 7.5907 60.8543 172.3234 55.1518 75.6695 184.8153 137.5665 48.9042 124.2301 7.5284 151.2355 84.4112 253.7260 165.2265 57.1884 187.4431 95.7212 135.4086 184.1366 4.7079 139.4398 106.4147 56.5485 126.0123 83.2588 99.0182 46.4520 36.7284 86.2799 133.5468 77.8357 91.7146
203.2645 62.6936 134.8190 139.1292 143.2832 82.7402 15.2292 84.5566 169.4372 176.8816 177.0172 97.0234 123.2287 159.5783 103.2395 78.4272 106.7067 126.6170 84.7772 136.3355 115.6052 44.9968 122.8703 122.3398 187.2724 239.0444 71.0216 174.2154 99.9433 126.0307 109.2506 138.5266 56.4940 87.0727 134.3619 0.0000 202.0208 101.3248 200.5361 177.6044 44.6359 38.2543 46.7763 108.5661 20.3999 108.9683 170.8191 75.9161 25.9378 83.1868 76.9049 82.9860 149.0074 69.4773 106.1495 42.7637 183.4230 129.4084 61.8692 128.0655 44.8623 62.0967 92.3805 33.8904 92.5650 148.1265 71.7287 23.2815 19.2419 73.9807 63.8648 192.2892 69.5662 51.2146 88.0780 148.6804 83.8720 111.4047 100.3098 161.0565 152.1766 58.3196 59.1795 117.5159 28.5587 90.2805 272.8560 88.9520 112.6178 70.1336 185.5966 57.1085 132.7396 151.4661 70.2512 150.3223 164.3369 196.5083 115.0602 104.2087
67.2989 88.4240 76.2162 94.6028 28.4257 172.8446 110.3693 130.3879 117.6954 24.4255 138.1699 211.3575 134.3545 99.7215 135.5613 120.2085 149.4662 147.0642 120.1302 136.5302 162.6220 91.3304 98.7197 150.0662 215.9052 19.5178 156.6216 131.6530 154.2512 75.3872 104.7349 96.1217 8.7308 111.8303 76.6008 202.0208 0.0000 100.9276 166.2099 67.5794 143.4521 61.5927 82.7611 132.7089 138.7746 132.9296 209.7861 96.1972 82.6265 176.5132 140.2342 218.0245 125.8187 56.2914 128.2991 156.1776 143.0944 72.1818 66.2383 71.6021 50.9928 119.7299 135.2854 26.4709 119.4269 31.9777 160.2025 66.8056 109.2633 160.5747 175.4290 122.4796 73.1804 131.8938 36.3083 138.0170 50.7466 82.2162 113.7675 28.0284 83.0577 84.0622 112.4956 70.6157 54.0749 203.0533 11.3966 107.7269 73.0839 193.9843 190.8733 74.6777 58.4809 61.5996 112.6910 202.9772 79.2849 88.7809 36.4172 96.1540
1.0075 174.9677 221.7601 39.5343 72.2464 259.6537 184.5214 105.1667 145.5243 207.6005 184.7421 149.9608 92.1315 155.2863 92.4264 9.2392 110.4140 69.1173 70.3095 282.2983 153.0473 75.4707 71.5512 17.3611 164.4181 76.4453 167.4706 148.7863 55.2029 171.6711 165.9213 131.2415 146.0134 58.4600 48.7008 101.3248 100.9276 0.0000 50.2784 165.6082 61.0257 78.2726 86.3017 88.5489 94.2154 158.0680 193.9144 130.7616 37.1008 132.9086 121.4834 208.0317 68.9223 128.0671 43.2977 168.0221 111.6538 183.1618 143.9931 43.8135 173.5430 162.2225 103.1980 20.5588 49.4615 135.3478 46.0078 91.5138 118.9639 73.6461 61.8739 82.1751 51.7113 93.6044 103.1663 9.7704 39.4534 105.7759 145.3883 185.5235 126.4962 95.9202 216.0881 197.1111 62.3731 109.9848 125.4351 153.6885 112.0256 63.7632 84.8339 81.9408 64.7726 97.8939 150.8227 63.5322 124.4879 95.1228 181.1859 156.7281
16.7340 76.8563 92.2651 175.4045 74.3936 85.4383 168.9417 80.0869 199.8361 91.8194 175.4011 215.0542 86.1871 37.6972 111.5211 177.8293 128.0200 85.6505 13.8609 68.8804 216.4355 199.4963 40.3612 162.5222 56.2029 30.6482 100.3863 137.8589 0.3536 61.5641 146.6166 139.5235 81.9209 95.9356 61.6530 200.5361 166.2099 50.2784 0.0000 160.2532 109.4824 53.3594 195.6476 120.8052 195.8309 82.8867 121.7665 140.9176 54.2650 56.7358 194.1058 64.2737 92.2945 97.4506 31.2803 149.4310 107.0072 116.0953 184.0176 62.3655 108.6600 36.0031 79.5527 117.4364 106.1888 42.8586 153.6253 133.4234 52.2550 178.6262 106.7687 125.8173 114.0008 137.7979 31.2251 112.7082 131.5769 153.0459 15.3970 80.3921 118.2380 183.2395 170.1041 117.5048 80.6003 23.8408 199.7539 63.4796 207.4033 67.5196 137.4796 150.1931 123.8797 101.4404 179.6979 195.5781 215.8732 69.3132 145.0514 26.6714
225.7825 130.7429 96.5799 85.4167 112.5321 94.7943 150.1024 92.1738 70.6652 54.0554 57.5530 226.1056 4.9141 166.5803 182.2144 181.2852 85.6063 140.5956 172.9571 71.9904 41.9478 112.3577 39.8700 143.0090 167.1998 77.3199 226.3134 198.7588 135.5505 5.1685 290.0766 28.3257 20.3606 115.1048 77.3652 177.6044 67.5794 165.6082 160.2532 0.0000 83.8150 220.3709 40.2968 145.3031 55.3756 140.2862 142.0516 134.2512 93.8072 146.5555 233.4844 114.4580 95.7348 37.1194 164.1378 125.1112 160.2808 36.5635 43.0633 140.6756 59.5172 89.5616 65.0033 145.1462 166.8145 151.5362 28.0099 100.4991 112.8580 27.2023 113.5691 24.5823 107.2756 124.4166 215.1656 146.5078 116.2295 148.8891 228.9365 148.6619 14.6741 209.7471 150.0678 65.8374 159.1108 132.7737 33.9314 6.6118 9.5350 72.0552 100.8747 125.0126 189.3435 96.7289 134.9485 179.3903 200.6250 105.6015 157.0478 252.6916
108.5318 70.2089 268.9825 193.3035 29.1700 203.0201 102.4967 159.4252 147.0962 40.6478 154.8764 94.8103 126.4592 72.9662 149.3156 39.8558 45.2672 34.5329 66.5577 161.6367 61.1426 190.7721 22.5411 108.7168 89.2618 181.2232 124.8967 132.4886 155.9268 95.4314 119.7167 59.2589 85.9869 182.2252 115.0882 44.6359 143.4521 61.0257 109.4824 83.8150 0.0000 23.8075 75.2908 133.2485 103.9571 35.2988 154.2637 78.6822 112.4305 146.2527 78.4804 74.7363 178.1797 211.3071 134.0246 105.3478 152.1829 34.1394 94.3657 85.5266 92.9361 122.2939 136.0025 89.2477 137.0517 197.7837 110.0232 270.8412 125.7934 166.6454 82.7786 35.3028 53.5173 118.5193 91.9229 52.3569 54.0747 71.3535 149.8088 145.1776 141.8928 147.7597 100.0554 35.0278 95.3726 66.9589 26.1670 34.2091 158.2074 156.2078 2.8836 191.9952 129.0585 103.6984 264.1247 125.2865 151.3244 101.3679 78.3632 19.9533
120.5710 186.1228 146.9473 92.3752 54.4533 155.9192 200.5140 147.8753 181.4041 166.6894 120.7361 181.2163 185.4452 71.0085 116.3395 128.3548 126.5030 72.8918 57.2249 103.8250 72.1328 23.3061 76.9175 57.6144 143.9575 41.4244 47.8147 94.0580 66.6696 115.8698 83.7896 87.8583 3.3831 55.2631 100.9200 38.2543 61.5927 78.2726 53.3594 220.3709 23.8075 0.0000 193.5827 126.7429 113.2511 122.5222 137.2934 76.9723 173.4922 133.6569 197.1909 110.9626 126.6024 193.9436 103.9349 98.2723 136.9675 25.6990 34.5184 76.1185 63.8128 86.5013 160.5994 82.8915 111.2799 131.0994 119.6505 59.6227 138.6078 97.8066 135.7260 59.3842 60.9055 66.7598 50.2393 144.5837 229.8522 110.4598 175.9415 43.8401 29.7487 174.7660 97.5166 104.8018 35.4968 138.1929 136.4386 99.1801 96.4646 122.5719 134.9551 94.8876 193.4247 104.5772 82.0617 39.4169 57.5343 196.2380 82.3207 241.5108
169.9456 172.3299 76.1128 226.5929 72.0448 176.3405 23.2779 167.2997 181.1018 149.0231 101.5955 199.7076 124.2275 114.0069 184.0306 52.6226 84.8011 42.3655 150.3451 59.9915 76.6887 112.3789 169.2900 48.9193 78.8007 143.2250 192.1164 52.5488 83.3767 37.7092 55.7605 99.1763 201.4354 188.7629 73.6659 46.7763 82.7611 86.3017 195.6476 40.2968 75.2908 193.5827 0.0000 70.1120 138.1446 74.4073 125.9101 87.6527 89.8356 135.3991 111.9826 16.5505 48.6943 186.8700 159.4109 65.3407 216.6602 56.3350 130.3672 131.5996 110.1758 85.9528 146.3006 142.2205 110.9178 130.9965 54.2326 104.1297 113.7074 156.7691 151.8172 184.0815 146.1786 114.2304 136.4464 161.4672 82.4451 82.2223 14.8806 78.9418 61.4069 64.8560 102.7965 168.0511 61.3024 68.7392 91.5321 120.7803 194.2583 103.4500 69.8355 130.6453 51.3095 143.3096 15.3196 54.4205 123.1949 148.1427 160.2508 87.5204
112.1851 80.2279 97.2267 34.6051 306.9329 121.4188 66.2384 180.0658 129.5095 123.5823 46.9615 195.1225 85.9150 215.7760 22.5168 66.7987 112.5374 124.2804 21.6883 226.8594 16.2272 82.9452 141.7538 151.9075 51.8898 26.0123 160.2085 56.8959 147.1774 17.0412 124.0942 11.9002 90.1796 180.5454 109.6153 108.5661 132.7089 88.5489 120.8052 145.3031 133.2485 126.7429 70.1120 0.0000 16.0970 122.0910 196.8433 182.8484 64.0513 109.5170 165.2247 128.0854 163.6319 211.3938 152.4140 60.4689 47.1605 55.5818 38.1117 61.1423 177.0695 109.2440 89.3883 70.9310 200.2684 99.2435 105.4289 115.3897 130.2534 20.2793 146.1255 53.9473 80.8125 38.7865 66.0479 178.5937 102.8793 142.2148 197.1779 199.6813 89.8330 27.5440 80.7351 1.5123 125.0328 63.8599 79.7575 137.8698 191.1926 162.6827 151.0144 94.5277 50.2645 69.5601 88.8289 108.5425 114.7947 210.5696 76.4713 102.4125
215.1352 144.7397 123.0043 32.1024 184.9572 58.4562 122.2980 79.5359 81.1963 79.1379 175.6398 169.2090 81.6406 147.1242 52.7415 111.7831 58.6854 70.4872 24.4679 173.5684 213.7715 93.9288 155.0318 283.5316 42.8807 104.3425 143.9644 142.4176 75.9499 110.4428 132.1935 98.5618 127.6226 44.1039 53.2812 20.3999 138.7746 94.2154 195.8309 55.3756 103.9571 113.2511 138.1446 16.0970 0.0000 11.4666 91.3937 235.2031 93.0840 11.8328 132.2925 110.4991 25.8709 225.3356 85.0741 149.1975 99.0723 111.9632 81.1847 201.3704 86.2022 40.6221 102.3007 27.9902 109.6502 142.6681 134.4064 31.0218 94.7957 106.6761 110.0109 178.6354 133.7741 128.9384 61.4628 142.5885 39.3036 59.2565 157.7107 59.4042 29.4151 127.6677 84.3572 41.4627 36.3490 121.1872 116.9880 130.1862 55.3007 105.0083 142.9569 213.9773 112.4612 39.4720 54.7425 134.3109 101.9324 132.0788 170.5627 45.9444
111.8360 125.4183 106.1196 16.9782 76.2788 129.7545 97.7243 178.6989 107.9966 144.2358 160.1760 97.1460 103.1856 4.0386 98.6608 177.0851 55.1265 93.5316 134.7714 122.4353 80.0253 26.8794 177.4795 160.7690 92.5991 55.8547 110.0323 142.7393 102.0101 110.3231 124.8100 91.0404 67.7085 110.7357 220.4681 108.9683 132.9296 158.0680 82.8867 140.2862 35.2988 122.5222 74.4073 122.0910 11.4666 0.0000 159.6845 88.8583 49.2765 114.7863 103.9041 206.8858 63.6355 152.6190 45.3266 122.7433 100.4338 126.2563 87.3497 98.6413 31.3304 156.2867 204.4698 31.3360 126.1685 133.2021 141.2740 155.4950 209.9897 75.3583 65.6785 7.9605 1.5496 151.1693 32.5131 152.0677 47.2764 147.1206 43.6328 77.4853 64.7634 171.2013 148.9915 124.8203 129.0049 189.0092 160.7915 94.0052 48.9928 133.1736 121.5365 96.7498 98.3394 155.6625 35.0568 94.2121 181.4148 57.6522 204.3283 55.0782
