100
0.0000 63.8846 28.8334 149.8755 103.9534 176.4716 189.0395 124.6312 159.5971 77.6974 229.2022 73.7034 63.5768 152.6632 31.3223 42.6013 153.1663 82.9492 95.6272 154.9422 78.6468 91.5310 222.0473 70.4575 15.6188 82.5869 88.8874 128.2996 45.2029 27.5527 94.4861 26.1821 77.4481 30.0374 52.9953 66.7440 120.5592 106.9430 119.4166 50.0980 68.7513 135.4125 88.0189 72.0147 117.3162 101.6076 103.8019 33.5534 125.0181 34.0607 137.2957 45.4189 11.1339 139.7231 39.0344 118.2690 124.2540 35.2715 132.5031 85.6195 70.2119 89.0711 66.0968 29.1350 88.3884 110.4948 251.9897 144.5954 149.0974 163.5382 99.1709 92.0062 166.0660 155.8648 118.5209 180.4187 145.5322 173.1472 108.2373 92.4717 116.2671 175.2519 88.5485 116.3008 116.6839 212.6284 99.8723 140.3073 106.4128 46.0421 9.6228 143.8283 71.0596 127.7333 138.3745 165.2694 10.1963 11.9439 44.0770 42.6307
63.8846 0.0000 138.3973 38.9049 67.7461 95.1583 221.5071 188.5847 130.5229 77.8596 226.7253 199.8996 17.8780 199.2968 164.9703 35.0613 105.9915 87.8895 160.3468 127.7458 50.8511 55.6685 86.3650 21.4267 208.0644 151.2765 163.6226 134.6690 93.3770 150.4223 48.9655 92.1081 11.2781 172.0672 132.9598 181.6718 25.5715 62.7274 61.4300 70.2478 50.4304 45.9804 52.1771 116.5669 212.9176 67.2257 168.7425 134.9302 59.8193 52.0803 148.0701 113.9957 109.7731 132.1942 134.2067 77.3170 92.3485 90.4974 131.7908 48.3122 195.6120 108.6730 48.7923 72.1845 3.4963 198.5209 100.6075 47.0441 89.6161 108.7378 83.6598 268.7462 132.2406 99.5653 55.3426 171.9043 169.0628 187.1584 32.4025 165.4874 152.8852 156.1388 31.5268 81.2232 133.2911 106.9105 41.2681 7.9770 87.7807 116.4493 108.2135 120.3600 123.4223 4.3393 190.9665 102.6319 36.2890 227.2711 90.2714 49.7373
28.8334 138.3973 0.0000 93.0270 225.3925 148.2594 81.0028 248.1530 69.4491 89.1887 10.7498 42.5065 102.6026 85.8528 132.8174 61.8387 73.4184 35.0831 25.6830 200.7544 166.7537 147.8754 202.8850 108.2972 126.6515 99.5744 179.4411 169.3687 97.1349 87.9445 57.1269 48.7843 50.1690 163.4771 67.1771 113.1386 61.1126 127.4040 148.3522 30.6517 35.5982 41.8738 116.9035 156.7070 85.8425 94.2345 136.4028 126.2830 124.2519 57.1832 117.4860 137.6716 160.8969 144.7283 88.4054 202.1167 46.2089 163.7007 28.1915 136.4522 207.2442 92.0731 155.7646 61.1473 74.1737 38.6783 25.9425 89.4222 112.5487 82.1001 58.9419 86.3448 147.1261 177.8115 14.7017 29.7438 215.0104 95.9655 94.6970 169.2055 90.0250 159.8829 19.3815 104.5153 168.9147 125.2914 81.9263 150.0558 133.3523 162.2745 143.3391 56.6853 27.1401 41.9438 167.8704 1.9931 76.8409 215.8241 98.1733 188.6926
149.8755 38.9049 93.0270 0.0000 189.1095 119.0560 98.7672 132.9967 68.1799 75.2422 70.6517 117.7453 134.6644 43.4912 124.2207 240.5250 146.0378 45.0542 69.4276 161.7841 135.4330 156.7566 168.1452 100.7325 38.1172 201.7203 52.0468 129.4179 120.0866 42.1251 135.1867 55.1256 106.2887 69.7041 28.5008 100.7413 103.2594 140.1938 169.5905 73.0583 110.1536 113.2061 157.8454 172.1421 42.3260 21.1364 106.3470 158.8604 127.4054 102.4742 26.4772 17.7769 127.0134 149.7220 183.8044 116.5150 29.3014 96.9874 130.6467 138.3620 147.0236 101.3282 174.1865 50.4954 58.0155 116.8832 114.9994 181.6267 179.1226 133.3788 83.1369 79.0610 100.2045 141.8551 111.0072 92.6474 183.3476 107.8960 133.0435 76.3025 182.2990 11.9005 143.1677 64.2469 130.1802 104.4151 178.8206 127.6671 78.1703 112.4373 77.7623 190.5644 7.8092 170.3717 121.6876 154.2427 22.4250 67.5308 214.9644 59.9919
103.9534 67.7461 225.3925 189.1095 0.0000 123.4242 154.9210 171.4617 165.9563 142.2147 72.7694 96.6442 109.1244 119.1906 171.5152 55.7898 96.1287 40.4356 51.7788 81.6176 94.4959 39.4855 148.7104 41.5462 101.2990 93.7630 91.1039 181.9925 59.2046 210.7729 119.6455 146.9057 178.2434 1.7503 27.7950 82.1781 206.1664 96.4243 58.6283 107.0990 91.4534 86.4560 111.6792 96.2708 92.5097 171.8332 91.5590 101.5520 89.4365 192.9241 157.9642 54.6802 117.0449 101.8324 125.1851 202.5277 113.6546 128.0731 156.7730 134.4868 59.8832 38.5120 83.4704 88.6145 65.5368 39.9723 107.2241 177.1251 125.8467 121.9856 201.3339 114.4389 178.2045 134.5593 102.9204 105.7391 128.2752 58.5927 116.4709 188.6506 143.9680 26.6892 95.5043 50.3348 144.8156 129.7453 9.6879 83.5780 83.4710 70.3273 97.2496 25.0377 34.1218 15.4690 168.5440 156.7019 148.6123 112.7667 187.5639 120.9990
176.4716 95.1583 148.2594 119.0560 123.4242 0.0000 57.6668 78.0656 73.3791 81.5786 95.8536 89.2148 79.9626 95.3914 146.8062 101.4077 60.9192 182.2186 162.5930 77.6340 129.8808 155.3745 165.6419 129.4693 91.7641 140.1384 96.2030 65.1637 174.1970 135.8375 51.1422 34.0858 36.8172 83.1800 129.3500 150.0196 54.8874 166.0261 90.6520 112.3481 147.4269 99.8342 35.3185 4.7240 35.3481 186.7764 225.6384 183.0712 256.1643 138.5691 102.2397 88.2863 166.5251 27.1368 192.5470 108.5305 20.7361 130.8328 40.6484 119.2156 87.0397 108.9945 93.3640 115.9115 159.4647 24.3710 153.0538 160.7665 44.8976 64.9420 28.4400 79.3791 111.0441 121.7030 109.9490 79.3001 166.4454 14.9034 61.4768 194.5784 16.7842 169.3460 167.4075 132.5210 39.5234 43.1112 155.0992 82.4643 206.6389 65.9292 4.2641 15.4939 109.9036 142.3168 132.3446 97.0658 30.3049 249.0944 105.7116 99.7097
189.0395 221.5071 81.0028 98.7672 154.9210 57.6668 0.0000 17.0726 205.7979 32.7730 20.0433 160.8524 167.3551 60.6173 76.6891 32.5104 80.1616 32.0986 142.0098 160.2110 101.3071 81.3199 115.8800 128.0032 155.1616 6.2574 173.5903 141.7445 92.6944 144.1133 185.3191 227.3865 32.1265 111.8767 133.0098 103.1239 148.4336 171.9867 155.3644 50.4374 63.6113 176.4321 94.5713 91.7874 135.5040 156.7089 146.9248 112.9906 122.1427 36.6416 143.0322 148.7473 100.8794 21.5861 178.6778 102.6669 117.2403 171.1031 10.6338 112.4891 69.1297 26.8032 13.6855 15.9212 39.9080 185.4109 137.2080 112.3709 143.2013 104.1131 109.6593 167.9834 127.8310 131.6512 54.5950 184.4067 83.6973 155.7879 51.4548 96.3955 123.6105 75.3691 136.4216 27.3645 54.4186 15.9327 55.2047 102.0633 26.2370 57.1073 137.7998 15.9190 55.4967 151.7669 4.0874 182.8788 162.1779 84.4641 181.1532 157.2893
124.6312 188.5847 248.1530 132.9967 171.4617 78.0656 17.0726 0.0000 245.3994 161.5865 93.5583 101.0571 64.1080 76.6048 0.0200 6.3474 128.4536 150.1255 55.3649 83.4015 123.1128 67.8380 100.5847 97.4506 102.5088 52.6392 163.2122 127.1051 93.8540 31.7093 88.7872 19.0378 82.1112 7.3426 131.0020 165.7653 79.2344 93.5888 8.0447 75.4419 111.5070 104.6191 17.8550 147.7834 168.6741 44.9693 142.8375 111.7505 69.8098 73.9026 119.8238 148.8358 101.7575 109.8055 91.6033 61.8247 136.0221 155.7306 63.5420 49.7787 13.5366 127.7504 222.2428 11.8276 39.4123 48.6460 90.0693 148.0173 188.7179 140.3179 153.1593 100.9823 229.3523 182.8221 26.0949 185.2145 135.1546 116.0613 71.8914 67.8560 115.0088 162.1691 125.0367 67.2942 13.5963 112.1246 103.6813 167.4699 191.1181 53.8998 191.9490 102.4232 191.7226 138.5330 106.6349 75.6031 39.4694 106.6575 48.7139 83.3363
159.5971 130.5229 69.4491 68.1799 165.9563 73.3791 205.7979 245.3994 0.0000 118.1337 104.8434 36.4285 101.5173 97.6703 88.2688 37.0079 25.2159 88.1934 156.4444 157.5188 74.9355 166.6516 103.3245 186.5413 175.9090 64.7305 39.1171 179.8275 229.1355 136.3748 150.6704 131.5039 109.9128 122.3872 109.4725 83.6563 79.3341 34.5833 59.8322 38.4601 166.0345 163.6980 103.7953 123.0100 42.4746 118.6937 80.9770 115.2284 79.4516 74.3570 94.9290 146.9229 183.8920 131.5118 124.8231 80.5555 75.8584 222.2842 57.6069 62.7648 138.5994 57.7704 66.8905 32.9895 70.5222 174.5449 200.8868 116.5501 34.8482 58.5154 108.0946 19.1463 54.3851 96.8959 14.2162 91.8794 148.3394 86.2774 59.2338 68.4835 72.6498 68.2380 28.8575 90.8476 73.2808 111.3537 38.6018 58.6222 185.6458 121.0208 93.0071 40.6295 106.7580 97.6426 53.8614 90.5031 134.9990 138.0066 157.3529 116.5296
77.6974 77.8596 89.1887 75.2422 142.2147 81.5786 32.7730 161.5865 118.1337 0.0000 86.0183 187.6326 56.4557 20.2155 14.5658 85.9660 90.0769 79.0993 72.6076 109.0662 225.9087 45.5766 59.6420 55.4458 115.0806 68.7406 96.9178 169.9881 68.3481 47.5974 40.9984 105.7101 163.4805 106.5932 62.9444 146.5697 44.0012 132.5728 39.6966 103.7217 46.5638 88.3423 152.9372 38.4705 154.5873 80.3410 39.2837 127.2519 81.2472 110.0087 87.9427 25.0336 19.3799 60.5643 112.4638 241.8563 49.2067 238.2203 157.3182 73.4882 134.9657 5.5770 179.8429 116.4265 90.0019 62.7595 57.5793 89.4039 57.5540 165.7871 103.0976 43.8365 21.3298 274.5701 177.8328 179.6720 122.2184 20.6681 69.3337 86.8303 145.4947 218.6587 81.6878 27.0513 23.2834 207.3505 102.9013 47.9664 181.6354 83.9450 87.5278 113.9077 115.3215 62.1507 48.3362 69.2725 100.0009 114.7519 46.4213 174.8512
229.2022 226.7253 10.7498 70.6517 72.7694 95.8536 20.0433 93.5583 104.8434 86.0183 0.0000 101.3581 45.6744 93.0437 74.1645 169.5681 13.5288 29.5901 83.7614 116.8030 38.0059 93.1256 94.3901 105.4291 206.3342 89.2211 195.2390 75.3103 188.0754 95.6424 189.5193 12.7991 131.2180 125.9359 110.0648 78.3894 110.6144 94.5476 128.8600 63.8492 78.4532 181.9045 74.1509 49.0898 230.6330 163.1141 116.5655 147.6812 50.9051 132.3754 177.6828 95.4754 40.0910 28.4869 72.1977 121.8602 94.1678 122.5310 139.6431 31.7755 35.3810 208.1405 104.5667 121.6112 179.2321 143.3779 146.5697 172.6236 221.8092 67.6415 72.5008 80.1210 110.1294 57.5572 99.1918 2.9991 35.6777 146.3949 105.5966 153.8716 146.4551 153.6564 108.4639 120.4588 106.6166 179.3201 159.6483 96.2381 159.1434 139.1400 63.0112 5.0151 124.4578 88.6874 166.5986 77.1439 109.3619 72.0270 166.1601 68.2700
73.7034 199.8996 42.5065 117.7453 96.6442 89.2148 160.8524 101.0571 36.4285 187.6326 101.3581 0.0000 159.5625 47.2041 52.7038 69.0885 243.0689 70.0188 54.8842 126.8127 88.0220 186.0896 26.6060 109.2736 146.6864 23.7765 100.8947 149.4817 50.7324 166.8707 176.3703 114.4497 168.9107 54.1671 28.8929 88.6529 241.8892 37.6837 37.8342 162.2739 8.0663 64.8474 102.5982 38.5381 48.9408 23.2395 127.8398 101.2744 54.6327 202.5152 131.6167 108.3926 44.3048 99.6715 124.6348 32.8960 58.8226 157.2698 38.9653 166.4429 15.5784 45.2347 116.0715 160.4860 65.0102 45.6999 200.9630 75.1393 103.4023 20.5208 27.8149 5.6851 116.9797 42.1600 121.9935 26.9748 86.8502 58.9564 43.9831 61.7899 140.0614 79.5513 121.2086 104.3636 93.0674 124.5935 45.5634 146.9147 89.8279 91.0825 102.2683 117.0094 191.5275 35.2817 15.1768 198.7564 10.0304 40.9097 51.0992 115.4749
63.5768 17.8780 102.6026 134.6644 109.1244 79.9626 167.3551 64.1080 101.5173 56.4557 45.6744 159.5625 0.0000 124.1818 66.1068 219.4416 16.6436 148.6588 207.5075 76.8216 73.7769 13.3555 10.6413 204.2581 93.4775 31.1444 79.9814 109.4521 90.7437 162.0328 161.4336 79.7648 168.4663 101.3258 57.1180 141.3570 87.0566 66.1783 116.0747 137.6002 165.1099 154.2331 90.0523 121.0458 210.2810 90.7914 118.9606 166.3888 54.7038 178.4838 6.3145 54.1678 112.0933 80.6478 80.9487 48.2543 174.9585 48.9471 162.9174 176.6961 127.3880 91.8331 86.2768 163.0109 48.5361 127.8289 85.9838 76.7740 114.3213 14.0785 120.2814 39.0722 128.6569 107.8242 94.5372 127.2229 163.4718 78.4416 198.2134 111.8361 96.3159 155.6494 43.3793 89.7700 84.9923 76.1741 185.8436 107.2443 24.5757 39.7106 190.6367 68.9407 68.4211 143.5401 92.2593 149.9369 75.2008 148.5431 48.0958 75.5703
152.6632 199.2968 85.8528 43.4912 119.1906 95.3914 60.6173 76.6048 97.6703 20.2155 93.0437 47.2041 124.1818 0.0000 104.1893 92.3214 69.4361 12.9223 160.2201 111.7259 101.2440 163.0880 26.7591 46.6690 78.9358 126.0137 101.3704 135.8262 47.4377 125.6801 223.3174 152.2827 204.3608 230.0682 89.2295 93.3613 148.4644 105.7344 139.4128 26.8898 119.1434 46.6925 159.9788 77.3305 106.6382 104.6544 82.3208 157.0643 117.0422 36.9938 107.9231 70.3888 93.7266 111.4001 68.7300 96.1443 85.4105 109.4379 97.5231 121.7493 112.9172 49.4890 117.2586 269.8917 81.5677 74.3248 162.1138 117.2393 88.2336 163.1557 143.9129 187.1709 158.3412 117.5219 132.4853 136.5050 105.6907 32.4381 188.4088 119.7914 80.7206 107.2937 109.6849 146.1165 130.3066 49.9450 66.9567 35.9978 154.9186 222.5289 117.6510 155.1671 53.8854 79.4409 76.8512 51.9200 115.1129 150.9206 150.0723 166.2316
31.3223 164.9703 132.8174 124.2207 171.5152 146.8062 76.6891 0.0200 88.2688 14.5658 74.1645 52.7038 66.1068 104.1893 0.0000 232.4957 34.3275 92.4873 107.2526 80.3936 189.6505 139.9308 92.5592 98.5945 151.4567 107.0649 119.1241 55.7567 72.4424 50.3252 78.0446 134.6075 160.1649 37.1489 36.0437 36.7015 159.9868 109.2884 124.7887 218.4552 215.7278 100.6029 158.6812 82.6316 89.0448 95.8465 84.5566 67.1786 117.2527 139.6934 103.1626 168.8530 195.1236 49.9127 82.3653 77.5193 51.4948 137.1509 115.8208 190.6837 162.9072 23.2934 65.3521 168.8660 56.8085 65.2241 191.1176 102.7410 97.7363 35.8842 187.8357 169.8127 146.6426 137.3247 109.9551 181.3779 69.5056 172.5477 96.8010 138.5185 183.7250 211.5259 153.9584 139.4936 94.1801 151.0756 87.9252 87.6554 50.7797 101.1972 151.4001 177.0952 166.4057 216.3963 143.4057 135.8466 132.0434 145.2018 116.3955 77.5290
42.6013 35.0613 61.8387 240.5250 55.7898 101.4077 32.5104 6.3474 37.0079 85.9660 169.5681 69.0885 219.4416 92.3214 232.4957 0.0000 166.5700 68.6941 126.5149 43.9070 90.7020 135.6915 98.9643 141.8373 129.1900 78.0011 176.9356 116.7063 88.2516 158.9977 94.8245 71.5383 176.2791 96.9372 89.1792 142.1288 50.2342 85.0348 35.9869 6.4432 123.1139 75.1508 197.1511 90.3859 179.9646 203.4849 6.7139 222.0100 62.1398 39.5868 156.2141 151.9295 40.0037 169.2286 32.2717 90.5907 197.2298 16.0299 224.0421 155.1445 114.7210 248.0516 55.4525 83.6138 24.9953 76.6887 62.5420 96.8806 110.4062 54.6722 101.8941 62.3151 194.0395 49.5224 90.2627 89.0795 179.2407 147.0872 71.4884 104.3701 172.6618 54.9244 53.0341 111.5612 203.8137 30.8556 16.1843 181.8277 170.6338 48.0752 187.8971 106.6741 65.4920 28.3113 13.9227 177.9498 122.2924 24.2248 21.8981 89.8728
153.1663 105.9915 73.4184 146.0378 96.1287 60.9192 80.1616 128.4536 25.2159 90.0769 13.5288 243.0689 16.6436 69.4361 34.3275 166.5700 0.0000 76.7419 149.9119 99.1911 32.4189 129.9664 101.0646 66.2396 140.4275 163.4955 5.4879 208.4113 167.5301 101.9350 56.2581 67.1697 104.1893 71.0646 137.1116 2.8229 77.7581 25.7174 72.6073 89.6058 21.9687 174.5290 92.9212 89.9808 122.4030 184.9381 168.5358 131.4655 208.7625 87.7245 184.3794 69.6569 186.1823 93.3121 130.4005 52.1486 300.4864 88.8510 86.8878 31.6996 60.7766 115.9117 101.5439 158.3246 190.5847 229.5764 119.4174 116.4377 186.3826 205.8615 152.7603 59.6401 61.9726 7.1438 121.4250 212.3375 121.7047 70.8548 107.2539 94.0395 79.9417 91.2614 62.0189 68.4511 215.7426 16.4127 192.2533 155.2424 131.3457 121.1001 96.1437 219.5166 157.2347 38.7461 111.1013 158.8994 160.4802 179.7802 105.5875 93.0559
82.9492 87.8895 35.0831 45.0542 40.4356 182.2186 32.0986 150.1255 88.1934 79.0993 29.5901 70.0188 148.6588 12.9223 92.4873 68.6941 76.7419 0.0000 9.5956 121.5266 143.2999 172.4284 158.7702 163.6260 122.9760 226.4642 3.0371 80.4001 50.0504 90.6223 113.5584 20.1227 127.0902 22.4607 86.9346 81.0229 150.4579 108.7546 184.9735 79.9306 64.4092 124.8565 177.7089 141.0166 57.2458 90.6220 79.1202 155.8092 136.5139 86.6286 124.8372 27.5713 77.2391 14.1196 195.4855 51.9840 159.7784 113.4001 129.2355 133.5782 153.4638 146.2700 113.0327 15.8173 30.6782 164.3790 41.0184 76.9173 94.3966 29.7992 225.0524 134.9996 63.1353 189.3641 74.7031 112.6041 104.6409 95.2015 245.4022 95.7619 16.0281 139.6637 150.0205 104.9195 70.4630 104.5569 148.9392 129.0546 141.4556 167.1854 112.3715 102.7717 165.1731 96.7907 35.7942 152.6691 133.2100 158.0931 156.8635 64.1647
95.6272 160.3468 25.6830 69.4276 51.7788 162.5930 142.0098 55.3649 156.4444 72.6076 83.7614 54.8842 207.5075 160.2201 107.2526 126.5149 149.9119 9.5956 0.0000 76.1908 75.8028 134.9728 214.9216 96.1408 65.2997 164.7591 163.6021 95.4132 105.2630 153.6226 182.6548 165.5532 60.3631 121.8087 109.8705 124.7845 34.9057 171.4335 95.4165 132.2289 124.7819 103.9188 196.3653 122.5386 20.1810 186.0276 33.5558 59.6166 80.5806 54.1918 98.3592 174.5358 96.2183 112.7333 158.2618 32.7302 89.7270 99.2977 163.0528 110.8443 182.3305 118.4017 81.3410 88.0904 57.1372 75.0687 148.4069 226.7671 26.9104 23.7500 145.3096 90.1851 258.3404 40.7033 72.6536 51.1270 230.9976 65.4405 5.8887 83.2184 19.8182 116.1922 43.8303 5.5628 57.0939 27.2162 93.7123 71.2935 201.0166 132.3307 70.7225 33.2253 134.3073 112.2506 104.3071 34.1778 76.7095 147.4176 44.6125 126.9778
154.9422 127.7458 200.7544 161.7841 81.6176 77.6340 160.2110 83.4015 157.5188 109.0662 116.8030 126.8127 76.8216 111.7259 80.3936 43.9070 99.1911 121.5266 76.1908 0.0000 45.7612 92.7769 159.0508 129.8912 55.0702 155.4945 81.5123 145.9758 115.8858 173.7330 107.7932 32.4750 193.1539 99.0873 62.5357 139.6554 232.7020 75.4059 150.9545 54.2295 27.7163 64.0643 196.3200 113.2705 204.2246 103.0138 89.8964 163.9457 136.9585 77.1766 123.2179 155.6741 203.0627 100.2336 100.7403 46.8767 191.3643 47.0164 101.6455 109.5569 105.5989 161.0729 125.1042 47.9635 66.5499 101.7612 59.2576 130.3390 136.9850 76.8692 12.4906 112.8512 48.8031 144.7543 66.3524 141.5878 149.3742 57.4999 81.6268 118.8952 81.7969 131.5641 102.0019 93.1548 98.9048 125.0935 83.7481 169.7609 73.8175 71.9392 121.4661 118.9694 101.7100 51.5013 46.3642 110.6926 219.2825 91.7000 100.2590 181.1818
78.6468 50.8511 166.7537 135.4330 94.4959 129.8808 101.3071 123.1128 74.9355 225.9087 38.0059 88.0220 73.7769 101.2440 189.6505 90.7020 32.4189 143.2999 75.8028 45.7612 0.0000 164.2811 152.4490 64.4701 83.0114 238.0879 53.9160 137.7362 37.9949 72.8255 216.0910 32.2070 152.2425 134.9437 115.4324 137.1033 81.9977 56.2816 129.5554 78.1659 114.5092 126.1886 106.2786 100.4800 124.5984 18.3484 151.3506 114.1754 69.9842 21.8661 96.3400 80.6529 113.7332 30.7260 139.4008 95.1254 40.3044 55.4067 129.0982 17.6089 84.4105 139.9079 174.9111 57.5906 124.1345 128.0487 58.2157 150.7982 165.3716 182.7274 91.5830 67.0463 88.8419 58.7416 83.1469 135.6620 32.2813 143.4880 105.3744 95.6588 94.7708 84.0501 166.6344 171.9061 110.6326 137.6878 117.6732 46.4088 63.2078 54.2457 236.3177 49.5875 87.0962 164.8521 132.9213 42.1845 94.3727 141.9832 142.7893 187.0230
91.5310 55.6685 147.8754 156.7566 39.4855 155.3745 81.3199 67.8380 166.6516 45.5766 93.1256 186.0896 13.3555 163.0880 139.9308 135.6915 129.9664 172.4284 134.9728 92.7769 164.2811 0.0000 58.9062 232.1781 125.0433 205.5832 163.0105 154.2063 229.8336 89.5221 27.8967 98.8096 106.7534 134.8869 60.2112 206.5864 66.0646 90.9511 94.9272 79.1686 76.0957 143.8781 27.1948 275.8979 97.2695 50.8552 95.9627 134.9143 59.1335 170.1704 122.0394 109.9912 51.7424 20.8314 98.8642 261.0049 164.8250 58.3670 120.7466 178.4427 115.7075 148.0847 209.8509 191.6842 146.4961 39.6466 95.8758 29.1931 83.3195 64.0232 213.1912 113.1141 130.4175 74.0118 65.0877 122.1544 52.2302 87.1846 70.0706 203.6627 110.0334 112.4797 14.4688 110.2947 106.4610 88.4686 60.7070 160.4109 30.3291 23.1777 81.4466 45.2537 189.0797 184.5144 46.5905 68.2301 20.5229 127.1351 115.3962 55.7211
222.0473 86.3650 202.8850 168.1452 148.7104 165.6419 115.8800 100.5847 103.3245 59.6420 94.3901 26.6060 10.6413 26.7591 92.5592 98.9643 101.0646 158.7702 214.9216 159.0508 152.4490 58.9062 0.0000 102.4899 178.5363 101.2297 0.8015 133.6927 32.3473 120.1495 6.1802 58.8403 73.4781 89.0019 129.1623 143.9427 82.5293 179.2188 189.5137 57.4499 169.2707 57.7372 64.2129 135.0854 87.1976 110.0057 54.2592 109.7412 121.2671 82.8716 158.8013 106.4828 147.8019 189.7162 169.1014 169.7923 174.6392 148.6400 127.4833 48.1387 81.1105 126.1714 25.8265 119.5740 140.3940 49.1244 97.3894 33.8974 102.8329 167.7560 64.6786 91.8467 211.6938 40.3787 115.0762 125.7829 7.3673 121.9303 90.8182 86.8285 31.8568 21.8978 50.1905 145.6095 61.2692 119.1000 176.0456 138.3089 134.6998 147.7727 107.0610 205.3509 135.3829 131.6832 90.6332 194.4384 165.0993 96.5466 60.1879 86.6030
70.4575 21.4267 108.2972 100.7325 41.5462 129.4693 128.0032 97.4506 186.5413 55.4458 105.4291 109.2736 204.2581 46.6690 98.5945 141.8373 66.2396 163.6260 96.1408 129.8912 64.4701 232.1781 102.4899 0.0000 159.2930 23.7172 55.2932 77.2500 71.0843 145.1345 151.0503 123.8877 73.1886 112.0575 123.6891 100.8118 102.5055 68.3453 168.5737 108.1284 60.2937 97.3359 13.0266 93.6178 170.3362 141.7141 91.1495 125.2073 128.5231 119.6573 90.0851 72.0676 98.8941 52.0346 80.2855 95.6073 51.8235 227.5157 100.9550 129.1008 9.5760 86.1027 2.1568 174.0087 128.9633 87.8337 85.3686 70.3631 50.4516 26.0532 104.1583 149.2623 174.4343 156.9595 145.6445 158.4710 117.6421 62.7606 135.9890 96.9717 174.7317 152.0402 34.6333 151.6463 21.7470 96.0509 122.2436 126.6269 105.4720 54.4286 64.7418 103.2882 56.7971 158.2252 106.6051 82.2899 82.0366 98.2705 225.2164 52.3381
15.6188 208.0644 126.6515 38.1172 101.2990 91.7641 155.1616 102.5088 175.9090 115.0806 206.3342 146.6864 93.4775 78.9358 151.4567 129.1900 140.4275 122.9760 65.2997 55.0702 83.0114 125.0433 178.5363 159.2930 0.0000 119.1416 146.7253 129.2342 92.4414 3.3776 146.0450 186.2288 92.7087 31.6174 89.9272 143.8746 85.4573 124.5633 94.4650 133.6288 160.6982 154.5201 18.9638 61.9909 98.0136 185.7043 62.5105 174.3266 120.9310 150.6693 91.9839 124.4022 28.9855 152.9267 111.9132 29.2104 37.3282 107.2914 133.6770 12.6168 139.1757 57.5703 155.5949 159.7194 36.5927 147.5751 2.3267 81.9310 119.6923 93.6072 96.6273 103.9690 10.8949 209.3486 90.0896 31.1567 40.4387 31.2033 112.0041 148.1101 129.9681 138.4940 245.4780 125.0172 163.1870 183.4706 81.0611 37.2975 122.0775 162.5813 77.1459 156.5462 136.2617 145.1953 40.1459 41.7429 93.7118 172.3162 162.0986 22.5836
82.5869 151.2765 99.5744 201.7203 93.7630 140.1384 6.2574 52.6392 64.7305 68.7406 89.2211 23.7765 31.1444 126.0137 107.0649 78.0011 163.4955 226.4642 164.7591 155.4945 238.0879 205.5832 101.2297 23.7172 119.1416 0.0000 152.6775 204.7039 128.7755 165.4844 92.1032 184.5254 77.6759 152.4065 51.9525 111.6961 210.5655 83.3591 109.0930 140.0303 107.1934 73.8951 173.3778 146.4134 75.4422 113.7937 181.9960 111.6513 106.0431 167.9858 64.1751 19.2635 95.3385 171.5011 199.9030 97.2611 32.6893 136.2203 140.0602 52.6064 84.9512 77.1008 94.0136 115.4553 77.4510 181.0538 69.3753 123.8021 96.8574 205.3991 51.1300 35.1485 86.0396 73.6190 235.3562 153.6464 123.3761 216.8137 78.4927 113.5578 35.9790 55.4294 155.9903 104.6697 160.8799 139.0215 53.7993 141.9230 95.0222 214.2068 68.5465 164.4898 149.7137 25.8874 88.5300 138.4684 94.8306 115.4910 50.3487 122.9763
88.8874 163.6226 179.4411 52.0468 91.1039 96.2030 173.5903 163.2122 39.1171 96.9178 195.2390 100.8947 79.9814 101.3704 119.1241 176.9356 5.4879 3.0371 163.6021 81.5123 53.9160 163.0105 0.8015 55.2932 146.7253 152.6775 0.0000 35.2440 99.3636 74.6682 98.8845 131.5484 11.7978 67.3143 74.7152 55.1609 122.6022 184.2370 22.7945 110.8804 210.3165 43.6065 110.1869 146.2857 93.7412 65.8742 97.2854 48.0435 66.8765 7.2371 27.1600 130.3442 34.1373 131.5180 179.1086 107.4253 76.9175 1.4060 107.6250 158.0559 171.4221 123.6739 14.3457 56.6867 140.3491 46.4545 229.2655 108.7090 119.4056 105.4473 5.1895 183.4469 88.4493 37.1280 145.4481 103.3927 58.7398 148.1075 46.6230 56.7040 23.5371 69.1017 119.9411 29.0698 192.4767 55.1263 54.8497 55.8322 43.5118 100.0884 158.7101 205.7623 63.9717 44.3160 64.6425 105.7149 197.5444 78.0344 53.6643 68.1837
128.2996 134.6690 169.3687 129.4179 181.9925 65.1637 141.7445 127.1051 179.8275 169.9881 75.3103 149.4817 109.4521 135.8262 55.7567 116.7063 208.4113 80.4001 95.4132 145.9758 137.7362 154.2063 133.6927 77.2500 129.2342 204.7039 35.2440 0.0000 132.4103 97.6942 71.9656 112.3733 64.8247 141.1177 108.1459 100.7546 84.7772 47.4502 143.4630 85.5450 30.1851 149.6274 168.3736 125.9758 152.1040 80.5107 99.0421 107.7518 124.6128 35.4472 147.8027 87.5143 142.5867 90.2664 45.2244 97.8227 16.4567 82.5489 69.7042 129.2003 25.4587 85.8362 62.6757 103.1739 7.8717 2.0666 80.2936 78.3987 109.8255 78.8430 1.6202 134.5716 123.2795 124.7102 121.6217 43.9525 143.9391 79.2595 142.3872 241.8932 111.1298 69.0240 213.5356 41.1955 29.0167 35.2102 110.4175 170.8104 134.9871 63.8411 130.5308 153.9083 136.5935 68.9815 130.9712 102.6145 214.3416 170.5740 215.6715 108.1451
45.2029 93.3770 97.1349 120.0866 59.2046 174.1970 92.6944 93.8540 229.1355 68.3481 188.0754 50.7324 90.7437 47.4377 72.4424 88.2516 167.5301 50.0504 105.2630 115.8858 37.9949 229.8336 32.3473 71.0843 92.4414 128.7755 99.3636 132.4103 0.0000 1.9897 57.1812 61.5364 223.0410 45.9382 167.3876 87.1143 98.7712 79.3710 105.7049 163.4560 227.6678 172.1909 125.4252 92.9639 73.9115 121.2974 92.4416 156.3442 198.5945 101.3426 211.3791 138.3522 109.2007 209.8611 102.3498 157.0611 123.9671 176.6973 91.8848 89.4148 83.5472 77.4589 141.3489 32.5845 161.2597 147.6833 78.3534 61.7799 110.5433 61.6693 34.2506 46.4569 147.8099 33.6163 66.6371 93.1608 46.3727 135.9430 62.0347 70.4604 150.9526 113.8069 94.7200 117.6965 89.0496 74.3381 130.7635 85.0288 70.5449 38.3117 163.8763 83.4313 215.1541 7.8537 97.2934 68.3212 102.1827 48.5563 95.6927 338.8987
27.5527 150.4223 87.9445 42.1251 210.7729 135.8375 144.1133 31.7093 136.3748 47.5974 95.6424 166.8707 162.0328 125.6801 50.3252 158.9977 101.9350 90.6223 153.6226 173.7330 72.8255 89.5221 120.1495 145.1345 3.3776 165.4844 74.6682 97.6942 1.9897 0.0000 150.8334 22.6684 26.6217 139.7777 111.2751 178.4373 83.5520 82.0202 85.1067 131.5820 116.2444 37.2423 100.1443 141.8310 134.3991 97.9907 174.8958 189.6623 129.1741 109.3481 121.3714 94.9728 202.0426 112.6774 151.1988 7.1279 106.8308 60.9180 103.4591 160.1137 54.9392 92.4746 110.0591 147.1763 47.5555 131.8253 84.1362 136.5423 94.2304 223.0093 147.6111 84.9398 115.4771 65.9383 172.0593 47.8898 136.7208 97.5104 82.8895 64.6141 71.6579 61.3416 60.4393 144.0979 39.6973 148.8039 107.7471 120.7161 23.1833 75.6018 96.3292 161.6096 256.7567 141.3310 81.0034 114.0156 112.2832 70.2630 72.8178 59.0077
94.4861 48.9655 57.1269 135.1867 119.6455 51.1422 185.3191 88.7872 150.6704 40.9984 189.5193 176.3703 161.4336 223.3174 78.0446 94.8245 56.2581 113.5584 182.6548 107.7932 216.0910 27.8967 6.1802 151.0503 146.0450 92.1032 98.8845 71.9656 57.1812 150.8334 0.0000 8.6953 54.8672 158.3894 128.4957 97.7562 121.5531 47.8553 182.1967 76.1549 145.3895 194.5381 87.7139 108.2669 59.1162 106.0320 158.9759 58.0537 191.6164 117.0893 67.4724 7.4742 76.5371 84.5234 42.0333 156.8379 205.8371 126.4252 175.6761 37.6692 150.8199 137.2050 84.0905 132.0418 101.4580 108.7856 118.9851 53.1461 173.6713 95.3218 83.0416 105.7736 50.5457 131.0740 119.1195 74.9761 57.4686 114.4131 179.3808 106.7530 109.2963 87.2891 75.9524 145.5168 136.9032 205.1782 115.8921 91.9981 100.3628 83.3892 108.6133 82.8487 167.5635 70.8120 90.6903 168.4447 95.0740 140.1119 32.7762 110.4821
26.1821 92.1081 48.7843 55.1256 146.9057 34.0858 227.3865 19.0378 131.5039 105.7101 12.7991 114.4497 79.7648 152.2827 134.6075 71.5383 67.1697 20.1227 165.5532 32.4750 32.2070 98.8096 58.8403 123.8877 186.2288 184.5254 131.5484 112.3733 61.5364 22.6684 8.6953 0.0000 119.0686 114.5727 79.7751 80.3100 28.2335 15.3845 64.7440 82.4378 115.6249 27.7789 152.8949 44.0991 83.8119 188.3758 54.6632 193.6927 142.6184 68.7959 189.4233 66.1464 98.9900 77.1295 55.7814 145.0054 106.1962 101.6973 101.2448 73.9097 115.7571 167.1373 25.0229 183.7047 21.6461 154.7283 206.8940 122.5033 170.9956 121.5165 95.5015 49.7960 116.5555 153.3983 62.9437 177.9323 110.8666 255.9464 111.0908 99.4246 243.6737 161.2041 77.2126 129.4214 59.3780 131.9864 223.3539 159.1708 148.6658 71.6759 120.6780 53.1577 113.0661 77.8309 97.5938 171.2466 220.6682 35.2100 109.3654 134.2948
77.4481 11.2781 50.1690 106.2887 178.2434 36.8172 32.1265 82.1112 109.9128 163.4805 131.2180 168.9107 168.4663 204.3608 160.1649 176.2791 104.1893 127.0902 60.3631 193.1539 152.2425 106.7534 73.4781 73.1886 92.7087 77.6759 11.7978 64.8247 223.0410 26.6217 54.8672 119.0686 0.0000 113.2780 126.4075 152.9415 25.1120 80.3283 77.5382 90.3410 139.5799 111.0015 96.3712 98.6088 160.6416 178.9111 30.6013 59.2314 117.5033 111.7424 21.2974 116.9859 199.1227 105.8148 2.0935 71.6977 103.0253 194.6046 165.6743 156.6031 184.0843 73.7501 120.8313 74.0613 116.9445 133.4910 78.5915 119.7720 135.7628 122.9487 30.8839 58.9631 145.8773 121.4536 71.5562 88.0042 18.2116 150.2917 70.9055 66.7007 164.7948 48.5749 7.4039 190.7497 104.4827 142.2449 8.0732 87.1416 147.1821 73.2989 123.4811 29.9226 20.4728 88.4179 73.8314 71.9800 175.0438 73.5841 156.8768 77.0948
30.0374 172.0672 163.4771 69.7041 1.7503 83.1800 111.8767 7.3426 122.3872 106.5932 125.9359 54.1671 101.3258 230.0682 37.1489 96.9372 71.0646 22.4607 121.8087 99.0873 134.9437 134.8869 89.0019 112.0575 31.6174 152.4065 67.3143 141.1177 45.9382 139.7777 158.3894 114.5727 113.2780 0.0000 247.8057 88.0798 222.0796 48.5053 19.9322 46.2661 67.5387 84.7443 34.2965 153.1187 34.2009 170.5594 152.5293 192.8676 140.3586 212.4599 96.9509 97.2191 106.7456 81.7128 74.6738 100.4425 112.3488 105.4540 55.0203 75.9402 126.7344 135.1845 117.6960 147.8789 139.0931 134.3716 103.6632 135.5920 70.8723 14.3518 119.4576 96.7029 36.4928 133.8940 67.3093 116.4151 259.5468 46.7207 84.2868 19.5835 64.3568 165.4792 82.8651 106.4949 174.8051 73.7907 121.1450 85.8661 272.8720 98.4300 45.7346 93.3671 144.1667 248.4537 27.1462 57.6410 110.6384 44.0966 85.5945 132.9111
52.9953 132.9598 67.1771 28.5008 27.7950 129.3500 133.0098 131.0020 109.4725 62.9444 110.0648 28.8929 57.1180 89.2295 36.0437 89.1792 137.1116 86.9346 109.8705 62.5357 115.4324 60.2112 129.1623 123.6891 89.9272 51.9525 74.7152 108.1459 167.3876 111.2751 128.4957 79.7751 126.4075 247.8057 0.0000 170.1823 111.1760 191.9714 105.7358 184.1480 214.6872 97.1088 91.9459 195.2579 46.2979 32.3482 87.9580 197.2576 146.3180 41.0723 108.9899 166.9914 172.5013 101.0912 51.8157 127.7135 36.5091 115.3530 60.1694 8.8680 42.8730 102.0725 11.3796 123.8833 228.0493 119.8213 214.5240 99.9104 93.6597 49.5941 58.9407 155.0452 72.9114 153.0015 112.4545 133.5973 138.6096 133.4686 134.4056 61.4488 12.2436 190.4479 38.0975 113.0195 97.5702 183.4551 61.3326 81.5090 41.2554 186.9820 159.7130 88.0987 117.5094 60.9921 60.3559 96.1153 97.1761 129.6720 55.9154 137.5051
66.7440 181.6718 113.1386 100.7413 82.1781 150.0196 103.1239 165.7653 83.6563 146.5697 78.3894 88.6529 141.3570 93.3613 36.7015 142.1288 2.8229 81.0229 124.7845 139.6554 137.1033 206.5864 143.9427 100.8118 143.8746 111.6961 55.1609 100.7546 87.1143 178.4373 97.7562 80.3100 152.9415 88.0798 170.1823 0.0000 24.2785 120.4425 28.4285 153.5303 115.3928 163.6536 96.7426 52.1994 127.6923 123.5969 50.6162 149.8011 100.8710 12.1807 108.0631 107.6876 40.1857 17.1412 166.6960 96.3869 61.2758 81.1779 99.7399 71.0228 199.0578 73.7569 69.1106 12.4082 96.3625 68.6685 14.7892 124.0140 151.6172 98.5801 161.4253 120.5006 76.3976 159.0889 143.2320 141.1652 125.2499 114.1768 179.8917 24.7792 143.4800 93.2564 104.9742 95.4512 68.6890 111.7545 113.4065 73.3419 83.6883 19.9639 138.1097 144.1460 108.5383 188.5218 107.3506 109.1688 160.5489 63.7746 25.6157 136.4942
120.5592 25.5715 61.1126 103.2594 206.1664 54.8874 148.4336 79.2344 79.3341 44.0012 110.6144 241.8892 87.0566 148.4644 159.9868 50.2342 77.7581 150.4579 34.9057 232.7020 81.9977 66.0646 82.5293 102.5055 85.4573 210.5655 122.6022 84.7772 98.7712 83.5520 121.5531 28.2335 25.1120 222.0796 111.1760 24.2785 0.0000 10.8461 142.4386 182.3358 194.7614 93.5554 158.2409 165.7678 9.5501 255.7866 203.8710 57.8040 32.9609 145.6690 38.2019 144.0827 76.7633 111.6367 99.7042 45.7413 116.2241 148.4689 17.6122 45.4946 192.6101 45.5826 85.1017 103.3346 64.6605 96.7577 140.1589 127.9004 69.8900 63.3025 76.6270 15.6158 33.5753 124.1753 146.1998 188.2301 128.4809 45.6827 162.8370 188.0497 220.5460 245.8594 118.2591 166.2030 90.4442 75.1391 81.5720 111.5976 88.6112 135.5136 77.1044 133.9587 49.0816 135.5717 104.9116 105.1306 83.1392 187.1666 69.5680 158.7035
106.9430 62.7274 127.4040 140.1938 96.4243 166.0261 171.9867 93.5888 34.5833 132.5728 94.5476 37.6837 66.1783 105.7344 109.2884 85.0348 25.7174 108.7546 171.4335 75.4059 56.2816 90.9511 179.2188 68.3453 124.5633 83.3591 184.2370 47.4502 79.3710 82.0202 47.8553 15.3845 80.3283 48.5053 191.9714 120.4425 10.8461 0.0000 162.9241 74.4525 64.2343 4.7602 88.4295 100.2845 103.1757 137.8035 67.9376 142.2710 231.1296 161.3642 162.8008 137.0983 93.9892 2.8686 236.7224 108.5869 90.6973 89.7019 118.3647 10.1969 139.6738 65.9036 75.0022 117.8941 47.6744 100.8627 75.8239 21.8653 113.4566 129.6130 181.2546 96.0001 70.0749 142.7511 93.3660 143.6636 175.0379 86.1156 82.2836 218.5003 93.4681 51.5566 48.5543 23.1527 154.3890 129.6712 92.0817 179.5923 28.6898 166.4099 162.7325 80.6459 114.8957 207.4157 19.3005 113.4540 21.5366 119.9253 94.7789 84.3747
119.4166 61.4300 148.3522 169.5905 58.6283 90.6520 155.3644 8.0447 59.8322 39.6966 128.8600 37.8342 116.0747 139.4128 124.7887 35.9869 72.6073 184.9735 95.4165 150.9545 129.5554 94.9272 189.5137 168.5737 94.4650 109.0930 22.7945 143.4630 105.7049 85.1067 182.1967 64.7440 77.5382 19.9322 105.7358 28.4285 142.4386 162.9241 0.0000 81.2767 82.7029 89.8036 7.9277 23.1691 159.8656 8.1385 243.5862 29.3836 32.2605 205.8333 11.7490 46.4817 18.6860 64.9061 99.0193 183.0382 108.2953 190.6137 189.9883 138.2735 40.0630 43.0492 104.0797 58.2280 168.7487 25.6898 213.0868 89.9159 94.5432 38.9327 135.9059 167.7559 61.7526 62.0888 149.9566 2.2104 79.8680 104.5505 194.2028 66.1471 122.5902 159.0542 128.8409 230.0453 159.3606 105.0938 77.5981 257.0056 89.3935 172.9538 86.1897 155.0632 52.9507 75.1965 74.6725 117.8232 126.3264 130.0869 146.6794 51.0035
50.0980 70.2478 30.6517 73.0583 107.0990 112.3481 50.4374 75.4419 38.4601 103.7217 63.8492 162.2739 137.6002 26.8898 218.4552 6.4432 89.6058 79.9306 132.2289 54.2295 78.1659 79.1686 57.4499 108.1284 133.6288 140.0303 110.8804 85.5450 163.4560 131.5820 76.1549 82.4378 90.3410 46.2661 184.1480 153.5303 182.3358 74.4525 81.2767 0.0000 252.8797 34.3815 29.9773 32.0674 162.1449 36.1309 45.9834 67.0633 29.8704 41.3672 109.8102 84.0995 151.8413 181.5835 88.4971 137.3366 7.6046 76.3319 190.1187 160.8064 102.1666 54.2816 98.5052 52.3178 142.3246 64.8177 108.1940 152.8136 56.3650 20.3644 145.8135 105.3799 107.3717 43.8029 41.1055 181.6465 58.1868 116.1404 121.8255 72.4010 104.1509 39.0265 31.1955 86.2556 157.2534 62.4062 28.1614 30.2622 106.9030 54.4641 132.9881 114.2013 27.9890 68.0793 5.1559 101.9371 148.5826 136.6075 140.2228 189.6215
68.7513 50.4304 35.5982 110.1536 91.4534 147.4269 63.6113 111.5070 166.0345 46.5638 78.4532 8.0663 165.1099 119.1434 215.7278 123.1139 21.9687 64.4092 124.7819 27.7163 114.5092 76.0957 169.2707 60.2937 160.6982 107.1934 210.3165 30.1851 227.6678 116.2444 145.3895 115.6249 139.5799 67.5387 214.6872 115.3928 194.7614 64.2343 82.7029 252.8797 0.0000 81.9177 131.0925 80.4271 167.4579 96.9265 149.8892 36.9783 222.9611 172.4820 5.1673 135.7493 71.2711 0.0188 197.8086 207.9459 263.2252 161.4214 179.7964 63.7135 87.2942 80.2988 64.7728 62.5575 50.7773 78.7586 101.0370 187.7201 80.6944 116.3052 245.1650 117.9865 123.9510 106.7222 13.4596 152.5721 137.1085 59.1850 47.4945 155.6382 172.6535 26.7996 179.6341 149.0459 136.1199 137.8603 43.3322 39.0874 47.7389 154.1497 104.5209 58.6680 132.4659 94.9909 109.9305 178.6149 203.1568 29.2878 172.7539 144.5806
135.4125 45.9804 41.8738 113.2061 86.4560 99.8342 176.4321 104.6191 163.6980 88.3423 181.9045 64.8474 154.2331 46.6925 100.6029 75.1508 174.5290 124.8565 103.9188 64.0643 126.1886 143.8781 57.7372 97.3359 154.5201 73.8951 43.6065 149.6274 172.1909 37.2423 194.5381 27.7789 111.0015 84.7443 97.1088 163.6536 93.5554 4.7602 89.8036 34.3815 81.9177 0.0000 22.7446 37.1471 65.2674 167.3214 138.3423 135.4580 87.3758 129.1933 137.0239 67.8605 109.9596 235.0365 86.8298 66.3493 223.8887 129.5067 82.7315 99.1861 111.3189 34.8827 152.7115 109.8475 268.1906 194.1248 183.8616 144.6575 32.4069 161.9776 20.4607 157.6392 16.8022 124.8415 61.8524 58.3492 181.7120 28.1531 116.4655 176.1060 11.4074 162.3485 152.3452 85.0331 129.4308 42.4061 44.9775 166.6349 128.3589 103.2205 172.4036 130.1401 10.9358 42.9100 188.1768 59.9642 74.4903 95.5182 126.7608 76.0954
88.0189 52.1771 116.9035 157.8454 111.6792 35.3185 94.5713 17.8550 103.7953 152.9372 74.1509 102.5982 90.0523 159.9788 158.6812 197.1511 92.9212 177.7089 196.3653 196.3200 106.2786 27.1948 64.2129 13.0266 18.9638 173.3778 110.1869 168.3736 125.4252 100.1443 87.7139 152.8949 96.3712 34.2965 91.9459 96.7426 158.2409 88.4295 7.9277 29.9773 131.0925 22.7446 0.0000 122.9123 114.5597 151.3258 213.0764 42.1546 120.3506 84.2343 171.4038 105.2697 113.2757 41.3287 59.7036 35.1824 188.9209 116.1985 117.4097 182.5228 161.8238 166.9725 162.8615 66.4858 86.4873 79.9043 144.4468 190.1980 123.3344 185.6827 70.9926 232.0686 40.2624 247.0830 54.9373 56.8085 113.4161 17.2175 119.6580 101.1962 45.1817 98.9617 85.7919 122.3434 40.3352 145.4826 89.1864 52.8055 99.2802 55.6276 63.9719 49.6641 163.8989 167.6934 119.4475 73.2540 120.5063 130.9556 23.7402 58.5578
72.0147 116.5669 156.7070 172.1421 96.2708 4.7240 91.7874 147.7834 123.0100 38.4705 49.0898 38.5381 121.0458 77.3305 82.6316 90.3859 89.9808 141.0166 122.5386 113.2705 100.4800 275.8979 135.0854 93.6178 61.9909 146.4134 146.2857 125.9758 92.9639 141.8310 108.2669 44.0991 98.6088 153.1187 195.2579 52.1994 165.7678 100.2845 23.1691 32.0674 80.4271 37.1471 122.9123 0.0000 122.9989 80.7363 22.2725 192.2334 73.8960 161.9412 187.2005 24.1498 58.7794 2.2814 14.0030 154.6947 170.8625 101.6027 172.5384 36.3936 170.8637 41.8704 129.9751 129.5048 113.5915 145.9900 120.5004 30.4363 137.4229 156.0435 155.5193 116.3018 127.6199 152.4530 128.6131 119.8465 122.6284 84.0486 165.3436 10.4802 149.8661 94.1764 84.6523 166.2547 43.8259 34.5218 70.6962 142.4741 167.6311 38.3744 27.0412 168.8670 33.8444 162.5713 1.3023 133.2483 54.9193 45.1638 71.4890 80.8332
117.3162 212.9176 85.8425 42.3260 92.5097 35.3481 135.5040 168.6741 42.4746 154.5873 230.6330 48.9408 210.2810 106.6382 89.0448 179.9646 122.4030 57.2458 20.1810 204.2246 124.5984 97.2695 87.1976 170.3362 98.0136 75.4422 93.7412 152.1040 73.9115 134.3991 59.1162 83.8119 160.6416 34.2009 46.2979 127.6923 9.5501 103.1757 159.8656 162.1449 167.4579 65.2674 114.5597 122.9989 0.0000 110.9244 68.7088 51.4520 95.6806 106.9539 132.3511 11.6707 73.7478 122.5342 76.4924 244.0207 66.3031 168.3771 74.4783 166.7116 12.1497 117.1304 38.3463 27.3930 78.2905 89.4971 110.7597 81.3206 115.1332 141.6115 138.9424 196.1950 208.9045 41.8520 64.8923 171.1100 11.2249 74.1841 25.3659 115.8221 147.6173 61.3529 83.1935 66.5316 68.5400 78.6725 46.6230 82.7854 97.3798 97.4084 175.6144 94.3080 59.5732 104.2891 125.1660 265.0295 35.7154 129.1091 100.0585 59.0764
101.6076 67.2257 94.2345 21.1364 171.8332 186.7764 156.7089 44.9693 118.6937 80.3410 163.1141 23.2395 90.7914 104.6544 95.8465 203.4849 184.9381 90.6220 186.0276 103.0138 18.3484 50.8552 110.0057 141.7141 185.7043 113.7937 65.8742 80.5107 121.2974 97.9907 106.0320 188.3758 178.9111 170.5594 32.3482 123.5969 255.7866 137.8035 8.1385 36.1309 96.9265 167.3214 151.3258 80.7363 110.9244 0.0000 165.5611 56.6442 57.4768 72.1942 138.5164 93.6652 193.2911 171.8666 166.8725 157.5101 58.2771 58.7416 59.3182 60.0358 204.3595 123.9445 41.6630 159.2267 59.9202 110.2673 54.8594 162.5494 127.1685 56.7669 113.3142 31.5959 190.1775 173.9434 140.5935 175.1054 192.1804 123.9694 146.2244 33.5931 69.5805 163.3731 237.9839 154.6549 212.3450 133.8776 51.9092 199.1461 41.5425 195.6752 100.2185 112.1511 239.0742 97.2191 110.7928 55.9363 78.2556 96.6599 132.6063 88.3511
103.8019 168.7425 136.4028 106.3470 91.5590 225.6384 146.9248 142.8375 80.9770 39.2837 116.5655 127.8398 118.9606 82.3208 84.5566 6.7139 168.5358 79.1202 33.5558 89.8964 151.3506 95.9627 54.2592 91.1495 62.5105 181.9960 97.2854 99.0421 92.4416 174.8958 158.9759 54.6632 30.6013 152.5293 87.9580 50.6162 203.8710 67.9376 243.5862 45.9834 149.8892 138.3423 213.0764 22.2725 68.7088 165.5611 0.0000 203.5293 95.9500 137.8130 138.8621 114.5042 123.1413 38.7314 128.5443 105.6357 38.8444 16.1595 88.9277 154.8704 63.4403 129.4512 105.5981 108.7763 139.7993 39.7026 152.8729 17.6630 81.7816 177.4684 59.4953 70.3866 109.8906 99.7385 157.5487 168.8625 32.4780 201.4960 102.9288 63.4599 151.7450 52.3619 82.7669 134.4347 93.6287 52.6165 123.4198 71.5459 45.3588 67.0293 98.5002 132.0607 116.0939 134.3811 130.8513 78.5863 188.4198 101.8081 61.2703 204.8695
