100
0.0000 144.6145 27.5179 170.4357 69.3715 111.2753 85.2050 288.1839 8.7430 155.5041 165.4103 165.1435 162.5414 50.6763 158.3745 56.0064 135.8463 135.2544 6.8349 129.9136 125.0396 24.2795 188.8847 178.1083 161.9723 58.4989 85.1372 126.1628 54.4047 113.4070 112.5330 115.9765 144.8726 110.1260 72.6244 182.9195 165.4494 157.6697 77.0955 64.5999 60.8018 86.7586 146.1737 148.1036 80.1788 159.0474 171.3425 185.6231 54.9838 15.7410 21.6025 115.5644 42.6913 98.2579 117.2681 132.1521 124.8929 182.7022 146.6448 180.8537 35.4387 191.8849 118.6767 105.1479 126.9867 0.6925 205.0340 145.3881 160.7627 65.0413 77.6964 55.1378 122.2882 154.8737 93.2949 5.0467 44.1451 142.9952 106.4680 119.4474 117.6899 110.9325 69.3877 159.1944 138.2168 42.7638 117.8719 73.1388 163.8907 99.6313 24.4404 1.1077 146.5961 150.9492 127.1414 74.4269 30.2981 130.9663 143.1604 138.7178
144.6145 0.0000 41.8102 130.9372 165.0714 105.0236 204.2419 21.2911 78.8006 141.0528 109.2504 55.0481 104.6765 102.2894 103.8895 90.7618 19.0248 92.0735 51.8612 172.7021 103.1967 58.0166 95.7927 140.6734 152.1269 32.0944 106.8173 88.1992 156.6351 16.1677 86.2304 90.8761 119.7978 58.4899 30.9986 138.0954 56.8651 6.6522 104.8838 96.5873 75.2233 49.4947 53.9219 58.3802 78.9967 194.4229 139.1040 43.8785 130.7634 67.0634 88.0303 83.0222 29.5072 66.7037 180.6190 33.1657 114.9944 42.6614 47.0358 80.9364 36.1910 89.4220 102.1735 159.8438 11.5638 58.9635 83.9262 150.9407 62.9773 105.1632 142.9898 74.4672 155.1043 66.6530 108.9660 143.2902 120.6089 151.0251 59.8300 131.9096 103.6040 78.3056 75.9429 104.4878 74.7177 62.0468 120.2386 43.9398 140.3829 116.8981 57.8466 101.9018 29.4488 180.1759 128.7623 70.6221 96.2270 88.5827 74.7115 84.8793
27.5179 41.8102 0.0000 73.0695 84.4612 131.5410 25.7513 67.8226 170.9475 127.4472 173.8993 80.3195 94.1224 90.7727 181.2962 47.5472 15.7673 137.2546 77.3716 156.1631 91.4025 111.6499 87.1915 103.7753 140.4168 78.4319 175.1533 144.9236 84.9367 123.6912 138.4548 99.4335 105.6047 36.0145 111.8052 84.1844 57.5329 45.3094 57.0760 162.8661 80.1677 73.2839 59.8960 18.8566 142.2867 58.6001 106.1393 155.1613 4.6816 108.3429 100.9203 197.7683 69.7978 127.1604 182.4181 45.0563 130.3702 215.8859 179.0688 194.4299 144.6887 76.9969 62.6452 49.3453 59.8309 6.2552 127.2685 87.4922 200.8311 208.5484 151.4361 120.3880 39.0035 104.1263 51.4313 25.1096 152.6976 11.5542 149.2601 20.9363 160.0007 143.6602 173.4223 129.0987 63.1929 87.9013 64.9406 117.0696 32.6732 20.8545 116.7348 177.6447 110.9985 89.9852 52.6258 101.8226 26.2934 142.4422 120.7630 123.9611
170.4357 130.9372 73.0695 0.0000 110.1831 194.4887 132.7374 81.1542 88.5776 87.6521 62.3348 70.1290 130.1621 29.7477 154.6139 51.5125 135.5609 138.0722 44.6272 149.3129 111.0390 90.5308 146.5237 213.8821 166.3811 134.2672 110.7898 134.1443 140.2103 139.8332 170.0511 52.6878 167.6472 184.4488 136.2359 112.6987 50.4172 122.2545 191.0061 63.2394 98.0729 124.5210 158.5065 121.5775 201.7851 157.6464 187.2522 54.4464 109.2099 173.0957 165.3138 41.7511 227.8317 57.3503 112.6000 135.5938 170.9541 60.9855 103.1517 82.3589 87.1831 107.0371 98.5940 115.5338 35.1928 141.5008 85.9696 69.5738 106.4141 146.3655 164.9644 112.5123 46.9966 7.4043 146.6163 46.5444 131.2653 137.6800 81.9089 32.9204 232.1123 160.0538 54.5118 118.9495 73.2779 67.7140 114.7629 93.8687 84.7534 176.2901 25.7742 119.5061 56.6810 104.8088 85.2716 89.3100 269.4940 93.7469 110.5167 150.3457
69.3715 165.0714 84.4612 110.1831 0.0000 147.9646 163.6138 88.0020 76.7606 64.7611 168.9685 70.8893 16.8061 94.7046 189.2318 80.7698 136.1877 119.5345 55.4522 190.7299 71.3731 150.1861 106.9075 31.9720 152.2215 158.0291 55.7680 54.9254 100.6275 133.8538 145.4759 50.7796 102.2021 245.4407 58.4231 207.9029 6.2226 54.8178 100.2564 117.5514 198.5667 152.3792 110.5077 153.7114 90.6243 101.7475 95.3246 115.2138 33.6231 78.9392 1.5337 38.1310 132.6943 164.4594 144.0217 225.8806 75.7422 25.3638 140.1529 77.0873 108.7196 26.4710 134.1417 136.5935 135.3832 195.2710 253.5713 42.8134 178.8350 134.8301 57.1900 107.2210 35.9969 201.4997 41.2886 79.0470 137.9195 102.1295 135.6267 132.7713 178.8613 49.4069 56.7335 46.0337 35.8192 236.4679 131.9768 20.8815 127.5786 0.2854 110.9106 4.4316 108.7604 95.7115 112.8331 135.1862 94.8835 55.0647 65.4455 82.3628
111.2753 105.0236 131.5410 194.4887 147.9646 0.0000 88.9926 92.2098 115.1317 116.8756 206.5834 141.8580 90.7720 41.6949 125.0878 86.5106 30.7007 112.5237 220.7363 151.0197 169.8485 163.7486 177.3498 168.9398 115.5958 22.4266 83.8370 39.9362 126.8246 95.5714 138.1514 156.3166 138.3360 71.1994 50.3551 112.7058 114.1993 37.0593 85.4290 71.1087 112.4443 151.4874 165.4738 114.6434 145.4021 117.5811 108.1517 94.4960 94.6419 42.8259 67.9760 125.4909 7.7552 134.0341 161.9888 18.1159 56.7157 159.0067 91.4244 131.7702 44.7891 147.6531 116.8832 128.0019 88.3753 143.6898 206.2297 32.4986 153.0619 129.9815 21.5264 94.4852 166.3030 121.4397 98.6574 215.2674 183.0777 170.0968 77.8823 141.5045 131.2767 133.5313 84.3518 78.7365 105.1540 154.2129 126.1376 8.6683 135.7603 79.2994 215.4254 152.9522 112.8853 158.3373 57.6586 92.9779 94.9701 42.3329 157.5763 214.6519
85.2050 204.2419 25.7513 132.7374 163.6138 88.9926 0.0000 111.1972 181.3010 103.7810 39.3351 87.7744 135.9843 159.4561 30.9502 74.0134 124.6210 104.7215 59.0343 117.8861 82.0045 199.9404 155.5558 107.9945 112.3225 74.4826 86.3003 208.5285 86.7957 110.8672 205.2956 96.6546 70.6293 16.8356 126.2392 155.9945 75.0312 109.9759 64.3610 34.2622 50.4279 53.4374 16.2301 106.9560 162.5508 64.1603 52.2992 115.8846 25.1030 114.5698 122.2190 108.1765 94.8811 72.3347 123.0226 73.3610 0.7228 149.9320 96.2492 193.4705 44.9050 100.2549 40.7081 142.9385 116.1301 167.3064 65.6292 51.8904 141.6550 25.9990 196.8048 52.5835 204.8879 153.4984 115.5060 9.9826 113.6711 11.0160 138.7218 86.4702 67.1532 29.0511 75.6199 142.4268 15.1501 117.0102 109.4633 226.9628 206.6932 57.8473 96.4782 86.1757 80.8210 237.7239 73.0890 136.4699 120.8520 103.6053 144.1725 110.8700
288.1839 21.2911 67.8226 81.1542 88.0020 92.2098 111.1972 0.0000 96.3436 110.8613 17.9021 48.5762 28.7801 94.0566 137.4447 114.0374 211.0361 113.9830 134.4949 154.1734 97.3098 153.1547 82.0965 116.6141 135.1960 136.5157 40.9922 54.7586 102.7722 27.9865 55.2149 204.7794 91.1532 46.3617 92.7448 144.8589 58.4328 64.9097 11.4604 91.4957 185.4180 138.0312 72.5406 24.5766 2.1915 256.7029 91.7906 98.2283 235.6131 129.6102 194.6436 99.4147 76.1569 67.0629 68.2661 192.0875 219.9868 72.4968 114.5224 75.6136 68.2703 2.4070 81.4250 59.3055 120.2251 138.5218 23.9213 135.6342 88.6908 68.9257 107.5367 3.3921 175.8581 216.2970 112.4903 167.0559 28.3190 79.4212 71.9262 47.4909 88.6834 99.6576 89.9020 195.7930 96.7567 193.3759 75.2535 78.4652 76.6414 95.0532 46.9078 146.5949 163.6327 17.0444 82.1367 45.4111 65.7988 94.4190 80.9500 205.1241
8.7430 78.8006 170.9475 88.5776 76.7606 115.1317 181.3010 96.3436 0.0000 19.5149 136.3126 126.8733 34.4211 215.9014 106.3056 71.6920 156.5276 73.0415 113.5200 88.4445 35.5860 148.1537 91.1575 72.3264 81.9285 73.4058 123.7573 38.9277 37.2892 107.9972 125.7200 61.2033 62.7488 5.8836 135.1224 75.2601 100.7551 75.4212 131.0258 147.1671 86.7116 96.3030 101.3105 98.0746 70.5598 69.7615 180.8453 164.9909 87.2274 73.7950 108.1976 179.8270 0.9106 133.1634 53.1906 227.7220 89.7594 94.8824 39.8537 172.2863 146.5348 99.3560 155.6592 150.4165 28.3373 111.8407 75.2406 83.2115 112.0268 163.2183 89.9165 26.8153 101.5667 144.2060 70.7045 109.4603 195.9546 64.2719 94.6515 65.9034 138.1849 27.0526 188.9148 135.2950 58.3381 56.2190 39.7762 90.9515 57.9071 135.4918 191.0859 44.2319 168.3186 139.6809 28.7627 95.1930 152.7564 23.3102 150.5500 54.5819
155.5041 141.0528 127.4472 87.6521 64.7611 116.8756 103.7810 110.8613 19.5149 0.0000 13.1461 116.4742 94.2937 24.0308 136.1243 100.1093 59.3074 81.3510 96.6127 180.7930 59.2136 107.4977 197.7129 86.3964 33.0193 68.0686 257.1932 109.0665 188.2131 110.4943 123.3774 106.5359 102.1219 85.4335 49.8371 123.1227 49.7923 108.2050 182.5991 123.0983 120.0155 137.9167 41.2790 100.9346 163.4954 146.5892 77.5223 175.2510 28.2626 141.4234 122.7572 43.8138 161.8200 25.3222 127.3275 181.7463 45.4732 42.8108 184.1773 26.9248 43.5834 106.5409 19.2643 219.6660 53.0451 49.9783 105.5890 49.1838 134.6258 33.5285 134.8319 204.4151 120.5192 174.4310 68.7090 119.9628 74.4811 186.7423 127.4300 50.1709 63.9309 113.6810 102.1856 190.7029 140.9060 101.9258 135.4756 133.7595 5.1621 169.4181 177.1550 147.0142 180.5385 120.6078 175.6722 144.8855 120.8241 127.0474 18.1089 108.8446
165.4103 109.2504 173.8993 62.3348 168.9685 206.5834 39.3351 17.9021 136.3126 13.1461 0.0000 68.8867 66.1892 163.8495 108.2288 82.2509 38.0873 36.0027 57.7074 51.8695 88.6446 130.1563 59.5956 32.1742 189.4325 124.5572 104.2166 37.1441 84.0237 31.8502 208.0225 82.7139 165.6183 146.2978 140.2545 96.9164 51.3327 32.9453 129.6287 100.3737 127.8147 60.0981 37.7932 52.6750 42.7828 73.8950 98.3995 81.6170 44.6292 194.9430 199.7524 10.0636 85.8715 148.2175 61.8633 163.6622 76.8818 146.9730 155.0361 86.1880 120.4259 190.3601 69.4808 57.8214 122.8734 186.3278 101.2717 130.2657 124.9229 235.8798 82.1036 108.8601 167.9832 93.1586 121.1252 71.0031 138.2476 38.2481 94.6864 160.5167 222.3769 12.4789 175.9428 209.0489 135.3004 142.0740 205.6191 194.9291 116.2330 59.1673 122.1924 45.7202 96.1211 201.1137 105.6782 119.9498 77.7628 163.6595 137.6912 29.0182
165.1435 55.0481 80.3195 70.1290 70.8893 141.8580 87.7744 48.5762 126.8733 116.4742 68.8867 0.0000 44.7074 105.5841 48.6340 90.6123 111.3021 116.6854 66.7482 100.4840 20.2176 122.4068 141.6549 110.1636 139.6851 120.6176 91.8314 116.7503 33.9142 176.1683 95.8014 105.3598 151.6918 131.2736 16.1782 22.9113 155.5957 173.8065 5.4331 171.6541 142.3316 134.6887 229.3864 49.7750 164.3013 181.1333 115.6811 137.7591 65.6617 59.1107 108.7506 22.8350 87.6769 214.2419 127.4615 98.1993 54.2189 67.8965 142.3058 127.9529 19.0195 102.6784 149.1374 116.4326 109.4203 29.0441 79.5736 153.8595 137.4367 269.8988 171.6910 77.6633 99.4066 126.5612 60.0003 74.5510 104.0313 92.8747 110.3513 42.0643 2.4385 139.4515 126.2472 104.7777 48.9686 66.4651 47.1773 127.6110 33.2456 98.7418 118.0822 135.2626 246.5560 107.4815 24.4506 75.8470 142.3562 169.9805 76.8725 130.3923
162.5414 104.6765 94.1224 130.1621 16.8061 90.7720 135.9843 28.7801 34.4211 94.2937 66.1892 44.7074 0.0000 1.7063 7.4288 106.7118 111.3529 142.3441 38.2783 117.4714 190.8672 141.3415 217.1347 209.1611 118.8830 168.8164 99.0096 81.6873 121.9639 184.6699 105.9311 141.6065 34.0987 186.8615 201.7062 65.1741 131.3776 50.4358 159.4321 82.0203 188.9557 80.8522 106.1785 12.7609 38.3864 123.1624 17.2352 151.0330 135.3415 51.2695 85.5160 216.7019 90.4289 205.4147 45.2079 86.2091 66.7816 118.5009 71.2197 210.6297 36.7501 58.9851 179.4981 34.4723 94.2917 182.2385 174.7008 185.8906 67.4105 156.8785 86.0254 23.8799 105.6938 129.1820 85.3393 92.9443 55.1195 184.8621 13.9001 72.8120 213.6015 196.2739 133.2205 194.9405 127.9176 50.7618 109.5747 60.2108 175.2967 74.7009 89.1012 64.8437 93.3865 12.8562 10.6004 120.2285 41.9749 109.1241 57.8210 92.1222
50.6763 102.2894 90.7727 29.7477 94.7046 41.6949 159.4561 94.0566 215.9014 24.0308 163.8495 105.5841 1.7063 0.0000 169.8632 23.7602 118.6515 162.8243 5.5094 103.0819 149.4384 66.9420 173.2581 114.8646 157.3516 202.6887 137.8181 89.5659 136.6073 158.5263 33.9132 32.9637 214.9657 186.1708 28.0262 35.1755 200.8555 96.0310 153.1751 36.2777 71.0795 133.5276 136.0687 94.8638 40.0777 173.8168 202.7004 172.2021 120.7644 91.0208 63.1178 109.1241 150.6681 134.9737 133.9074 116.7514 66.8967 42.3654 95.5940 88.5914 74.8099 247.1280 32.6806 127.1349 86.7103 176.4361 112.7569 46.6935 173.3387 61.0619 266.5610 194.3847 10.9297 102.5430 31.9967 124.2736 113.8972 118.0144 35.4807 94.3961 142.6748 132.2401 127.7678 115.6854 162.2802 214.4309 207.3338 216.4378 149.7420 136.1187 109.9358 88.0937 32.6068 61.2421 28.1999 71.9688 121.1232 125.2493 225.5020 91.0504
158.3745 103.8895 181.2962 154.6139 189.2318 125.0878 30.9502 137.4447 106.3056 136.1243 108.2288 48.6340 7.4288 169.8632 0.0000 161.9566 134.1627 93.6220 33.4784 104.6351 29.1633 63.4374 156.5136 14.7502 67.1235 60.3415 92.4466 56.8802 210.3815 68.3163 40.5437 139.8538 39.4894 214.5996 99.7892 87.4105 74.9797 101.6871 71.5182 122.0448 105.7670 2.2420 106.5111 72.4765 39.8317 64.4955 59.2456 135.4849 110.2768 13.7672 51.2686 0.0492 151.8937 194.5022 68.0702 212.2129 82.2984 113.2144 130.7433 82.7228 125.6332 18.3105 184.3392 144.2396 112.7024 143.6145 52.0809 128.5974 119.7015 91.3521 208.4703 117.6043 5.3487 99.3048 187.6989 43.8329 66.8236 178.4800 118.2918 19.0329 70.4553 146.8204 113.7827 48.2186 206.6555 226.5978 102.5391 140.3203 1.3265 70.3217 79.0384 62.8512 53.5915 216.3888 32.2548 228.0792 242.5384 42.5047 105.8010 119.2371
56.0064 90.7618 47.5472 51.5125 80.7698 86.5106 74.0134 114.0374 71.6920 100.1093 82.2509 90.6123 106.7118 23.7602 161.9566 0.0000 44.6904 65.2900 6.4946 99.8312 2.5620 98.8608 43.1103 28.4578 108.2685 183.3637 266.4990 63.2286 149.9756 27.2057 18.9954 135.5910 114.7021 175.1455 102.1798 49.4127 300.9587 93.1837 73.8648 157.3107 179.3227 42.6844 21.3700 41.2926 142.3775 99.4006 64.0758 59.1388 31.0327 119.3009 12.2918 150.3366 104.7933 114.8863 64.8497 74.3747 59.1382 159.6387 44.8210 108.0518 117.0573 111.3047 131.7574 75.1443 110.5458 66.0872 151.7982 75.6310 37.0782 104.7581 121.7947 112.3126 129.8338 74.1107 163.7574 100.4438 177.8594 170.8485 98.1497 129.1086 63.5027 72.6048 93.9755 138.5431 63.4896 101.4692 84.4586 140.0472 171.6567 24.6431 141.1026 143.0728 55.3853 36.7828 109.5645 31.1120 65.2018 110.2738 103.4372 109.6821
135.8463 19.0248 15.7673 135.5609 136.1877 30.7007 124.6210 211.0361 156.5276 59.3074 38.0873 111.3021 111.3529 118.6515 134.1627 44.6904 0.0000 104.2458 237.3229 133.9193 159.3459 110.3687 144.1657 255.3468 186.8072 143.3462 124.4015 127.0741 137.5962 110.2136 122.0099 35.2411 108.1757 90.7792 78.1118 90.0731 19.5993 158.8281 28.1035 36.7308 79.8602 44.6371 82.7611 153.7594 101.8610 183.8450 127.9991 101.6659 56.2585 81.4835 44.4828 53.6993 160.5344 112.0236 76.4636 140.6110 139.8853 94.4597 28.2992 130.6208 128.5588 272.2524 196.2591 123.4403 57.5950 52.1634 31.1619 8.9168 156.4274 127.2364 71.6659 203.9470 160.2382 84.9567 106.5345 135.0563 123.8277 152.1290 158.8206 136.8514 117.2039 179.3072 132.1638 146.0269 114.5937 130.4097 54.0611 176.2398 98.1280 133.5549 222.2285 92.5791 136.7052 23.2802 151.4155 166.7907 95.0985 176.0430 88.9768 66.1703
135.2544 92.0735 137.2546 138.0722 119.5345 112.5237 104.7215 113.9830 73.0415 81.3510 36.0027 116.6854 142.3441 162.8243 93.6220 65.2900 104.2458 0.0000 157.0468 97.1832 118.1991 28.7986 103.2453 162.1363 82.2348 132.5120 166.6610 171.2417 190.1129 150.7919 82.1437 14.3432 109.8702 164.7299 128.3771 29.4448 92.2191 116.2314 30.6191 76.1190 64.7002 90.1932 93.5195 34.5950 4.3893 91.7494 158.0333 148.8474 98.0832 152.8314 134.6652 4.5552 55.9283 58.2741 71.3732 86.2584 95.1027 104.0728 158.4623 127.7130 113.8761 77.5396 62.8684 182.2470 150.0277 110.0675 194.1228 46.3937 125.2410 26.7791 32.9242 15.4827 167.8405 36.3027 220.7969 124.0311 154.8613 185.1139 21.1223 87.9517 105.6893 95.3041 87.1332 118.2929 133.7499 78.5220 45.7471 134.7156 111.3023 130.7452 141.5477 2.3235 87.8566 160.4798 42.4933 84.9752 81.3769 64.8569 181.0967 160.3140
6.8349 51.8612 77.3716 44.6272 55.4522 220.7363 59.0343 134.4949 113.5200 96.6127 57.7074 66.7482 38.2783 5.5094 33.4784 6.4946 237.3229 157.0468 0.0000 3.9044 17.4083 38.9652 103.2142 110.5714 77.4428 202.0539 101.5788 94.8387 36.2920 114.8501 74.3177 124.6997 157.0765 48.9863 240.4930 48.3888 83.5594 91.9732 72.6943 106.1577 102.0143 88.4230 129.3068 154.6357 55.4361 92.1037 18.8110 126.2846 95.4021 160.2727 176.2784 172.7354 78.4756 145.3913 128.8011 150.9600 160.2273 160.4545 125.4603 73.1469 24.2464 88.8619 25.9612 98.3587 58.7470 222.6406 233.6833 123.5863 128.8863 138.0537 72.3761 37.1987 56.8742 96.6902 119.9883 129.5082 85.1591 140.2910 250.6034 80.2669 74.0080 102.1395 169.9161 85.7128 151.9103 72.0144 88.7440 124.7996 113.2194 4.2983 14.3836 118.3414 199.4189 23.8680 52.8090 97.0248 52.6918 106.9016 149.9530 148.2257
129.9136 172.7021 156.1631 149.3129 190.7299 151.0197 117.8861 154.1734 88.4445 180.7930 51.8695 100.4840 117.4714 103.0819 104.6351 99.8312 133.9193 97.1832 3.9044 0.0000 145.7945 51.6313 46.8990 227.2294 167.7541 161.5533 163.5441 132.4626 140.5436 166.7071 120.0298 40.9277 184.1830 99.7694 178.1668 40.5234 122.3075 163.4075 110.9026 58.5268 45.3666 94.8383 0.3126 138.8685 63.9494 54.9250 159.2924 92.9601 90.1095 129.4881 137.2257 99.2663 28.3641 55.6730 205.0209 124.7421 220.2414 183.6482 19.4804 110.5611 110.7444 90.4086 114.6118 162.7309 128.6449 179.9868 98.4185 87.6212 126.1186 75.7077 21.8707 146.7228 42.3189 95.0699 119.4971 139.1559 156.8394 45.2642 102.2868 30.7730 84.3034 106.0748 146.7280 239.8351 62.5317 108.2723 114.6773 67.2310 244.3503 50.2341 121.0329 29.3434 94.4769 212.7129 141.8109 80.0885 148.0049 6.6479 64.8210 227.1406
125.0396 103.1967 91.4025 111.0390 71.3731 169.8485 82.0045 97.3098 35.5860 59.2136 88.6446 20.2176 190.8672 149.4384 29.1633 2.5620 159.3459 118.1991 17.4083 145.7945 0.0000 89.3241 156.2923 125.1633 111.7490 53.3187 113.3373 118.8535 157.4834 39.3381 63.1883 26.6640 51.7393 75.8374 94.6181 60.7331 88.6383 97.1459 238.8257 9.9524 91.4514 149.8094 184.1378 104.3764 157.6861 57.1993 170.3448 57.3791 43.9086 118.3883 144.3016 142.5792 161.1211 17.7775 203.4149 185.3716 119.6905 58.9658 283.9427 172.1992 137.2952 185.7763 241.9303 55.8523 179.0162 34.0505 168.9671 13.2925 78.5605 210.2049 81.6438 190.8527 86.5836 22.8867 118.6420 40.3536 79.4061 35.4452 233.8009 200.3707 136.4174 78.7750 177.5604 16.7367 132.9600 100.4349 80.2515 46.4743 95.3007 146.2191 107.5470 174.6361 150.4069 163.8804 120.5026 97.0618 23.8877 168.8231 110.8526 35.4705
24.2795 58.0166 111.6499 90.5308 150.1861 163.7486 199.9404 153.1547 148.1537 107.4977 130.1563 122.4068 141.3415 66.9420 63.4374 98.8608 110.3687 28.7986 38.9652 51.6313 89.3241 0.0000 123.5578 156.6300 193.2569 261.5515 163.4260 173.8768 196.2066 147.4572 16.0760 18.0927 89.8857 51.8061 145.1401 122.3419 8.8018 96.3337 96.3151 111.9710 58.1559 109.8760 82.1991 69.9412 9.0145 69.3250 64.9392 120.0765 45.1521 110.7553 22.0811 67.8744 67.7589 133.9418 68.4282 107.1802 64.5481 94.4269 90.0662 37.0022 27.0710 172.8844 46.8338 59.7669 62.9952 9.4629 98.4569 156.4394 155.4217 38.1283 202.3247 51.8387 84.4024 184.5348 44.2134 164.2343 84.1418 68.3697 93.4842 92.2673 74.7281 125.1991 99.8496 69.5332 71.7589 100.7983 59.2023 155.8689 81.7438 136.0884 98.5982 96.0284 151.9881 163.3883 90.8041 107.5674 150.2483 69.1586 96.4656 156.7726
188.8847 95.7927 87.1915 146.5237 106.9075 177.3498 155.5558 82.0965 91.1575 197.7129 59.5956 141.6549 217.1347 173.2581 156.5136 43.1103 144.1657 103.2453 103.2142 46.8990 156.2923 123.5578 0.0000 42.2573 104.4069 159.7609 155.4998 105.6273 82.4218 37.7674 108.5046 105.0720 187.6652 79.4029 65.4907 180.3444 71.5566 29.6688 70.8610 94.2762 145.3487 112.6105 77.9663 2.7169 119.4186 105.3774 83.9660 6.1175 52.6504 96.0518 83.9734 114.2155 55.0023 54.5068 130.3726 31.2309 171.1967 111.6202 69.2694 89.9103 12.0893 99.1709 106.1476 129.6854 75.2824 4.9926 254.1387 279.3366 151.1825 134.3291 79.0368 116.0796 17.8803 64.4758 32.5750 102.0571 130.8920 200.0551 188.1741 102.1957 132.7658 154.2503 86.8384 233.5333 85.4780 42.4119 143.1276 86.2142 42.0953 92.5314 237.1120 163.3859 197.7504 124.5528 95.9793 126.0664 194.4646 103.1807 82.2427 163.3457
178.1083 140.6734 103.7753 213.8821 31.9720 168.9398 107.9945 116.6141 72.3264 86.3964 32.1742 110.1636 209.1611 114.8646 14.7502 28.4578 255.3468 162.1363 110.5714 227.2294 125.1633 156.6300 42.2573 0.0000 200.4874 100.3488 102.0802 95.4927 106.7554 112.5889 113.5888 39.0247 135.3948 123.3042 99.2452 82.5764 39.8864 137.0439 30.8348 257.8544 24.1425 37.7334 11.1589 105.8112 151.2592 146.2411 7.6557 164.4509 188.7871 64.3768 33.0856 123.0761 43.2275 151.8077 162.7472 197.1929 145.3843 115.2566 64.4426 110.9151 133.8758 166.5107 110.4126 178.9664 123.5431 153.1667 61.1342 179.6323 35.2441 134.4489 118.5951 133.8731 102.1114 7.6921 148.3413 176.6636 178.2625 56.6168 84.6395 103.1487 85.0374 79.0527 169.0122 76.3615 129.7191 206.1672 92.0238 105.4518 94.6803 79.1670 213.6910 187.6709 123.4592 162.8630 21.1525 160.9164 110.2490 119.6393 49.8867 101.8209
161.9723 152.1269 140.4168 166.3811 152.2215 115.5958 112.3225 135.1960 81.9285 33.0193 189.4325 139.6851 118.8830 157.3516 67.1235 108.2685 186.8072 82.2348 77.4428 167.7541 111.7490 193.2569 104.4069 200.4874 0.0000 196.5038 50.9482 15.1888 61.2682 125.8247 170.4981 215.3029 2.3397 82.0090 169.5193 24.7154 117.8113 174.1331 142.1245 70.6084 52.6192 50.3501 97.5913 146.6627 151.5863 52.5965 193.3427 140.6288 56.8739 53.9144 138.6559 115.4209 128.4481 137.5767 197.2602 82.5840 153.6136 152.6849 153.6297 58.4149 170.0199 200.0495 16.1104 77.4346 168.5292 97.5215 8.6087 80.9440 62.0372 71.3722 85.5239 131.8974 211.2193 24.6171 102.0472 119.6082 38.6363 103.0636 89.1908 310.1818 194.0743 34.1919 110.8789 79.8001 127.2681 228.8893 36.9804 102.9913 76.9051 63.6798 45.3383 110.4893 70.9064 45.8324 62.0228 37.7923 158.3100 298.9622 105.0410 36.3800
58.4989 32.0944 78.4319 134.2672 158.0291 22.4266 74.4826 136.5157 73.4058 68.0686 124.5572 120.6176 168.8164 202.6887 60.3415 183.3637 143.3462 132.5120 202.0539 161.5533 53.3187 261.5515 159.7609 100.3488 196.5038 0.0000 136.9299 78.5871 86.8832 100.7067 149.2475 130.8793 120.4357 87.7748 121.5137 18.7686 26.6940 103.3809 33.3090 96.7946 66.6605 83.2592 127.4971 146.1269 68.0796 160.9919 142.4286 174.0426 81.9989 117.5672 113.4643 122.3147 148.7947 38.8387 33.6878 50.5409 68.8653 66.4566 176.3785 57.6213 73.3135 78.4150 13.1129 10.7842 36.6632 47.4830 75.5843 106.9917 112.3438 176.7568 50.3269 83.2572 62.8960 104.9769 6.9379 160.6011 65.7803 4.9579 22.4512 61.3611 163.8017 147.9919 30.3563 135.5324 7.7690 161.3754 132.1388 164.2590 195.3820 25.1808 151.0060 74.9352 92.2007 36.3089 59.7100 45.4306 118.7967 110.2627 38.2313 99.4391
85.1372 106.8173 175.1533 110.7898 55.7680 83.8370 86.3003 40.9922 123.7573 257.1932 104.2166 91.8314 99.0096 137.8181 92.4466 266.4990 124.4015 166.6610 101.5788 163.5441 113.3373 163.4260 155.4998 102.0802 50.9482 136.9299 0.0000 110.8731 97.1776 141.2358 106.4422 171.6274 147.3745 110.4758 179.6162 137.1364 169.1965 152.9813 162.0011 246.9287 109.3930 178.3390 69.4826 89.3399 121.8370 99.1645 52.0463 78.5260 123.5341 120.3763 169.1012 93.2732 52.3446 98.0850 171.1403 99.8256 114.3717 195.3763 82.6625 96.7499 39.6553 118.4477 36.0967 216.6303 147.2894 122.1945 99.5314 36.3858 112.5006 153.3760 58.7981 46.1872 66.7456 77.2635 139.6561 71.2411 25.8470 82.4666 1.6639 158.2537 72.1072 140.5786 93.5014 126.2802 148.1337 73.3367 194.9497 166.8700 125.3805 82.1183 153.5095 154.7234 22.9176 53.8799 62.9424 55.6495 50.5869 51.0522 155.4346 117.7157
126.1628 88.1992 144.9236 134.1443 54.9254 39.9362 208.5285 54.7586 38.9277 109.0665 37.1441 116.7503 81.6873 89.5659 56.8802 63.2286 127.0741 171.2417 94.8387 132.4626 118.8535 173.8768 105.6273 95.4927 15.1888 78.5871 110.8731 0.0000 185.3692 54.0994 166.1304 39.0902 43.6242 128.1282 169.9140 51.9464 165.7216 39.8007 94.6475 256.3551 110.4187 77.5399 58.2994 51.3348 97.3502 73.8017 113.6461 128.7351 198.9429 155.6656 150.1706 98.9376 199.5512 155.9050 133.2119 122.6631 192.8459 145.8039 77.7318 80.4907 101.5697 26.1604 149.1326 159.0218 152.8699 64.2209 163.4198 148.7131 123.9787 62.1594 140.2267 34.0549 47.7186 16.2466 100.0317 155.5136 70.2816 99.4211 156.8142 119.8198 99.5200 152.0112 147.6551 28.1654 163.1731 173.6607 199.5388 7.9217 185.6284 67.1621 99.8999 70.9302 74.7670 173.3231 120.6378 41.9808 35.4360 129.3698 181.1397 128.9717
54.4047 156.6351 84.9367 140.2103 100.6275 126.8246 86.7957 102.7722 37.2892 188.2131 84.0237 33.9142 121.9639 136.6073 210.3815 149.9756 137.5962 190.1129 36.2920 140.5436 157.4834 196.2066 82.4218 106.7554 61.2682 86.8832 97.1776 185.3692 0.0000 132.7329 159.7074 56.2425 46.5372 75.7797 69.7674 130.1662 66.3691 146.3941 205.7865 61.6755 108.7127 84.1455 32.7753 97.9046 138.5731 91.2503 103.9114 60.3604 110.2272 159.8071 53.1823 152.7330 160.4331 71.1009 124.0543 68.7641 192.1747 205.0588 151.4466 167.9477 175.9056 152.5920 23.6520 12.4557 168.4236 96.3924 223.3275 17.7439 41.1842 29.6651 124.0463 162.6328 174.8256 36.1916 134.6387 185.0803 148.0798 51.0010 160.0782 72.2853 67.5146 71.6233 234.9435 88.1456 194.9071 75.1735 80.9905 155.3148 69.4091 96.3964 73.0913 50.0766 122.7743 67.9900 98.8709 175.8936 32.6006 79.5765 81.5510 82.8129
113.4070 16.1677 123.6912 139.8332 133.8538 95.5714 110.8672 27.9865 107.9972 110.4943 31.8502 176.1683 184.6699 158.5263 68.3163 27.2057 110.2136 150.7919 114.8501 166.7071 39.3381 147.4572 37.7674 112.5889 125.8247 100.7067 141.2358 54.0994 132.7329 0.0000 45.8699 41.5852 159.0855 57.6795 154.9895 21.2395 61.7579 113.3671 87.6684 87.9559 117.5010 84.6542 98.4605 200.3588 165.2625 117.0425 228.2361 76.9500 96.3498 76.2348 149.0129 184.0971 46.2735 35.5117 222.9088 104.3285 101.3173 38.7405 173.1773 31.6359 155.1501 167.6263 53.2689 158.2144 69.2541 230.3606 49.9477 37.8172 115.7042 51.5196 58.3684 74.3038 80.9676 164.9038 211.7540 131.1524 171.5951 146.5958 129.7412 86.5537 127.5526 125.3384 61.3499 31.1221 154.5161 126.4946 122.3651 41.2531 79.8261 157.1000 123.5951 79.6890 199.3708 122.1096 147.4751 135.3922 43.7265 165.5617 129.3900 159.8836
112.5330 86.2304 138.4548 170.0511 145.4759 138.1514 205.2956 55.2149 125.7200 123.3774 208.0225 95.8014 105.9311 33.9132 40.5437 18.9954 122.0099 82.1437 74.3177 120.0298 63.1883 16.0760 108.5046 113.5888 170.4981 149.2475 106.4422 166.1304 159.7074 45.8699 0.0000 79.0730 66.5296 194.6268 74.0943 60.5507 153.0806 39.8510 164.2753 12.1902 87.8145 116.8022 98.2638 116.4383 49.0445 167.1952 56.6688 86.6783 106.1045 107.3207 56.5275 96.1990 78.5614 45.8403 85.7039 23.1556 42.2230 171.6580 108.7279 78.0972 46.6699 99.4594 64.0823 77.2636 32.8514 44.5852 132.3096 131.7935 98.6890 174.6151 106.7898 83.0597 70.9234 155.7634 97.1039 124.2982 187.2615 161.1523 15.6352 32.0494 83.0382 143.5829 58.5877 111.5162 78.2555 187.5844 33.1172 66.4212 194.4888 113.0523 157.0941 192.2599 102.6553 29.8515 171.0257 170.4937 211.2393 134.1009 147.9667 32.8991
115.9765 90.8761 99.4335 52.6878 50.7796 156.3166 96.6546 204.7794 61.2033 106.5359 82.7139 105.3598 141.6065 32.9637 139.8538 135.5910 35.2411 14.3432 124.6997 40.9277 26.6640 18.0927 105.0720 39.0247 215.3029 130.8793 171.6274 39.0902 56.2425 41.5852 79.0730 0.0000 167.9419 95.1418 37.7910 87.1423 226.0421 40.7092 16.0506 105.1454 106.2491 171.2677 131.8731 52.0555 172.0988 119.0790 163.6269 147.4143 112.1913 111.1068 82.2322 236.7459 204.3589 174.1512 148.1125 91.4629 58.3407 112.7882 81.3126 170.3644 62.3860 18.5768 25.7955 152.2543 89.4733 234.1512 211.6039 116.3505 229.2444 252.4198 116.2775 162.9525 121.7251 106.3230 113.4927 126.8102 173.5457 202.3519 100.5321 168.3816 124.5297 58.5560 68.3033 125.3817 11.3109 69.9144 78.8652 13.1622 83.4088 152.9089 185.6953 102.7462 5.5939 7.3653 134.9307 119.1385 44.0556 102.4253 179.1438 180.4653
144.8726 119.7978 105.6047 167.6472 102.2021 138.3360 70.6293 91.1532 62.7488 102.1219 165.6183 151.6918 34.0987 214.9657 39.4894 114.7021 108.1757 109.8702 157.0765 184.1830 51.7393 89.8857 187.6652 135.3948 2.3397 120.4357 147.3745 43.6242 46.5372 159.0855 66.5296 167.9419 0.0000 73.4570 45.3752 129.3262 161.0789 51.5037 179.6578 185.9501 109.9451 36.8347 55.5961 114.1104 81.1550 65.0005 9.5127 79.0127 114.0489 91.7378 107.6948 84.8190 19.0073 57.8520 207.5839 25.8479 47.0678 222.6850 40.6453 188.0555 83.5870 38.3063 70.7093 101.1143 112.5937 61.1015 93.8435 252.8112 55.9054 87.2611 130.0787 143.7281 165.9710 86.9877 131.2652 4.7814 117.2696 44.8960 68.4258 163.8762 150.1248 56.3023 67.5239 109.4091 60.6456 131.0446 41.6438 30.7894 140.2661 87.9818 196.9580 90.2195 150.0201 197.2510 248.3452 173.6566 160.6646 97.2761 28.1196 29.3157
110.1260 58.4899 36.0145 184.4488 245.4407 71.1994 16.8356 46.3617 5.8836 85.4335 146.2978 131.2736 186.8615 186.1708 214.5996 175.1455 90.7792 164.7299 48.9863 99.7694 75.8374 51.8061 79.4029 123.3042 82.0090 87.7748 110.4758 128.1282 75.7797 57.6795 194.6268 95.1418 73.4570 0.0000 42.4694 78.9501 107.3011 94.8211 153.5147 6.9176 87.3784 114.3901 158.9670 9.1246 164.9952 81.4038 103.5041 95.8962 113.4393 67.5948 69.2918 135.4261 87.2392 105.4851 147.3383 55.5307 62.0400 137.2079 99.6984 91.3050 187.9339 34.1760 29.7528 157.4256 2.3268 97.3840 127.9788 126.8935 66.1232 19.3301 28.9366 174.1721 40.3176 140.9660 156.2701 152.0551 80.6208 77.7010 96.4051 40.0747 155.1552 91.2666 65.0612 101.8731 151.0496 111.3193 181.5383 166.7235 116.3442 84.0863 83.9208 109.9234 163.6833 146.6479 208.9080 118.0757 97.9679 16.2300 134.7703 97.2682
72.6244 30.9986 111.8052 136.2359 58.4231 50.3551 126.2392 92.7448 135.1224 49.8371 140.2545 16.1782 201.7062 28.0262 99.7892 102.1798 78.1118 128.3771 240.4930 178.1668 94.6181 145.1401 65.4907 99.2452 169.5193 121.5137 179.6162 169.9140 69.7674 154.9895 74.0943 37.7910 45.3752 42.4694 0.0000 86.2880 65.4115 90.3522 74.8049 39.5235 122.7398 211.8372 60.7610 101.5540 156.1764 33.4075 97.9529 85.0343 30.6517 169.2860 98.2809 75.2827 196.7037 231.5723 55.8983 55.6440 234.7176 65.8442 125.0779 210.3165 83.2785 195.2742 95.2414 47.8457 123.0106 131.5580 77.9537 128.4856 144.1643 78.5219 93.0881 113.9704 102.9435 145.1341 73.9776 274.2164 78.9392 34.2927 50.4161 54.6912 18.7728 37.9477 126.5534 70.9877 56.1493 68.9643 83.0006 75.9831 24.2217 83.9133 82.2876 20.7949 54.1975 84.9715 125.1012 124.8697 99.5927 161.3975 67.6735 216.3270
182.9195 138.0954 84.1844 112.6987 207.9029 112.7058 155.9945 144.8589 75.2601 123.1227 96.9164 22.9113 65.1741 35.1755 87.4105 49.4127 90.0731 29.4448 48.3888 40.5234 60.7331 122.3419 180.3444 82.5764 24.7154 18.7686 137.1364 51.9464 130.1662 21.2395 60.5507 87.1423 129.3262 78.9501 86.2880 0.0000 56.5067 126.9600 24.0256 185.6441 50.3340 154.4577 152.3296 58.1208 119.2929 81.2174 64.3095 154.3137 98.4846 13.8353 46.5166 116.5086 94.7803 92.9144 36.0778 166.8081 113.7647 110.3716 74.3010 162.4322 204.6747 202.1164 102.6445 87.9476 74.2555 203.9878 114.6394 137.4404 153.0670 96.7209 131.2939 109.5694 187.9338 12.3884 31.7236 99.5033 198.9786 55.8255 60.3753 134.4149 67.9210 163.5525 207.7428 50.0790 143.9441 115.0084 8.6668 131.6810 141.4809 153.9960 126.4319 18.6049 56.7803 140.1222 106.5481 37.1112 163.4048 102.7260 177.5621 164.1293
165.4494 56.8651 57.5329 50.4172 6.2226 114.1993 75.0312 58.4328 100.7551 49.7923 51.3327 155.5957 131.3776 200.8555 74.9797 300.9587 19.5993 92.2191 83.5594 122.3075 88.6383 8.8018 71.5566 39.8864 117.8113 26.6940 169.1965 165.7216 66.3691 61.7579 153.0806 226.0421 161.0789 107.3011 65.4115 56.5067 0.0000 67.4299 176.9701 84.5136 60.3938 153.8530 109.8848 63.8331 63.8818 115.8203 40.1048 154.7067 38.1629 196.0698 104.8501 115.6519 107.4092 83.8431 119.0017 94.0114 143.5216 104.2108 119.2698 158.9831 288.2496 106.0070 170.1793 234.6274 18.8697 205.1833 178.9921 105.7568 117.5478 101.4337 106.8036 153.3752 43.4892 56.7230 172.4613 61.9721 217.7863 90.7317 67.7740 103.8544 38.1503 138.3084 83.6697 93.8799 132.4473 185.9117 89.5879 27.9723 93.1018 31.2199 100.0835 7.3521 116.2425 62.6251 176.8963 108.1542 178.6572 118.4442 76.1639 44.5192
157.6697 6.6522 45.3094 122.2545 54.8178 37.0593 109.9759 64.9097 75.4212 108.2050 32.9453 173.8065 50.4358 96.0310 101.6871 93.1837 158.8281 116.2314 91.9732 163.4075 97.1459 96.3337 29.6688 137.0439 174.1331 103.3809 152.9813 39.8007 146.3941 113.3671 39.8510 40.7092 51.5037 94.8211 90.3522 126.9600 67.4299 0.0000 95.2252 188.8978 62.2231 141.5019 159.5718 96.3041 149.6304 139.8184 159.2121 126.9789 17.3000 43.3436 98.9952 17.5315 111.4691 86.3097 112.9361 100.4051 107.5504 77.0950 85.9648 130.7673 117.3081 96.6341 109.5512 116.8628 110.1386 137.3520 35.1078 81.7515 64.2802 170.2915 95.3746 73.7366 143.8581 106.3932 123.9318 157.4396 131.5968 30.3217 93.3984 104.4641 164.9155 65.2098 83.6672 103.6203 118.5146 135.8729 21.0410 62.9479 16.2414 90.4044 76.0452 129.1089 157.9437 149.8367 128.4007 78.1145 46.6368 159.0284 146.4130 145.0943
77.0955 104.8838 57.0760 191.0061 100.2564 85.4290 64.3610 11.4604 131.0258 182.5991 129.6287 5.4331 159.4321 153.1751 71.5182 73.8648 28.1035 30.6191 72.6943 110.9026 238.8257 96.3151 70.8610 30.8348 142.1245 33.3090 162.0011 94.6475 205.7865 87.6684 164.2753 16.0506 179.6578 153.5147 74.8049 24.0256 176.9701 95.2252 0.0000 202.8050 112.8696 148.5709 57.6686 122.0618 6.2826 94.4549 173.9650 122.4546 57.9459 18.2621 173.2589 22.2085 163.5867 146.6557 69.3429 39.5657 37.6588 89.9213 43.9105 109.3221 139.0677 236.6750 132.8466 10.4034 151.1021 111.5177 142.0842 117.6884 153.4147 73.8656 180.5717 134.0381 166.5564 24.1090 8.2477 105.8721 27.0314 122.5680 142.2212 66.0342 111.9626 69.7772 168.2479 31.8202 197.3138 133.1721 140.4267 170.8083 55.7889 2.8309 27.3185 47.5282 238.9915 159.9568 175.3762 131.9845 155.8522 69.7085 120.7493 148.1458
64.5999 96.5873 162.8661 63.2394 117.5514 71.1087 34.2622 91.4957 147.1671 123.0983 100.3737 171.6541 82.0203 36.2777 122.0448 157.3107 36.7308 76.1190 106.1577 58.5268 9.9524 111.9710 94.2762 257.8544 70.6084 96.7946 246.9287 256.3551 61.6755 87.9559 12.1902 105.1454 185.9501 6.9176 39.5235 185.6441 84.5136 188.8978 202.8050 0.0000 155.4388 56.3152 107.6459 174.7440 177.5364 66.5806 101.6831 33.7181 69.4744 219.6358 30.9970 85.6470 234.1644 110.6723 102.1219 84.9555 52.6222 159.2620 194.3792 155.9500 82.1538 127.0321 123.4965 73.0687 113.1471 123.4682 78.7454 39.6858 88.5566 71.4613 41.5834 192.3443 116.0175 131.5692 156.0028 63.5514 160.2561 166.9043 32.7070 224.6448 63.1704 136.3472 82.8521 108.3961 54.7663 39.1451 70.9212 49.5888 97.4014 45.8607 57.2109 136.1718 165.2960 164.9138 184.2170 107.4817 174.7478 189.7848 72.6638 132.1503
60.8018 75.2233 80.1677 98.0729 198.5667 112.4443 50.4279 185.4180 86.7116 120.0155 127.8147 142.3316 188.9557 71.0795 105.7670 179.3227 79.8602 64.7002 102.0143 45.3666 91.4514 58.1559 145.3487 24.1425 52.6192 66.6605 109.3930 110.4187 108.7127 117.5010 87.8145 106.2491 109.9451 87.3784 122.7398 50.3340 60.3938 62.2231 112.8696 155.4388 0.0000 79.1893 179.7389 36.7460 26.4061 48.8830 223.9709 29.4663 139.3233 48.3843 69.7280 43.3144 70.4761 123.5786 151.3910 121.2216 19.5148 154.5116 194.8542 114.7813 139.7652 81.2640 21.8485 72.9383 48.9241 79.9527 65.6313 71.0783 142.5438 62.9247 230.0118 170.1534 136.6593 38.8780 173.7871 99.4525 150.9738 98.5907 189.1491 174.8651 178.7794 37.9106 187.6410 37.1336 39.7203 148.2253 72.7237 176.7566 1.0622 57.7355 117.5096 117.8207 180.2829 83.8528 32.7111 79.8301 77.4529 168.8707 86.2914 49.7890
86.7586 49.4947 73.2839 124.5210 152.3792 151.4874 53.4374 138.0312 96.3030 137.9167 60.0981 134.6887 80.8522 133.5276 2.2420 42.6844 44.6371 90.1932 88.4230 94.8383 149.8094 109.8760 112.6105 37.7334 50.3501 83.2592 178.3390 77.5399 84.1455 84.6542 116.8022 171.2677 36.8347 114.3901 211.8372 154.4577 153.8530 141.5019 148.5709 56.3152 79.1893 0.0000 106.3288 108.8687 32.8377 16.1741 180.5006 214.1632 70.3166 40.8854 161.0188 123.4702 30.3464 75.8448 95.4207 51.4025 29.3342 27.3172 67.8881 153.2828 159.8708 151.5664 132.5471 140.6212 125.5176 44.6029 10.6653 123.2734 125.4367 186.2399 114.6124 70.8032 67.2935 80.7586 84.5391 67.7186 72.1659 10.6387 82.1742 4.7294 86.7561 115.5357 174.6353 75.5845 72.2741 46.6166 116.0668 145.6282 83.6570 84.7013 126.6677 77.5732 205.5704 19.8057 160.0824 60.2448 64.5938 130.5704 101.1062 131.1485
146.1737 53.9219 59.8960 158.5065 110.5077 165.4738 16.2301 72.5406 101.3105 41.2790 37.7932 229.3864 106.1785 136.0687 106.5111 21.3700 82.7611 93.5195 129.3068 0.3126 184.1378 82.1991 77.9663 11.1589 97.5913 127.4971 69.4826 58.2994 32.7753 98.4605 98.2638 131.8731 55.5961 158.9670 60.7610 152.3296 109.8848 159.5718 57.6686 107.6459 179.7389 106.3288 0.0000 81.8501 130.6816 49.2284 172.6967 41.7168 117.4237 64.5185 93.4878 16.6718 220.2514 12.8170 181.6197 100.2130 188.2658 161.9542 95.1355 86.7587 89.1462 43.8095 129.1428 80.1659 109.8303 47.6303 95.8793 140.6323 106.7219 46.2600 120.5588 31.2120 57.4496 55.7846 5.0128 112.4385 160.9253 62.8704 68.5138 34.8886 192.8121 88.7678 69.1712 165.5652 56.3862 35.4431 44.6669 146.2836 121.4373 237.7179 2.2064 53.5780 70.1917 116.7215 134.1658 100.6619 81.9032 87.6134 43.7597 95.7844
148.1036 58.3802 18.8566 121.5775 153.7114 114.6434 106.9560 24.5766 98.0746 100.9346 52.6750 49.7750 12.7609 94.8638 72.4765 41.2926 153.7594 34.5950 154.6357 138.8685 104.3764 69.9412 2.7169 105.8112 146.6627 146.1269 89.3399 51.3348 97.9046 200.3588 116.4383 52.0555 114.1104 9.1246 101.5540 58.1208 63.8331 96.3041 122.0618 174.7440 36.7460 108.8687 81.8501 0.0000 3.0641 115.1957 124.1631 175.9604 90.4521 77.9914 119.2929 109.6976 153.5180 89.8138 73.7630 144.1849 239.0397 29.6416 72.3217 57.3441 74.2126 162.6905 58.9536 240.0257 90.8220 173.3692 12.3479 221.6977 2.6806 55.1243 177.6516 55.4014 90.6438 133.1148 130.1859 99.1336 113.0222 125.1118 53.7630 172.0967 185.9657 178.4395 158.2027 190.2686 85.1101 30.0044 185.5195 41.7128 198.8001 179.4647 180.6424 89.5691 161.5283 85.0195 143.2809 157.5285 122.7890 79.2359 93.8401 89.6526
80.1788 78.9967 142.2867 201.7851 90.6243 145.4021 162.5508 2.1915 70.5598 163.4954 42.7828 164.3013 38.3864 40.0777 39.8317 142.3775 101.8610 4.3893 55.4361 63.9494 157.6861 9.0145 119.4186 151.2592 151.5863 68.0796 121.8370 97.3502 138.5731 165.2625 49.0445 172.0988 81.1550 164.9952 156.1764 119.2929 63.8818 149.6304 6.2826 177.5364 26.4061 32.8377 130.6816 3.0641 0.0000 83.7074 72.7684 167.1886 150.8335 98.7480 106.8959 21.9266 89.7468 158.2038 67.0694 66.3078 167.0193 151.4710 54.4931 89.0297 116.3994 58.2243 122.4785 46.0391 68.9408 124.0730 23.7516 108.1343 21.2526 141.1722 159.3925 134.9405 139.1681 149.4669 66.8486 95.0074 146.0939 3.9102 162.2269 4.3671 133.4161 163.0691 67.3064 60.9414 134.5800 86.0708 86.3074 41.8968 56.6506 12.3998 54.0860 154.8516 66.3464 64.9509 135.3354 108.3782 115.4039 59.9984 86.2405 59.7524
159.0474 194.4229 58.6001 157.6464 101.7475 117.5811 64.1603 256.7029 69.7615 146.5892 73.8950 181.1333 123.1624 173.8168 64.4955 99.4006 183.8450 91.7494 92.1037 54.9250 57.1993 69.3250 105.3774 146.2411 52.5965 160.9919 99.1645 73.8017 91.2503 117.0425 167.1952 119.0790 65.0005 81.4038 33.4075 81.2174 115.8203 139.8184 94.4549 66.5806 48.8830 16.1741 49.2284 115.1957 83.7074 0.0000 107.2627 43.0779 208.5077 35.8083 167.0140 148.8678 108.4276 114.0396 73.1327 89.6481 149.6984 70.8314 207.6703 135.7417 158.3642 159.1059 18.1072 39.7252 176.7060 107.1882 39.3917 68.9904 106.6220 150.9073 95.9440 116.6182 22.1061 179.0091 59.6912 150.9922 58.5125 99.9338 83.8840 100.9065 34.4317 170.8296 113.3504 208.9293 136.3133 171.2442 175.3777 10.9763 37.6337 163.5826 152.8698 73.1180 24.8071 102.3409 260.4427 186.3480 98.3909 82.9307 131.6752 179.0811
171.3425 139.1040 106.1393 187.2522 95.3246 108.1517 52.2992 91.7906 180.8453 77.5223 98.3995 115.6811 17.2352 202.7004 59.2456 64.0758 127.9991 158.0333 18.8110 159.2924 170.3448 64.9392 83.9660 7.6557 193.3427 142.4286 52.0463 113.6461 103.9114 228.2361 56.6688 163.6269 9.5127 103.5041 97.9529 64.3095 40.1048 159.2121 173.9650 101.6831 223.9709 180.5006 172.6967 124.1631 72.7684 107.2627 0.0000 106.0923 118.8451 90.6966 91.4605 184.0704 184.8456 27.9775 80.8290 123.1379 160.2610 142.4612 93.7154 158.8991 141.4764 116.3137 94.4736 9.4501 136.9352 123.2505 42.1914 176.4644 132.4324 141.4807 29.4535 172.2507 155.5955 163.5657 100.7419 75.6717 114.5830 84.9955 92.2153 101.6005 106.8735 70.0602 144.4363 176.8922 75.0183 135.1436 133.0165 132.2781 144.4967 30.1558 110.6459 191.6857 83.8518 48.4403 114.7961 65.4130 95.7674 13.9823 133.6753 93.8635
