100
0.0000 234.0876 123.5730 11.1009 185.5303 79.7556 82.7605 75.0587 131.3073 85.6286 157.6376 97.9846 51.2345 38.9715 86.9581 137.4005 37.7777 149.3234 187.6530 143.8909 141.3858 117.2588 61.4155 40.1004 93.0686 124.1477 170.0137 94.0425 70.1848 53.8440 195.0771 46.8540 35.5481 113.2511 31.7009 53.5074 9.8669 172.7108 131.5981 49.8628 45.2123 52.0394 104.3671 162.9958 138.0282 33.5054 140.2485 213.7393 93.2813 61.4297 154.2178 13.6266 108.9894 125.8532 73.0691 184.6525 164.0398 119.0581 105.1409 181.7926 174.5596 35.0465 34.5706 148.8389 59.3394 33.2593 167.7243 26.0629 18.1106 156.9985 62.4012 217.2124 89.1923 159.3118 109.0066 112.4631 121.7194 139.7675 45.5408 127.8920 115.6289 179.1689 144.7987 101.2092 141.0902 77.0684 54.0073 165.6858 162.2759 142.9004 115.8426 120.5500 171.4962 148.2613 84.7677 117.8053 70.9736 9.7307 55.3602 156.6833
234.0876 0.0000 47.9891 169.0504 74.1656 81.2913 196.3990 247.2022 186.6510 183.2892 51.8660 135.8161 172.9736 189.5174 137.0259 118.2601 120.6775 34.4616 140.9796 73.9392 73.7367 69.4459 175.1202 98.5873 64.3363 32.5012 83.0543 66.9223 70.5851 79.2513 75.4539 5.2826 113.3515 124.7460 25.0971 170.0890 151.2703 124.8597 34.8930 48.3904 94.7062 53.1265 187.6253 7.2490 71.9300 128.8750 152.1496 171.1703 134.3746 121.7380 39.3174 21.9829 16.9596 82.8903 102.4047 50.8173 76.7655 48.4018 109.8591 185.9925 81.4229 75.6295 66.0597 80.5911 164.9634 269.6023 95.8015 125.2095 169.5948 63.5536 141.7282 40.5148 9.3397 138.8010 65.0083 96.8070 130.1399 195.1178 116.1729 75.0653 20.1690 171.0123 80.9393 109.9624 138.7203 71.6491 38.5948 27.2131 99.4562 89.8031 220.5595 144.8767 35.2829 127.1164 48.9953 133.9803 193.3546 116.3580 98.3121 201.3488
123.5730 47.9891 0.0000 116.4824 100.3359 87.6862 88.2690 90.6493 42.3626 82.1116 165.0188 97.4044 247.0426 57.6048 157.0137 88.4037 147.1305 118.4402 81.9228 105.7102 160.5403 58.7347 40.8979 106.9636 48.9359 64.9086 35.8160 70.8818 122.9148 115.1535 171.9831 117.2969 57.7096 123.4274 58.1109 99.0624 121.6542 195.8886 65.7546 84.6988 67.3550 39.4992 8.6570 167.4734 25.7494 66.6949 185.7221 161.6532 137.1821 66.9440 179.9145 206.4067 86.6915 133.4540 98.0519 44.1867 102.7484 195.9388 137.7360 121.3908 239.9512 70.0299 197.0288 102.6286 56.8360 170.9116 131.8692 106.7815 60.5520 60.2887 178.0513 56.5593 141.4759 23.9351 117.4314 5.1357 41.5567 93.8236 219.1038 76.7857 68.1044 111.5260 134.4542 148.5259 22.5759 117.5590 91.3673 146.0233 128.7050 71.7854 144.1571 55.0593 109.9125 27.3335 71.0035 47.1403 53.3574 137.4941 183.6194 53.2216
11.1009 169.0504 116.4824 0.0000 47.0620 157.6606 63.7009 125.5416 55.1008 136.1460 65.3149 17.9006 83.8125 94.8539 81.6054 35.3833 187.1250 194.7931 166.0713 64.4104 87.5519 156.8127 102.9775 72.1784 93.8961 116.6816 56.9764 135.1688 118.2854 139.1498 54.4577 172.1510 123.7360 108.7495 183.0879 61.0380 60.5915 68.5379 84.7162 92.3244 64.0326 74.5725 108.3006 127.7950 167.2242 3.7737 108.9313 123.5635 37.2543 142.8693 120.6572 61.9089 73.5039 104.5792 119.5437 113.9577 215.9157 118.9586 136.9399 96.8939 155.9292 79.6670 79.8788 94.8855 190.8645 122.4766 15.6745 119.5513 80.1535 110.1257 14.5416 184.4612 65.0361 28.1548 76.4592 239.0954 184.3649 100.4264 136.2041 281.6795 101.0651 155.7861 136.5267 224.1356 123.9867 125.2669 158.8768 147.6295 63.2471 102.0151 83.1708 79.5667 88.8833 172.2936 169.6580 164.9342 105.8735 138.4925 76.0602 53.4605
185.5303 74.1656 100.3359 47.0620 0.0000 218.8651 36.1473 137.0279 109.7504 87.4916 84.2157 9.4218 209.0240 70.1187 34.5500 129.6568 67.8554 24.1969 71.2163 46.7199 196.3975 113.8942 122.0169 180.3326 30.3229 101.2564 47.5620 185.4935 155.7885 98.3439 69.0714 190.3059 71.2518 12.5659 35.5320 95.1718 101.6927 5.3367 23.2342 120.6610 72.3084 151.7001 134.2271 50.7271 147.5090 175.2042 108.7306 40.1456 119.2129 244.2603 29.8042 131.6144 83.9326 150.6675 142.6765 60.2347 116.5786 29.5593 37.1905 44.8873 47.0576 130.6682 157.6700 129.8103 164.5840 65.1140 8.6645 65.5925 109.1853 98.8127 131.5967 133.5903 73.5350 151.0949 140.4039 40.1570 174.3068 38.5601 144.9468 109.5701 143.3738 143.8011 100.8934 179.8995 89.5724 116.9559 70.8417 197.4530 136.2101 133.5117 44.8028 78.6051 156.3942 144.1625 150.6025 222.2493 176.1782 175.0421 54.5599 27.3844
79.7556 81.2913 87.6862 157.6606 218.8651 0.0000 104.4062 135.5691 21.4422 168.0750 119.5881 90.8331 66.7724 99.5282 68.8926 73.4426 101.6660 146.0948 22.1900 20.7551 140.4553 71.0758 84.3300 106.9701 106.2268 108.8254 141.4432 172.4937 193.4859 39.9367 25.1060 135.3857 164.1046 33.4481 66.9664 130.0829 95.5315 183.4714 147.9165 98.6641 21.3439 113.4809 17.8014 191.0963 55.2242 59.7186 148.8821 60.3388 175.1709 116.1457 94.4969 94.8024 31.8737 117.0231 50.1115 146.0283 219.2145 109.6233 165.2560 169.4736 124.6304 111.6405 86.8617 69.5631 63.2932 0.9179 50.1143 13.2603 113.3905 184.7022 163.0013 167.9895 108.6535 50.5293 128.0650 90.0296 132.3633 126.2199 98.6148 99.1666 25.3533 146.7312 109.5160 138.4448 16.5021 55.6203 54.3315 79.7368 164.2923 195.5860 2.7246 142.3910 80.1924 99.1719 142.2892 125.5297 95.7641 187.8354 236.1788 176.7061
82.7605 196.3990 88.2690 63.7009 36.1473 104.4062 0.0000 201.8289 36.7854 116.6911 181.3966 218.6492 115.3510 61.3920 27.7584 112.7766 41.6330 38.1229 89.5363 52.4309 93.1728 199.9201 53.0653 91.7349 172.6802 74.7915 157.6011 119.6557 135.2579 127.1704 80.2213 124.8685 135.8227 49.6199 96.0478 112.1311 70.6462 53.9046 105.3449 234.1610 42.6458 133.2236 208.9203 59.1961 47.7237 24.9996 120.2688 125.1600 139.1275 16.1420 108.5516 67.5775 73.2103 102.4513 56.9960 217.2876 134.6875 59.0299 177.0590 156.2035 29.4282 59.1745 150.3735 35.9961 36.4312 154.8192 175.4435 129.3765 96.2680 64.2717 47.1419 228.5349 107.1971 108.4450 143.2963 163.5233 171.8661 97.0329 180.3589 60.3905 28.4638 170.4877 32.1993 110.1122 43.7169 5.7828 86.5543 130.8359 116.8844 45.3608 119.4905 79.5664 124.1446 105.8256 76.9437 86.1390 16.7083 53.0709 205.3877 132.3731
75.0587 247.2022 90.6493 125.5416 137.0279 135.5691 201.8289 0.0000 3.7450 106.4257 189.7684 140.6270 54.6671 194.1260 17.2424 122.1068 201.1006 105.6909 122.4178 68.2562 157.6256 194.5412 92.3140 60.3550 87.7187 105.4466 44.3334 165.5223 117.1803 143.3809 178.0148 210.4922 59.9650 26.5849 130.5531 136.7389 139.6001 101.1797 82.8600 64.6074 120.6425 158.5970 125.9486 104.5424 99.7654 79.2434 174.8705 41.5021 87.8210 165.6929 4.3616 54.3428 28.3538 34.5786 125.6934 30.0735 107.9963 95.7705 56.3019 2.3681 104.6563 5.4066 82.3643 54.4122 0.9235 183.7420 24.4048 133.5161 60.0019 169.8143 38.6009 144.0318 116.7266 180.6339 83.8447 102.2707 105.0146 133.5047 97.0955 88.2558 225.0701 163.2379 95.2628 92.2470 50.2057 170.5479 42.3661 136.3269 59.2003 133.3734 164.6229 200.9124 125.0291 59.8936 111.7354 36.6039 121.8901 121.1205 97.4265 139.8107
131.3073 186.6510 42.3626 55.1008 109.7504 21.4422 36.7854 3.7450 0.0000 56.1656 154.1022 76.7936 209.5676 40.6784 137.2192 116.3935 154.6348 85.4714 97.8351 118.1756 82.9603 160.8517 53.1420 104.0474 89.2620 149.7371 155.8332 40.4273 107.5677 90.8565 221.9484 84.8363 75.5530 14.2137 60.3286 225.0368 85.8534 143.6824 64.0255 45.8592 151.0612 72.3162 66.7546 192.9982 121.3388 22.8557 141.0021 61.2815 167.7884 164.9291 179.5378 186.3438 124.5129 95.6005 202.1052 200.7590 37.9770 164.2899 283.3593 138.7228 149.3365 56.9330 262.3228 109.5200 53.7945 126.7952 144.2813 117.5415 69.3161 60.1057 93.8809 97.8129 22.0131 67.1451 200.6986 253.9483 29.7972 14.6145 55.7540 62.9675 128.0856 97.4482 110.4585 213.3547 60.7785 138.5073 78.7964 181.0400 159.7888 32.4142 148.0977 75.7839 184.2658 113.0046 175.5805 17.1468 155.5148 242.8173 106.9684 220.4018
85.6286 183.2892 82.1116 136.1460 87.4916 168.0750 116.6911 106.4257 56.1656 0.0000 122.4484 161.8627 46.6631 8.3360 126.3432 113.0647 139.7568 175.4808 161.4794 25.6152 33.2509 78.8413 156.5571 91.8549 152.4970 100.6568 189.2222 145.3535 106.4365 50.6270 129.1153 78.0676 43.0951 150.9009 182.1433 110.2522 71.0681 72.4600 125.3098 73.3270 166.5897 110.7333 34.4518 82.3152 132.0117 187.5112 76.6160 82.4309 61.4017 107.5760 11.6193 116.0177 242.1868 117.5289 135.6511 30.7346 204.1290 111.4233 85.9520 149.4818 57.9819 176.7682 80.0016 102.0078 84.2077 92.0569 101.0637 185.6974 171.0729 120.1771 172.6151 54.4766 114.3191 6.1120 112.2674 151.6743 192.4258 93.8785 57.0674 55.4809 85.6893 91.5129 104.4873 60.0158 90.6247 121.3074 58.6781 181.0890 211.2469 35.7612 99.0208 108.8502 78.1066 121.5407 53.9314 99.9007 100.1549 68.6790 30.9865 175.2969
157.6376 51.8660 165.0188 65.3149 84.2157 119.5881 181.3966 189.7684 154.1022 122.4484 0.0000 193.1147 146.8304 123.8417 114.9673 38.8143 180.6309 76.5487 46.4990 100.9778 149.6303 159.7740 47.8441 138.7831 72.6644 129.5354 136.0348 262.1797 137.1169 202.5738 138.5576 146.9734 14.2580 176.9641 125.9393 126.1346 206.7027 118.2413 119.2949 41.4721 37.4303 65.2120 64.0217 195.8751 40.2620 144.4319 49.2033 72.3147 75.0464 135.9665 81.8951 66.1087 49.4717 93.0894 237.5867 76.8083 122.9714 143.4588 76.8471 53.8031 118.1789 113.1259 28.0774 143.7212 135.7282 154.6464 121.9993 181.5943 166.9368 63.2930 88.5869 121.2677 73.8560 164.5664 35.4925 46.6253 159.3670 27.7710 172.3203 70.6020 136.4587 235.6632 95.2210 109.7691 163.8856 6.9773 51.9337 43.3966 57.8334 226.4187 236.9127 176.8570 118.7694 97.6039 48.5612 113.0969 97.2406 61.5945 54.4608 107.9212
97.9846 135.8161 97.4044 17.9006 9.4218 90.8331 218.6492 140.6270 76.7936 161.8627 193.1147 0.0000 130.9223 72.5808 20.2045 56.9704 90.0937 192.4698 69.3556 138.6045 79.3980 20.5379 81.2570 35.4300 76.1206 88.2426 119.3909 87.4924 227.7333 97.5743 7.5909 178.1978 208.3232 55.5184 83.3384 74.3308 122.6908 91.2894 136.0017 99.4567 106.2314 128.2128 69.3997 174.3299 151.3182 107.4278 138.2183 61.2326 130.1162 50.8759 58.2491 95.5326 182.9919 93.1199 103.3636 64.7451 126.1120 184.4575 145.8912 160.4391 33.3419 93.6666 143.0738 125.0552 193.4055 167.5007 107.6868 8.7371 93.1117 89.0061 8.7270 89.9998 145.0061 41.8783 120.6682 175.8013 6.6439 88.7329 55.7070 63.6114 56.0083 124.5404 94.1454 101.8495 40.2468 12.4211 133.8845 145.8880 52.4662 73.1951 57.4552 126.6275 149.0531 21.3249 95.9806 45.4494 42.4545 126.2395 29.3866 156.1119
51.2345 172.9736 247.0426 83.8125 209.0240 66.7724 115.3510 54.6671 209.5676 46.6631 146.8304 130.9223 0.0000 42.5714 67.4153 31.2337 128.2998 68.1782 73.0816 32.4542 126.3712 59.3862 211.6870 152.2535 69.5254 131.8273 162.8821 24.9380 14.4799 104.1448 45.1164 41.8750 26.7111 110.9391 137.6235 192.5028 172.7349 101.6416 171.2036 69.0320 35.7662 51.2778 79.2197 135.3699 125.6649 89.0767 15.9368 120.5545 184.1158 112.2952 109.1000 15.9070 94.5768 98.1569 86.5675 105.8212 122.3900 96.0327 164.2545 123.7806 226.9454 146.7821 183.1667 100.0599 164.3007 108.1793 110.5920 114.5147 24.0835 65.6540 57.4388 104.7039 148.0668 174.3650 17.7173 51.7438 31.4055 109.5638 158.4944 123.6944 82.7030 162.5888 89.6861 158.1330 79.4438 50.1922 100.0820 185.3229 99.8594 133.8488 31.1064 75.0952 122.6711 58.6708 100.5935 79.1695 101.3950 206.4266 7.7954 67.0637
38.9715 189.5174 57.6048 94.8539 70.1187 99.5282 61.3920 194.1260 40.6784 8.3360 123.8417 72.5808 42.5714 0.0000 72.5892 174.9083 68.2500 115.4458 119.4874 155.3358 87.9959 211.2992 38.9279 203.1966 57.0805 150.1962 97.1201 196.7190 57.8178 53.5411 138.5569 89.5465 138.8970 146.4940 63.3322 157.9543 19.4789 96.8489 0.3916 48.6185 16.5366 8.0906 79.4372 2.9080 60.2409 104.3401 63.9596 150.5122 81.7195 104.1796 23.4522 65.6069 167.0009 143.7564 31.6608 51.9891 86.9992 117.3647 65.4499 74.7181 84.1951 93.4499 222.4644 64.5447 133.6938 98.0340 117.2333 31.8139 124.6922 13.4333 86.4232 83.2808 41.0433 140.0055 128.3783 94.1629 87.2582 124.9280 80.9343 53.5563 95.4520 142.6552 105.3034 30.3174 105.4195 97.9182 119.8833 183.7187 123.5770 116.4624 8.9837 23.3294 67.4481 12.3436 60.1177 96.7177 187.9402 172.9400 83.4377 67.8944
86.9581 137.0259 157.0137 81.6054 34.5500 68.8926 27.7584 17.2424 137.2192 126.3432 114.9673 20.2045 67.4153 72.5892 0.0000 142.0787 183.4369 2.1763 74.8116 154.4596 124.6049 44.6993 160.7348 141.3806 17.5789 100.8781 85.0700 79.5388 98.3909 39.0462 94.3430 175.8054 168.3802 196.0197 76.4387 19.7920 190.0182 45.0436 84.9503 152.0990 57.9535 83.5058 167.6035 51.4664 83.8056 127.0008 84.5630 98.6011 61.9645 156.4025 41.8603 166.5757 112.1719 23.1913 114.6028 78.1406 175.9131 106.7006 64.8565 124.2437 95.6122 77.9184 63.3073 59.7328 223.3739 84.6393 70.9673 53.3263 242.9561 66.4312 74.4936 143.3715 132.2112 86.5158 102.3088 81.2863 134.4821 35.4639 81.4641 108.4105 157.9289 62.6724 107.0366 128.6929 31.1022 55.6199 59.5018 188.9021 120.9227 133.1855 224.6300 43.6806 145.8031 75.7355 47.3901 145.6250 166.2133 73.7554 90.6392 109.9184
137.4005 118.2601 88.4037 35.3833 129.6568 73.4426 112.7766 122.1068 116.3935 113.0647 38.8143 56.9704 31.2337 174.9083 142.0787 0.0000 113.1761 127.3973 53.4751 135.7945 55.6272 30.4821 68.5502 82.3902 171.8833 74.0210 43.6325 160.7964 104.8052 144.8509 172.8481 51.8721 87.4744 56.7486 48.4898 56.2060 53.1078 135.6453 115.4434 78.7355 51.8151 106.6437 87.8243 38.8974 59.4729 163.9123 55.5461 154.3511 100.1149 47.7675 65.5002 26.7949 90.1295 217.1201 105.0500 64.9313 29.6589 119.4666 122.2350 106.8123 22.7600 172.4432 146.7568 148.5776 172.1362 91.9288 142.1931 54.0981 28.8814 54.0619 18.3915 131.1837 26.2710 77.6910 135.4734 58.6700 67.8556 93.4146 104.0012 32.6641 144.5895 104.1066 81.9952 126.2894 101.9226 17.8862 145.7591 241.2259 27.9426 97.6689 148.5387 170.1373 84.1130 52.1802 183.8081 37.6307 142.1243 12.3972 48.2253 102.6450
37.7777 120.6775 147.1305 187.1250 67.8554 101.6660 41.6330 201.1006 154.6348 139.7568 180.6309 90.0937 128.2998 68.2500 183.4369 113.1761 0.0000 24.8456 113.6898 138.0763 124.1580 89.8999 168.0831 198.1720 41.5771 33.6805 22.4853 39.5574 291.9738 170.4256 86.0195 286.1242 35.0051 61.1350 31.2947 101.9698 167.7649 58.8822 253.3115 16.5346 152.0003 118.3207 90.9455 60.9932 31.7724 241.3442 147.2117 139.9171 116.4369 142.1689 174.2257 76.6581 23.4680 75.9447 157.5527 110.2976 56.5726 87.9801 92.2420 47.8300 68.2095 93.9821 201.6492 62.3228 100.7260 36.3367 134.7923 110.5319 122.7453 69.5079 119.8411 70.7477 153.6138 188.7043 175.1064 105.0748 84.4154 195.8743 137.3752 126.8277 153.7706 130.4131 112.2736 50.7669 147.9709 80.7682 89.2778 125.5649 19.8818 103.4824 173.0163 81.5682 93.9065 168.3189 53.6179 170.6009 89.4176 112.2629 16.2971 97.0344
149.3234 34.4616 118.4402 194.7931 24.1969 146.0948 38.1229 105.6909 85.4714 175.4808 76.5487 192.4698 68.1782 115.4458 2.1763 127.3973 24.8456 0.0000 83.3448 132.1802 2.7398 88.4106 138.1848 55.4293 119.4888 78.3525 120.7687 5.0195 143.5381 117.5536 102.1790 85.9941 100.8537 79.5229 47.0493 0.3812 229.2715 180.8825 112.4398 163.1234 248.3914 143.1603 33.4236 167.5523 106.1063 138.3851 89.3536 63.5656 95.0970 122.0239 77.2095 120.2524 134.4629 164.5116 54.8867 81.0452 127.6357 103.1465 113.7703 160.3808 106.1016 46.5323 168.7244 75.7223 83.4100 134.2451 23.1638 171.0255 214.8663 92.1679 189.0821 209.9380 63.5807 149.1273 54.7038 107.3942 100.7372 160.8654 7.0573 129.0286 28.8783 109.2866 120.9230 65.7351 193.3959 100.9569 60.3291 29.3981 157.1369 81.3774 124.2298 173.8612 36.7498 91.6465 72.0881 55.6436 67.6236 172.8929 56.4328 141.0683
187.6530 140.9796 81.9228 166.0713 71.2163 22.1900 89.5363 122.4178 97.8351 161.4794 46.4990 69.3556 73.0816 119.4874 74.8116 53.4751 113.6898 83.3448 0.0000 56.9936 44.0770 107.0272 155.2875 133.6653 162.6014 181.8579 76.7681 151.5367 165.2307 74.3621 20.1592 103.6739 155.6275 84.1099 119.7922 83.5922 169.0392 109.9975 117.5947 162.3809 134.6835 173.9958 41.9878 162.2515 120.5447 62.5449 116.1904 85.6298 118.9707 114.4816 120.8643 163.7843 85.7763 92.1366 52.7734 165.7579 119.2700 68.1735 150.7659 114.6102 10.3646 151.2739 113.1868 42.9742 130.0298 84.8360 108.8765 112.5690 152.2424 152.3656 39.4989 124.7552 57.9788 128.8709 83.6101 16.2264 152.4710 204.8341 34.1185 82.1727 5.3477 201.2533 122.0509 112.7308 64.8748 37.0580 252.7078 40.3720 57.1841 166.4316 14.3941 141.6387 19.3954 69.2333 102.8993 95.3316 139.4617 161.0123 284.8356 39.3179
143.8909 73.9392 105.7102 64.4104 46.7199 20.7551 52.4309 68.2562 118.1756 25.6152 100.9778 138.6045 32.4542 155.3358 154.4596 135.7945 138.0763 132.1802 56.9936 0.0000 29.8535 124.5085 56.9887 22.6189 13.1539 98.3009 62.7071 136.1755 25.5991 48.3146 122.3111 103.8441 149.8342 185.8931 58.5898 110.6635 144.4538 153.0663 63.5817 87.3072 159.4065 60.5928 74.1904 96.7232 205.8218 109.0915 50.5863 117.4304 190.2525 97.4919 195.4613 110.0631 39.7577 150.9222 113.5901 121.9837 172.7055 94.0986 96.1147 95.9207 174.7569 40.1782 85.7836 127.6643 217.2097 90.3432 96.7949 7.5830 33.2991 124.2328 133.4204 87.5879 192.7860 103.4173 201.4293 65.3336 66.5660 0.9501 59.8687 90.0714 89.0375 93.8036 110.3904 123.0106 87.4577 83.2058 135.5447 82.5493 89.7824 132.0932 35.7765 131.6540 79.0929 185.2366 133.0836 109.0927 111.0975 107.4244 212.2168 32.5698
141.3858 73.7367 160.5403 87.5519 196.3975 140.4553 93.1728 157.6256 82.9603 33.2509 149.6303 79.3980 126.3712 87.9959 124.6049 55.6272 124.1580 2.7398 44.0770 29.8535 0.0000 127.1781 72.2805 0.8934 122.3734 61.0887 134.1516 85.6585 64.7087 132.6401 141.4355 32.3037 90.9900 23.7195 138.0031 188.0452 151.9835 79.4177 29.9880 107.1998 100.0484 94.8948 62.3390 15.7751 64.6643 154.0514 155.6691 108.0470 97.5928 101.9945 48.4146 6.2766 112.5815 175.5380 27.5085 60.1070 54.4009 198.2860 70.6699 217.2428 131.4310 124.2040 54.0251 56.3555 40.2540 123.7869 87.8584 147.7068 123.6672 168.9417 121.0604 224.8907 39.3178 147.5754 28.7276 2.9726 81.3333 88.4860 77.7886 126.6485 37.0914 26.6649 99.3313 43.4420 98.2661 244.1316 72.9931 188.7108 90.8278 53.1123 57.5891 177.8717 102.1585 72.0424 151.1965 75.7498 96.3786 111.3430 78.6173 70.3229
117.2588 69.4459 58.7347 156.8127 113.8942 71.0758 199.9201 194.5412 160.8517 78.8413 159.7740 20.5379 59.3862 211.2992 44.6993 30.4821 89.8999 88.4106 107.0272 124.5085 127.1781 0.0000 170.5534 146.4972 118.6373 157.3159 85.6209 14.1660 91.8854 80.9026 111.2775 168.5885 82.3614 120.0890 35.5266 29.9102 135.1712 129.3171 127.6271 103.5455 134.9335 100.7823 182.7698 178.9439 152.0715 80.4179 165.4178 102.6073 56.4693 101.6377 209.4168 119.0699 88.2863 117.3849 72.2290 33.9753 56.1774 62.3858 82.3253 81.7268 71.5838 98.6104 27.2332 99.8954 58.9208 65.0416 219.0259 96.7033 70.7473 102.4727 150.7657 153.9386 233.4412 154.0942 44.5351 182.2862 22.7063 161.4443 92.0215 72.5538 133.1214 161.3303 160.7637 124.9573 92.3111 76.0107 44.3212 18.4987 86.4270 53.1288 150.8198 39.3187 44.3314 117.9611 34.9152 60.9360 54.0539 189.6010 150.2029 82.2170
61.4155 175.1202 40.8979 102.9775 122.0169 84.3300 53.0653 92.3140 53.1420 156.5571 47.8441 81.2570 211.6870 38.9279 160.7348 68.5502 168.0831 138.1848 155.2875 56.9887 72.2805 170.5534 0.0000 5.9072 117.8456 80.1834 222.3489 145.1139 90.5912 129.7455 129.3633 169.0277 1.2249 41.4099 223.2779 133.2586 75.8617 45.4489 90.6083 46.2409 166.7368 100.6980 77.2008 108.9298 79.8642 134.5218 68.9726 150.9442 122.7934 63.5129 208.2994 148.6492 60.1685 49.3838 203.4129 92.5361 79.3979 25.1518 65.4272 32.2630 58.3120 51.0792 101.8526 146.9463 65.8059 77.2710 159.9203 89.7647 163.5743 130.9902 115.0010 128.2925 105.2406 43.8378 43.4583 207.3006 60.9516 58.3204 111.7851 112.8158 112.1184 55.5576 103.9976 29.0945 130.1328 148.1442 183.9049 98.0986 242.1966 109.1389 42.4282 21.9984 83.4585 126.7799 105.6350 84.7065 51.5379 73.6923 69.1661 12.7158
40.1004 98.5873 106.9636 72.1784 180.3326 106.9701 91.7349 60.3550 104.0474 91.8549 138.7831 35.4300 152.2535 203.1966 141.3806 82.3902 198.1720 55.4293 133.6653 22.6189 0.8934 146.4972 5.9072 0.0000 147.5491 144.2701 153.3459 178.8744 121.0697 155.3031 150.1352 142.7879 73.2554 115.7615 99.7028 114.6769 123.6135 113.0718 52.2956 178.2527 73.7857 33.0102 25.9924 105.7570 93.2427 43.8715 192.7953 88.9100 73.8514 84.0454 181.7198 128.5911 129.7184 60.5696 166.1461 239.2409 88.1879 132.6524 111.9909 62.5828 67.9569 9.6385 78.4366 140.4996 87.3261 143.7783 119.2146 111.0224 64.7854 62.2967 133.8429 113.6452 175.5579 90.0873 37.2821 31.1914 102.2442 123.2566 142.7233 133.1830 133.1894 140.3594 153.2692 87.5074 177.1869 136.3492 33.4576 78.5296 14.8471 62.7364 208.8729 97.5893 106.8309 202.1215 61.9206 137.4002 90.5110 118.6161 216.2277 142.2440
93.0686 64.3363 48.9359 93.8961 30.3229 106.2268 172.6802 87.7187 89.2620 152.4970 72.6644 76.1206 69.5254 57.0805 17.5789 171.8833 41.5771 119.4888 162.6014 13.1539 122.3734 118.6373 117.8456 147.5491 0.0000 178.6251 43.6596 135.3054 145.7691 108.5412 122.8310 158.2008 25.1366 76.8412 122.0301 108.6545 108.6510 97.1843 5.5515 30.7853 100.7222 101.0055 176.7017 91.3885 80.5125 42.3375 146.8897 25.8425 143.1063 130.0388 120.6157 8.3814 107.9875 39.2370 209.6796 96.1616 193.0614 79.6493 187.7013 81.6408 83.3038 56.0302 159.5980 216.6442 86.4868 117.6535 112.3061 162.3889 140.6051 104.1039 105.3004 54.4931 21.3087 25.2627 2.9995 25.7332 35.0882 37.9943 65.1982 130.9884 85.9423 139.2925 49.3873 128.8534 119.0574 65.4249 115.0972 5.4700 168.4046 39.3224 124.7831 84.3303 2.7908 32.9528 98.3567 183.3296 90.7271 35.0631 109.9258 79.8412
124.1477 32.5012 64.9086 116.6816 101.2564 108.8254 74.7915 105.4466 149.7371 100.6568 129.5354 88.2426 131.8273 150.1962 100.8781 74.0210 33.6805 78.3525 181.8579 98.3009 61.0887 157.3159 80.1834 144.2701 178.6251 0.0000 74.3543 172.1367 58.2681 215.4456 67.9316 167.9398 70.6018 127.2864 54.7758 217.2029 42.5656 69.0164 93.4305 93.1822 76.2862 243.0752 82.2911 161.1503 89.5013 26.1387 51.6180 79.6559 54.1373 130.6335 13.8173 80.6932 78.8157 133.7465 70.6003 214.8126 124.2159 154.9770 127.0907 113.8350 82.1923 132.2453 72.2959 185.7224 144.9045 55.9687 162.7016 72.2439 92.7720 115.0576 64.5686 129.1539 53.4569 186.6765 138.9314 240.0811 104.1301 146.8819 176.4961 87.4462 121.9856 148.8523 164.0525 118.4998 120.1288 131.7188 129.6978 76.3785 74.4309 82.0913 271.8968 171.4922 33.8220 49.3853 102.6462 128.9523 94.6533 157.5820 26.6845 111.0236
170.0137 83.0543 35.8160 56.9764 47.5620 141.4432 157.6011 44.3334 155.8332 189.2222 136.0348 119.3909 162.8821 97.1201 85.0700 43.6325 22.4853 120.7687 76.7681 62.7071 134.1516 85.6209 222.3489 153.3459 43.6596 74.3543 0.0000 124.6717 135.0846 49.3700 157.2660 74.5578 170.5139 74.7984 45.4224 81.1704 212.0606 241.9894 217.6148 129.9235 60.1523 14.6432 203.5831 98.1219 145.3679 116.1646 116.4402 57.4062 80.8151 138.6843 138.1678 86.4479 80.5740 89.3779 21.1046 127.5118 32.3443 22.9064 88.5211 65.6793 210.3689 105.5033 45.2305 17.2701 217.7572 39.3013 144.8361 69.0037 174.3507 60.9494 13.5508 168.3699 121.4954 132.1854 51.0599 187.2894 99.7935 123.7067 233.2964 171.8708 146.3488 157.0624 52.1749 84.3985 19.6927 71.6610 99.2372 88.0619 71.8245 132.4624 116.3647 100.2987 176.5531 224.7687 108.8539 75.7898 100.3748 92.0283 104.6595 49.8441
94.0425 66.9223 70.8818 135.1688 185.4935 172.4937 119.6557 165.5223 40.4273 145.3535 262.1797 87.4924 24.9380 196.7190 79.5388 160.7964 39.5574 5.0195 151.5367 136.1755 85.6585 14.1660 145.1139 178.8744 135.3054 172.1367 124.6717 0.0000 0.5811 66.2411 109.4930 74.6922 188.1210 62.5551 7.2242 160.1272 207.7328 139.3759 15.8293 99.2207 70.4355 54.1652 83.5728 103.8055 96.8880 5.1367 65.7659 73.7972 70.5371 131.1869 106.0743 133.7004 175.0099 107.3047 62.1707 178.0368 164.1347 180.9287 29.7896 140.2223 66.4148 118.0897 46.7824 116.9464 123.9641 154.6684 66.0053 13.4729 149.0738 21.2990 148.1682 82.0080 131.4442 6.3998 29.0380 140.6021 165.9891 94.3366 70.6452 176.0680 129.1986 45.6534 118.3623 156.6494 97.6869 63.6907 21.5345 78.4306 111.0525 111.7777 224.5311 86.4197 88.4076 167.8272 138.9079 154.2130 134.7082 70.0931 161.6234 126.6740
70.1848 70.5851 122.9148 118.2854 155.7885 193.4859 135.2579 117.1803 107.5677 106.4365 137.1169 227.7333 14.4799 57.8178 98.3909 104.8052 291.9738 143.5381 165.2307 25.5991 64.7087 91.8854 90.5912 121.0697 145.7691 58.2681 135.0846 0.5811 0.0000 100.4578 102.3850 128.2889 180.1783 56.7189 115.7327 20.9684 29.5529 159.9283 35.6094 92.3630 80.8600 135.2234 56.5610 153.6214 121.4741 128.0674 101.7239 136.9514 114.9148 170.9331 48.7778 109.9066 24.3611 91.9131 104.2976 92.0733 62.3123 141.3055 93.6266 184.8935 232.1596 155.0394 52.1847 33.4747 29.2294 15.1552 72.8800 176.7655 108.2722 120.1249 15.3342 90.0514 139.3894 93.1120 129.4468 54.9796 75.9681 102.2022 20.9782 63.4312 184.7788 61.0083 167.4990 70.8828 120.6388 69.0111 140.3856 215.6995 130.0362 63.7934 64.9345 18.4113 93.9069 39.2186 50.7229 140.4266 78.4281 140.3153 232.7643 100.6319
53.8440 79.2513 115.1535 139.1498 98.3439 39.9367 127.1704 143.3809 90.8565 50.6270 202.5738 97.5743 104.1448 53.5411 39.0462 144.8509 170.4256 117.5536 74.3621 48.3146 132.6401 80.9026 129.7455 155.3031 108.5412 215.4456 49.3700 66.2411 100.4578 0.0000 137.5104 154.6440 148.5071 64.5667 145.4736 131.0633 62.2373 92.9758 70.7673 76.7599 130.9279 201.0850 31.3143 97.8724 53.0154 67.9038 113.1476 67.3202 130.6151 146.4521 78.5099 176.5375 57.6441 133.3969 97.7110 64.1567 196.5734 119.6051 170.2567 28.5122 91.0832 24.9267 71.7484 145.4247 117.8734 169.0386 119.8927 181.3070 24.8672 97.4655 93.1296 160.1127 104.9144 100.7850 130.2486 117.7845 2.3662 71.8074 57.8967 52.0020 134.5985 116.1987 55.5873 54.3449 148.3090 153.6006 91.8928 94.9443 151.3114 51.1563 152.7776 73.8133 119.0451 76.6118 118.8371 103.7836 110.4572 138.4266 149.5327 125.6215
195.0771 75.4539 171.9831 54.4577 69.0714 25.1060 80.2213 178.0148 221.9484 129.1153 138.5576 7.5909 45.1164 138.5569 94.3430 172.8481 86.0195 102.1790 20.1592 122.3111 141.4355 111.2775 129.3633 150.1352 122.8310 67.9316 157.2660 109.4930 102.3850 137.5104 0.0000 131.9561 154.2576 75.1325 40.7171 39.1636 102.9037 139.4304 146.2128 73.8744 211.0687 117.0479 201.0157 84.9318 43.8369 112.4749 38.7497 143.1869 28.0673 248.1449 237.8256 154.2292 43.4520 117.2950 134.4255 295.2431 142.7197 161.0066 165.6109 177.5726 138.4422 87.9754 44.7821 166.4556 135.9582 93.6422 30.5927 41.4153 113.4643 149.9419 79.3087 128.6026 47.9731 126.6037 2.5274 149.0775 186.2384 88.8613 168.5185 26.6945 14.9962 50.2130 125.9090 31.0320 80.3324 104.0491 92.4506 20.7042 81.7063 104.2657 150.1589 92.3182 168.9342 102.4046 53.6288 125.5407 88.7350 63.0465 145.1175 83.6865
46.8540 5.2826 117.2969 172.1510 190.3059 135.3857 124.8685 210.4922 84.8363 78.0676 146.9734 178.1978 41.8750 89.5465 175.8054 51.8721 286.1242 85.9941 103.6739 103.8441 32.3037 168.5885 169.0277 142.7879 158.2008 167.9398 74.5578 74.6922 128.2889 154.6440 131.9561 0.0000 175.0915 95.4718 166.2840 170.8691 53.1750 27.5065 133.6138 52.9809 148.6049 105.1357 106.9491 61.4349 121.4591 54.1153 100.5883 156.6322 79.0404 52.0329 142.9044 85.1704 71.1271 199.8035 76.8904 248.8548 195.2913 196.4440 72.4794 171.7575 17.4058 100.5760 134.9862 177.9833 180.1824 143.8470 125.4889 24.4692 140.9456 233.3992 196.2453 3.7927 161.9308 30.3425 61.8879 24.5635 226.2773 60.4053 119.2650 158.8203 64.3724 75.4956 126.9032 74.4103 142.8674 115.7983 99.6669 224.9201 87.8236 245.6821 328.0772 79.2314 127.1642 67.7655 92.4430 123.0687 102.2465 29.5350 95.7132 132.1754
35.5481 113.3515 57.7096 123.7360 71.2518 164.1046 135.8227 59.9650 75.5530 43.0951 14.2580 208.3232 26.7111 138.8970 168.3802 87.4744 35.0051 100.8537 155.6275 149.8342 90.9900 82.3614 1.2249 73.2554 25.1366 70.6018 170.5139 188.1210 180.1783 148.5071 154.2576 175.0915 0.0000 161.0985 56.0672 69.4317 193.7885 136.0101 92.0892 129.5744 55.7352 56.2947 96.3456 182.0501 32.9561 5.9700 56.9901 92.8332 57.2114 126.6258 120.1392 166.8684 117.9216 77.2830 153.9147 137.3068 70.5723 136.1284 74.7156 98.6735 61.9025 68.9400 87.5701 35.0173 59.6713 170.1130 64.3790 146.8085 34.8992 128.9554 63.9631 144.9575 16.3494 228.7643 119.2665 38.5311 50.7504 112.0307 105.5346 153.6724 212.3754 131.4300 116.0268 82.4471 26.2240 173.5588 81.8640 176.6255 176.8124 98.3146 86.0406 203.8028 149.3396 74.7526 34.2584 146.1201 96.4162 135.7855 78.7776 134.0099
113.2511 124.7460 123.4274 108.7495 12.5659 33.4481 49.6199 26.5849 14.2137 150.9009 176.9641 55.5184 110.9391 146.4940 196.0197 56.7486 61.1350 79.5229 84.1099 185.8931 23.7195 120.0890 41.4099 115.7615 76.8412 127.2864 74.7984 62.5551 56.7189 64.5667 75.1325 95.4718 161.0985 0.0000 75.4660 312.0736 85.6048 76.1638 92.0924 149.9407 117.0438 131.8910 71.2367 94.6506 7.8547 151.6391 62.1510 170.8346 88.6145 40.7799 128.3046 174.7692 2.5617 45.5542 50.3681 114.4979 36.0745 125.0938 91.1282 82.2924 88.0876 148.3932 84.8425 125.9095 22.5872 162.2210 126.8917 168.5627 34.6666 128.2295 178.0434 88.2589 153.5453 55.1894 147.7644 186.5215 124.4114 177.6912 175.1903 50.2099 175.5168 77.0190 104.7720 113.5792 158.6564 13.8281 157.3015 49.0306 92.2644 116.6927 54.4898 118.4316 79.9609 5.0366 176.0100 239.1389 46.9889 139.6006 192.7330 77.9345
31.7009 25.0971 58.1109 183.0879 35.5320 66.9664 96.0478 130.5531 60.3286 182.1433 125.9393 83.3384 137.6235 63.3322 76.4387 48.4898 31.2947 47.0493 119.7922 58.5898 138.0031 35.5266 223.2779 99.7028 122.0301 54.7758 45.4224 7.2242 115.7327 145.4736 40.7171 166.2840 56.0672 75.4660 0.0000 6.7927 161.6914 80.8398 27.0719 86.2355 98.3434 195.0059 198.8385 16.8809 139.0461 37.9543 95.7923 122.7699 128.4048 163.5994 114.5122 73.2221 161.1691 35.6047 56.8280 117.3106 45.0152 35.0674 209.8575 103.9328 73.5425 129.9159 11.4325 116.8525 210.7700 7.0141 71.1325 145.9309 72.5339 87.8510 108.0006 140.7455 122.1683 55.9847 50.0461 144.5732 18.5936 84.1778 18.9806 77.0406 36.8128 86.1895 58.7067 68.1963 66.3617 68.9137 69.7046 173.4308 140.1403 82.0400 96.2301 191.1945 94.0679 186.5382 114.4233 107.4081 116.2649 89.9411 159.4673 161.6183
53.5074 170.0890 99.0624 61.0380 95.1718 130.0829 112.1311 136.7389 225.0368 110.2522 126.1346 74.3308 192.5028 157.9543 19.7920 56.2060 101.9698 0.3812 83.5922 110.6635 188.0452 29.9102 133.2586 114.6769 108.6545 217.2029 81.1704 160.1272 20.9684 131.0633 39.1636 170.8691 69.4317 312.0736 6.7927 0.0000 158.3228 98.2041 203.8702 155.2935 44.0905 182.8194 92.9816 130.6049 78.5548 99.4074 68.6473 64.7919 102.1307 236.7660 114.2137 181.7305 171.9554 34.3634 131.3327 94.2395 181.7012 151.7522 129.1627 251.6952 167.0254 182.4262 36.1502 58.9619 132.1612 161.6394 137.3468 74.3432 130.3188 185.0893 178.4931 96.7039 75.3210 236.5504 68.4100 109.8727 199.2686 60.7793 70.1526 114.1460 30.6205 166.4735 129.4373 69.6990 121.3535 147.2995 242.8722 213.3838 62.7611 52.3176 157.2891 22.5935 113.1131 115.9426 88.0200 61.4204 44.4544 35.7732 98.3350 56.8269
9.8669 151.2703 121.6542 60.5915 101.6927 95.5315 70.6462 139.6001 85.8534 71.0681 206.7027 122.6908 172.7349 19.4789 190.0182 53.1078 167.7649 229.2715 169.0392 144.4538 151.9835 135.1712 75.8617 123.6135 108.6510 42.5656 212.0606 207.7328 29.5529 62.2373 102.9037 53.1750 193.7885 85.6048 161.6914 158.3228 0.0000 89.3338 212.5581 95.9658 152.9527 145.8514 113.7246 98.6511 157.6810 136.3663 119.2422 39.2791 125.9739 146.2260 46.4768 154.8073 12.7336 244.5666 57.5716 89.2390 161.9910 128.3268 83.8637 42.1613 132.1673 47.1095 156.1959 78.3595 85.1200 140.9381 125.4828 191.2581 133.1573 92.6475 101.0956 45.0742 77.2351 98.6122 150.2392 126.6455 118.5925 32.1152 94.9912 204.9754 89.5487 145.3589 73.8469 260.6456 113.5488 136.4672 82.5101 30.8379 213.0253 70.1916 57.5568 144.6598 177.7455 148.5156 66.6960 67.1197 151.9608 123.6454 177.2544 138.9767
172.7108 124.8597 195.8886 68.5379 5.3367 183.4714 53.9046 101.1797 143.6824 72.4600 118.2413 91.2894 101.6416 96.8489 45.0436 135.6453 58.8822 180.8825 109.9975 153.0663 79.4177 129.3171 45.4489 113.0718 97.1843 69.0164 241.9894 139.3759 159.9283 92.9758 139.4304 27.5065 136.0101 76.1638 80.8398 98.2041 89.3338 0.0000 53.9605 47.2276 166.3100 96.6427 224.8801 180.7193 87.9741 58.1155 223.4258 229.2140 64.4872 82.7973 48.3726 115.5466 123.1342 209.1522 140.9542 47.6451 63.7470 67.6496 134.5055 140.8397 39.5135 166.4635 161.0591 83.4999 87.3655 134.9809 70.5090 90.7054 108.7750 0.0322 61.0916 137.4362 96.5083 69.0867 206.4505 132.8853 77.9936 51.3761 171.0774 108.3746 132.0396 139.1574 134.9856 77.5261 145.9769 95.4760 116.3117 167.4531 68.6802 123.4646 129.0685 75.2518 102.4112 139.7229 183.9379 60.7660 224.1348 129.1831 168.1241 106.2398
131.5981 34.8930 65.7546 84.7162 23.2342 147.9165 105.3449 82.8600 64.0255 125.3098 119.2949 136.0017 171.2036 0.3916 84.9503 115.4434 253.3115 112.4398 117.5947 63.5817 29.9880 127.6271 90.6083 52.2956 5.5515 93.4305 217.6148 15.8293 35.6094 70.7673 146.2128 133.6138 92.0892 92.0924 27.0719 203.8702 212.5581 53.9605 0.0000 68.3204 241.8479 127.8753 105.7725 17.8352 48.6906 92.5983 73.3082 88.2457 174.3775 140.4706 49.3961 40.2974 111.7156 232.0489 31.4344 256.5610 77.5336 128.1935 38.8425 127.1139 125.9892 190.3345 120.8072 62.1277 7.6762 142.6443 97.4884 115.9799 155.1891 63.6198 8.7343 129.6363 34.0297 66.8689 162.6321 40.9337 84.0489 120.8911 176.4315 29.7147 127.3358 229.5076 78.9107 93.6181 36.7692 259.0232 145.9761 36.6401 210.4514 164.6966 160.5454 69.6035 164.9507 97.2393 44.3693 151.7393 123.1784 72.8871 140.6287 57.0044
49.8628 48.3904 84.6988 92.3244 120.6610 98.6641 234.1610 64.6074 45.8592 73.3270 41.4721 99.4567 69.0320 48.6185 152.0990 78.7355 16.5346 163.1234 162.3809 87.3072 107.1998 103.5455 46.2409 178.2527 30.7853 93.1822 129.9235 99.2207 92.3630 76.7599 73.8744 52.9809 129.5744 149.9407 86.2355 155.2935 95.9658 47.2276 68.3204 0.0000 87.4663 127.1409 164.9451 80.2660 58.5225 11.7153 81.4064 52.8329 65.5246 100.9019 218.2808 47.8385 113.4787 97.5232 79.6397 96.2657 152.2934 133.2882 103.9039 138.0793 54.8982 102.5369 163.6928 158.9240 157.8207 120.0347 72.3170 99.7668 116.7854 130.0392 183.3075 70.7756 106.6608 11.3866 61.6472 134.2686 188.7564 54.9930 57.5007 110.7728 85.0459 41.9593 102.7775 44.2360 75.6892 148.7572 45.8143 146.4823 98.4007 76.8446 97.2432 51.1716 109.6495 66.1718 153.1379 132.8272 186.8425 210.7890 170.0188 121.3739
45.2123 94.7062 67.3550 64.0326 72.3084 21.3439 42.6458 120.6425 151.0612 166.5897 37.4303 106.2314 35.7662 16.5366 57.9535 51.8151 152.0003 248.3914 134.6835 159.4065 100.0484 134.9335 166.7368 73.7857 100.7222 76.2862 60.1523 70.4355 80.8600 130.9279 211.0687 148.6049 55.7352 117.0438 98.3434 44.0905 152.9527 166.3100 241.8479 87.4663 0.0000 70.2272 13.5931 78.4733 47.1907 209.6500 162.5895 184.5667 52.4089 260.2883 89.6151 217.0395 30.0833 109.9416 94.5392 44.8663 169.8799 99.2348 84.4921 42.0269 93.9950 66.2124 103.5086 94.3835 66.4257 191.0108 118.0079 78.7232 76.8849 181.2632 188.7252 77.1694 113.1441 98.0041 133.3938 34.7044 60.7431 46.0105 94.4420 166.6930 135.9786 40.5105 27.4603 101.2687 86.1636 97.2529 148.0750 85.6837 15.0189 120.4949 41.7940 59.7264 87.8229 56.9643 121.2343 119.7226 162.2765 86.6813 54.3316 34.2505
52.0394 53.1265 39.4992 74.5725 151.7001 113.4809 133.2236 158.5970 72.3162 110.7333 65.2120 128.2128 51.2778 8.0906 83.5058 106.6437 118.3207 143.1603 173.9958 60.5928 94.8948 100.7823 100.6980 33.0102 101.0055 243.0752 14.6432 54.1652 135.2234 201.0850 117.0479 105.1357 56.2947 131.8910 195.0059 182.8194 145.8514 96.6427 127.8753 127.1409 70.2272 0.0000 86.1969 135.3794 123.3669 74.5207 156.6048 83.3751 30.3326 206.2059 76.0025 206.8273 115.0324 219.3801 131.6205 71.4441 179.5361 79.1321 140.5284 90.0759 74.1890 68.4710 112.2331 147.5190 102.5314 92.7239 133.5493 143.3535 201.1817 88.5825 122.0877 1.3082 148.3945 48.1817 133.3151 131.1214 141.3106 25.9727 97.9844 147.8360 28.7427 150.1835 82.7568 140.0340 43.2269 45.2388 85.5557 118.8607 75.7312 32.9639 46.8112 144.3618 83.6601 131.5027 130.0546 259.2734 142.8543 98.9547 69.7914 150.6556
104.3671 187.6253 8.6570 108.3006 134.2271 17.8014 208.9203 125.9486 66.7546 34.4518 64.0217 69.3997 79.2197 79.4372 167.6035 87.8243 90.9455 33.4236 41.9878 74.1904 62.3390 182.7698 77.2008 25.9924 176.7017 82.2911 203.5831 83.5728 56.5610 31.3143 201.0157 106.9491 96.3456 71.2367 198.8385 92.9816 113.7246 224.8801 105.7725 164.9451 13.5931 86.1969 0.0000 114.9406 84.1113 43.9496 100.4975 206.9087 6.7910 205.8834 138.6341 63.6746 137.7060 143.5642 150.7060 84.4734 57.7322 4.9551 78.8001 85.7165 181.7261 49.0682 55.3541 62.2776 42.3050 35.4315 144.4242 54.2858 102.7483 86.0584 104.5720 160.8601 195.7116 97.3352 132.2900 86.8361 116.7720 102.3494 47.8466 10.3978 154.1473 113.2174 102.4225 217.7801 67.0201 74.6809 12.3172 8.9050 120.8630 147.3952 70.2939 34.0451 113.6986 11.7453 140.9838 119.5171 50.5665 133.6909 109.3114 137.4785
162.9958 7.2490 167.4734 127.7950 50.7271 191.0963 59.1961 104.5424 192.9982 82.3152 195.8751 174.3299 135.3699 2.9080 51.4664 38.8974 60.9932 167.5523 162.2515 96.7232 15.7751 178.9439 108.9298 105.7570 91.3885 161.1503 98.1219 103.8055 153.6214 97.8724 84.9318 61.4349 182.0501 94.6506 16.8809 130.6049 98.6511 180.7193 17.8352 80.2660 78.4733 135.3794 114.9406 0.0000 82.9813 92.7160 87.6313 182.1288 81.7243 160.6603 35.4899 55.8189 94.7822 9.2007 18.7229 46.1633 104.1210 75.3315 29.0386 89.8052 17.1998 20.8190 209.5561 172.9974 34.9938 100.2779 96.8638 106.1171 159.2681 163.1642 128.8001 16.7623 49.5911 153.8084 63.1905 124.6001 103.4857 163.9816 101.4590 89.2476 80.7033 177.9490 103.0954 9.8912 131.5998 125.9133 144.9408 210.3203 99.7075 223.9676 141.9457 169.2737 108.6053 158.2705 183.0761 34.8237 65.8992 201.8284 65.3083 195.6209
138.0282 71.9300 25.7494 167.2242 147.5090 55.2242 47.7237 99.7654 121.3388 132.0117 40.2620 151.3182 125.6649 60.2409 83.8056 59.4729 31.7724 106.1063 120.5447 205.8218 64.6643 152.0715 79.8642 93.2427 80.5125 89.5013 145.3679 96.8880 121.4741 53.0154 43.8369 121.4591 32.9561 7.8547 139.0461 78.5548 157.6810 87.9741 48.6906 58.5225 47.1907 123.3669 84.1113 82.9813 0.0000 8.7017 61.7110 71.5125 131.3603 143.0436 143.6493 95.4192 189.9474 14.4804 124.7512 74.5656 173.0212 130.0874 86.7673 15.6158 149.9340 117.6121 79.3613 112.8088 84.3776 55.7463 116.2447 33.6297 86.5662 113.0080 101.9712 139.6809 53.1082 65.9363 65.6592 157.9412 117.5214 202.2960 145.9476 139.4391 130.4773 133.5271 194.7008 58.4781 178.0212 189.8728 82.7690 162.9135 138.8753 95.9196 74.7927 142.1278 56.9254 102.7261 156.3104 95.0596 160.9818 86.6718 199.6517 33.0972
33.5054 128.8750 66.6949 3.7737 175.2042 59.7186 24.9996 79.2434 22.8557 187.5112 144.4319 107.4278 89.0767 104.3401 127.0008 163.9123 241.3442 138.3851 62.5449 109.0915 154.0514 80.4179 134.5218 43.8715 42.3375 26.1387 116.1646 5.1367 128.0674 67.9038 112.4749 54.1153 5.9700 151.6391 37.9543 99.4074 136.3663 58.1155 92.5983 11.7153 209.6500 74.5207 43.9496 92.7160 8.7017 0.0000 150.2505 73.3862 28.1258 124.1802 95.7140 189.6995 57.0940 5.9750 152.3595 173.7350 117.1706 147.0728 218.1813 92.5781 142.1484 220.0501 179.4579 28.7063 19.9619 120.9608 95.8131 189.2978 131.6091 97.1487 56.3059 123.1090 121.5580 89.1856 128.0824 141.8060 100.2993 112.5912 38.5720 111.9217 175.1136 28.4967 112.4200 142.5517 75.0040 31.9686 140.8547 185.2475 131.2814 113.5702 143.0261 215.4657 19.4851 80.5569 181.1293 125.8332 85.5587 77.4636 51.9748 27.3624
140.2485 152.1496 185.7221 108.9313 108.7306 148.8821 120.2688 174.8705 141.0021 76.6160 49.2033 138.2183 15.9368 63.9596 84.5630 55.5461 147.2117 89.3536 116.1904 50.5863 155.6691 165.4178 68.9726 192.7953 146.8897 51.6180 116.4402 65.7659 101.7239 113.1476 38.7497 100.5883 56.9901 62.1510 95.7923 68.6473 119.2422 223.4258 73.3082 81.4064 162.5895 156.6048 100.4975 87.6313 61.7110 150.2505 0.0000 45.8233 178.0384 89.6933 87.2957 234.0855 122.0525 46.2924 158.2047 40.1645 124.8486 13.3613 55.8599 101.7901 36.4669 109.9897 159.4305 184.4022 132.7729 174.0538 146.1501 129.0875 97.8791 142.9708 65.2620 116.6063 168.5059 19.4778 78.7380 109.5992 79.1035 113.1039 83.2065 192.0626 114.9968 66.2747 0.6866 52.5944 91.5459 78.0710 44.1249 78.3173 154.9620 88.8113 153.7173 105.2147 108.2762 68.4326 106.0505 108.3080 44.3831 151.0629 209.9171 247.0715
