100
0.0000 135.7191 116.6145 21.4142 90.1098 62.0634 62.0296 42.6259 159.7707 80.7392 28.5260 168.5769 173.2670 77.1575 70.2940 134.7896 109.0724 27.9142 121.0455 227.5648 81.7004 90.9506 197.0826 129.6959 8.2953 86.8367 264.7473 95.9211 75.3769 39.9813 69.3077 64.6385 97.3576 174.0218 136.3904 69.9450 132.9557 63.0033 65.0306 120.7651 62.0969 120.6261 120.7175 191.6603 167.3286 156.7286 107.3313 50.8427 88.4019 151.4076 65.3992 88.6297 104.3650 101.2790 127.4081 102.3592 15.5863 77.5003 66.1358 109.7788 146.1060 113.9894 165.8555 76.8228 79.1596 56.9176 39.4719 29.0564 70.2378 231.3928 93.8665 177.0904 56.4441 19.9556 69.6628 175.9625 132.4844 38.8621 107.9414 92.1162 87.1624 105.9428 58.8756 41.0673 68.5868 102.3000 263.5322 17.9721 108.9609 71.3364 90.7814 154.7574 42.8337 28.9096 152.4851 137.7175 37.3539 158.5577 97.3840 32.5048
135.7191 0.0000 94.6216 107.4009 103.4574 98.6909 105.0809 134.4579 22.6468 54.5701 40.6932 79.5120 172.6359 1.5314 66.6730 180.8742 119.5230 88.8045 144.9344 141.8493 12.3648 79.6559 194.6393 78.3950 32.0885 60.3062 174.9771 198.0434 30.9770 250.4498 16.0549 116.6446 118.0850 118.8197 164.6382 58.0300 151.6738 98.2457 141.8703 62.9708 125.9621 229.9736 95.0786 101.0286 169.4607 104.7376 86.3851 101.0694 12.1901 125.8531 134.2236 140.4165 63.8412 117.0599 73.0455 117.2697 40.6220 92.8528 82.0004 166.7390 212.9350 165.6561 82.7122 76.3218 161.5223 210.7750 17.1327 167.5621 160.5381 1.3847 160.0123 235.7215 154.0316 64.1816 152.3580 46.9717 152.3623 55.8972 17.5298 48.5873 83.6081 72.2814 129.6697 57.5559 129.9630 73.1426 212.2391 72.0105 235.2150 110.8277 39.2911 33.7286 65.9691 14.3580 141.9183 79.3882 227.3184 159.8053 36.1737 27.6550
116.6145 94.6216 0.0000 152.7382 75.7430 71.7601 115.4536 203.1486 165.1270 124.1782 18.5023 135.1603 21.3733 187.7943 153.8603 68.7988 118.6779 141.0697 9.1812 13.9336 27.1079 89.7976 60.5136 183.2901 105.1068 30.6868 94.4294 39.8329 122.0106 36.5305 167.5293 91.0445 124.4229 174.0026 25.2227 112.0137 201.7365 74.8371 109.4152 164.5192 149.0393 103.4204 142.4004 152.1139 4.9248 132.6974 41.6805 41.8229 98.7901 132.3248 199.7921 43.6781 18.0266 204.1066 69.4350 111.2364 188.3062 73.6855 49.9278 139.4605 46.1501 131.1948 205.7603 27.8517 122.0943 43.9175 61.0331 158.9813 52.3289 135.1489 222.2689 154.0203 106.6873 151.1080 148.6842 138.9362 155.0798 90.5859 94.2951 113.4937 6.2767 60.7355 49.5767 150.6146 164.6697 179.5596 41.0152 109.8625 192.4622 150.7221 108.7642 167.8752 140.9970 114.0061 24.3139 80.8441 67.1602 135.5367 8.2107 86.5109
21.4142 107.4009 152.7382 0.0000 40.2860 31.5784 133.6535 66.0746 249.0303 39.1099 27.7506 62.0600 140.3310 56.2159 217.7094 42.5830 59.9587 180.9966 148.2411 89.8136 71.4488 128.8081 57.6829 88.7665 153.4415 51.7010 107.1799 48.7941 74.0809 25.6745 16.2088 155.0996 117.7436 107.2705 170.0009 65.7721 203.7894 167.9110 97.5363 129.1949 36.5325 84.4406 124.6763 89.6249 28.7635 194.2080 59.0623 141.1346 88.3554 99.2246 85.7036 204.6868 24.8455 95.6857 135.8515 57.7167 89.5765 103.2327 103.9784 136.5386 120.6092 25.4463 172.8776 16.8161 59.1532 168.4089 82.2652 55.1423 202.6759 29.0406 14.2954 82.4420 120.3640 123.1593 110.7088 169.2960 171.0383 50.2539 123.4516 50.2575 131.6683 184.5105 91.4421 129.0294 164.9642 62.2317 46.5834 91.2152 92.0278 94.1080 44.6757 73.2094 115.1390 184.3791 75.4799 63.7864 150.2952 27.0921 204.0596 124.8190
90.1098 103.4574 75.7430 40.2860 0.0000 148.3859 62.5628 59.4638 184.0395 20.0683 75.1757 119.9268 116.1807 100.8260 35.6750 153.3053 139.6223 56.0296 22.4857 53.6709 195.2696 162.9124 124.3664 81.1476 155.5947 141.2075 153.5400 34.3602 31.3272 24.1349 110.8363 68.3481 34.8967 77.2905 188.8282 74.5675 173.1398 124.2295 166.5509 39.9164 40.8115 84.4822 89.1676 35.3491 150.9173 100.4425 94.6587 59.9897 82.1065 96.4733 101.2680 193.4228 58.9233 15.6827 108.3118 115.6241 207.1957 65.5540 97.4175 83.0421 39.0244 76.4777 55.3122 106.5295 20.8600 138.3247 113.5786 70.8465 132.1354 61.9046 61.3929 85.7365 21.9376 161.2059 176.5161 106.7053 101.7450 33.1277 44.5978 123.6172 176.0452 178.3681 92.0765 85.1909 138.3390 119.7023 108.9049 86.6849 30.6173 79.1680 159.6154 87.0868 164.1031 145.7077 101.3971 169.6848 95.4897 43.3223 53.1862 97.2353
62.0634 98.6909 71.7601 31.5784 148.3859 0.0000 122.8254 106.4014 169.5485 110.8521 66.3540 70.6656 75.4498 77.8092 27.5253 32.0441 16.3634 0.9033 200.0083 2.7405 108.7721 98.1158 60.5030 18.9830 124.7107 76.2524 72.0769 127.9509 66.1407 22.5625 100.0582 198.2264 133.0105 137.6980 93.2444 202.7965 109.9716 159.5539 58.3226 75.2341 160.1533 17.3617 58.5532 141.6407 122.9441 135.2074 40.1248 38.5697 116.7199 80.9272 171.6800 48.6457 283.2913 27.6187 130.0477 123.4879 31.2328 187.4123 148.1243 59.3444 139.2987 143.2961 158.9004 101.5998 28.7111 47.9746 130.7305 61.4813 22.0990 99.8356 84.3990 99.4946 125.8502 62.0238 44.9763 56.7910 115.2163 132.7904 145.3504 140.2887 163.4004 35.6673 160.4093 53.4205 111.3979 135.6439 140.6165 172.9350 138.2714 211.5822 138.1633 75.0924 18.2309 29.9834 97.7448 120.6649 77.2279 174.9758 55.7241 86.3924
62.0296 105.0809 115.4536 133.6535 62.5628 122.8254 0.0000 88.0558 96.4799 104.8688 147.9108 7.0324 82.7588 24.9341 116.8811 122.1517 53.3137 140.7095 187.1661 77.6033 122.2886 184.6345 122.1889 45.6590 53.4326 91.1015 43.9126 37.6417 171.0758 37.6033 38.1238 8.3384 133.5756 116.9786 40.7048 156.7338 65.7003 88.1209 68.0702 136.5756 65.8378 123.3317 106.4284 122.9583 9.5936 79.6238 117.8642 172.0429 120.4425 63.7201 50.2969 164.6481 10.3629 70.9173 175.4145 62.6921 192.9416 50.1444 44.2320 114.9367 168.5948 62.6684 53.4025 167.5891 24.5353 109.5653 106.7377 124.7552 139.0900 63.7725 41.5160 66.2194 129.8670 70.3233 15.7932 65.0638 89.7615 90.1275 95.6217 111.7340 71.2806 83.8374 98.1638 63.7432 28.6150 15.0379 145.4393 27.2831 66.1693 140.7034 232.9910 80.3692 53.6708 76.6954 140.2468 8.6753 230.7407 17.8850 81.8000 164.5349
42.6259 134.4579 203.1486 66.0746 59.4638 106.4014 88.0558 0.0000 12.9262 128.7203 12.3629 188.0921 110.0435 22.4664 58.3265 194.7747 45.6805 79.9177 74.8894 130.4632 120.3479 15.8238 53.0485 108.5410 101.4194 130.0271 114.8639 188.6246 143.3145 68.9244 183.2355 149.2618 107.8630 122.3829 230.0115 229.9872 178.1494 60.1897 14.6496 129.5588 124.3257 88.1366 177.0419 154.1260 33.5807 75.2545 91.1934 39.7164 54.6397 207.1900 147.9241 42.3142 135.9844 105.1116 92.5546 52.7510 39.2489 62.3736 151.7612 220.8214 60.3985 204.3925 90.5451 138.0284 4.3355 158.8369 157.0398 45.5858 40.2891 154.9688 84.1143 161.1744 108.8096 42.2842 157.4525 10.7785 34.7711 125.8514 263.3420 54.4325 99.0730 93.5216 244.3458 166.3294 73.4846 82.4506 100.9841 133.6276 221.6520 158.9280 34.5859 91.8121 134.9394 76.1643 90.5878 49.3778 68.0023 173.2514 169.1690 152.4974
159.7707 22.6468 165.1270 249.0303 184.0395 169.5485 96.4799 12.9262 0.0000 204.4914 160.3191 133.0181 168.7298 125.0663 133.8697 176.1671 5.6075 189.7563 289.6570 33.1670 227.4684 143.0223 147.3096 31.5292 92.7785 70.3336 95.4838 163.9792 99.7937 15.6026 75.3694 55.2145 218.8314 51.2985 71.5706 70.8095 53.3848 103.0354 75.6137 232.5274 180.0121 105.6522 117.1799 101.1631 97.2035 98.2462 103.3953 96.7354 89.6964 103.6123 79.9893 58.5621 133.6275 117.3685 160.8480 50.8070 217.3619 116.0853 34.6669 105.5253 107.8058 128.9898 79.5824 116.3073 141.6724 72.2056 206.3838 118.9285 123.3981 75.2634 100.7012 96.1137 99.8330 144.9003 46.9314 189.4259 57.9283 39.2768 182.2983 117.0583 131.1554 158.9376 159.7214 146.1754 39.6742 126.4880 113.4400 153.8496 58.5448 163.2061 131.1198 100.2846 45.6831 229.9456 240.3473 56.2467 119.1000 46.6726 5.8495 84.8692
80.7392 54.5701 124.1782 39.1099 20.0683 110.8521 104.8688 128.7203 204.4914 0.0000 104.7636 63.1593 121.4974 32.0237 165.4180 72.4928 62.3395 144.3314 64.7908 187.8047 94.3430 161.7400 29.5412 144.5315 235.1347 122.6810 175.8833 200.7917 42.9861 201.7098 54.5041 112.8281 175.9517 243.5604 26.3010 82.6479 191.7647 129.7423 148.9371 40.0446 60.6610 89.7334 124.9904 114.3176 83.9020 76.5446 129.8132 95.0142 151.7551 8.5391 67.2133 71.0667 11.6816 35.2526 120.9523 156.0090 98.0604 128.8435 83.8348 178.4595 129.3583 2.6581 67.9478 82.2519 86.1741 176.7057 75.1598 74.4969 81.9809 103.5229 173.7174 66.9571 92.8849 158.5776 133.3328 48.8022 44.9585 30.2780 174.2256 177.9408 141.0919 78.7963 108.7105 90.7320 141.6699 206.3006 115.5846 119.4925 77.7840 105.8062 137.1931 59.9408 196.8176 129.6944 65.1397 59.4355 151.2164 42.5841 92.5305 80.0853
28.5260 40.6932 18.5023 27.7506 75.1757 66.3540 147.9108 12.3629 160.3191 104.7636 0.0000 99.5941 96.8524 57.8749 194.8615 170.1480 66.2451 76.7995 60.2044 153.4935 68.3510 23.7036 155.2083 60.6301 104.9731 113.8440 6.8931 18.1327 203.0747 131.2527 184.4675 80.5330 116.6749 140.9682 61.8591 207.9504 93.7685 9.6440 84.0446 159.1774 96.1605 133.4351 46.1230 170.4174 157.8748 51.3551 191.0517 78.9623 20.5407 78.1521 108.3821 80.7118 199.7306 94.8625 29.6205 77.7558 101.7938 53.9769 56.0957 122.1392 98.9883 111.1899 176.8736 191.4497 273.9455 101.4570 202.4554 62.1781 100.8190 51.2756 187.8746 156.1209 101.3101 177.7169 145.1409 101.2995 79.5698 109.6726 65.8691 160.0523 59.9234 117.0703 43.6351 73.3801 208.4849 169.9577 99.1735 129.6662 31.1031 83.8847 147.3738 137.7370 36.5062 199.4497 75.1635 55.0640 38.7863 106.5879 181.0757 63.6060
168.5769 79.5120 135.1603 62.0600 119.9268 70.6656 7.0324 188.0921 133.0181 63.1593 99.5941 0.0000 34.1249 156.9928 137.1700 180.3038 142.3542 124.9492 160.6119 82.2782 157.2633 115.4188 170.1508 2.8202 117.7701 66.3210 124.5493 58.8907 83.7347 89.6798 185.5986 181.2139 96.7717 118.4911 137.0759 164.5774 3.0116 162.6332 18.6900 71.1987 181.7669 125.4171 18.6899 66.2204 75.9779 157.8605 61.3467 166.9480 65.0945 29.6249 110.0326 199.1757 140.2486 69.6568 125.7199 65.3939 52.7600 65.9474 11.9007 213.0472 105.0444 142.3090 86.8417 271.3942 132.0712 158.8626 168.4979 175.9426 74.7904 58.3518 113.7310 97.8543 46.4815 70.5809 129.8046 11.9583 87.3282 143.5270 166.4083 92.8275 72.5650 115.2947 66.7476 61.6934 119.2600 101.7166 134.5263 55.2006 137.7195 101.7718 202.4985 147.7884 159.2184 48.4304 36.2678 168.0823 122.6909 156.8724 83.7396 183.5601
173.2670 172.6359 21.3733 140.3310 116.1807 75.4498 82.7588 110.0435 168.7298 121.4974 96.8524 34.1249 0.0000 83.2577 107.2282 101.8838 45.9452 32.7430 83.2631 169.4258 165.9802 213.8875 88.4855 61.4122 94.9425 115.0466 136.2978 90.3649 99.7624 50.0439 116.6934 274.8037 64.4053 68.8915 93.0716 55.5224 99.0476 72.5488 23.9184 122.8106 126.4072 128.2914 112.4809 127.6674 64.8080 58.8837 14.8509 182.9208 32.2501 148.3817 88.9016 52.7026 20.2948 109.5058 253.5556 158.8910 214.5474 115.7533 24.9180 6.2540 199.3233 114.8762 33.8793 112.8037 125.7126 109.1924 84.2968 138.7470 186.9636 52.8182 99.9001 5.0949 76.4353 32.4413 207.9959 153.1106 50.2019 164.9637 65.6286 60.4325 30.2631 158.5472 80.1366 49.3580 109.3721 160.7456 149.8729 85.3235 99.2847 170.1069 59.8185 96.0705 72.1266 48.9277 142.9499 256.8941 274.7065 140.0299 67.6888 64.3217
77.1575 1.5314 187.7943 56.2159 100.8260 77.8092 24.9341 22.4664 125.0663 32.0237 57.8749 156.9928 83.2577 0.0000 6.1405 123.0338 81.4482 56.1066 70.3978 48.7537 116.8531 229.5382 171.7625 55.9873 237.0410 182.0173 98.1376 105.6718 92.3786 134.2827 49.5008 97.4697 117.9974 56.4314 42.2090 126.8110 92.6005 117.4028 146.8514 186.5077 134.2962 94.2768 30.6963 193.9668 10.1298 111.2985 53.7472 138.6021 39.8446 55.4422 152.5869 190.9018 116.3145 17.2850 187.3147 86.4247 139.0945 12.6670 100.4769 58.6179 141.2137 135.6772 144.5535 90.9892 54.7898 95.6291 137.0263 169.5406 49.2309 30.0177 125.6309 47.6023 254.5469 21.4528 38.0786 72.2468 202.3775 42.9327 125.0960 178.2672 51.2417 38.2972 133.5853 23.8784 79.5178 197.4700 102.2599 106.0276 157.0297 97.5328 26.6752 73.8091 12.5757 31.2086 87.2674 56.8293 143.7787 91.5644 56.7140 117.4892
70.2940 66.6730 153.8603 217.7094 35.6750 27.5253 116.8811 58.3265 133.8697 165.4180 194.8615 137.1700 107.2282 6.1405 0.0000 50.5665 92.3782 40.6018 66.5956 82.6125 207.5384 47.6049 193.7598 101.2187 210.5984 16.4276 125.4269 256.5008 117.9860 98.5102 90.6307 78.4065 228.6323 173.5313 84.6980 115.7086 1.7845 147.8633 100.6946 146.3073 93.4972 163.3732 167.8951 151.5600 100.6173 53.2699 125.5204 205.2274 100.8251 100.0056 79.9752 127.4196 177.8516 168.3483 55.2347 27.5248 177.2781 166.1520 103.2007 87.0875 140.2207 53.7264 92.1232 117.9416 151.6315 119.0936 33.6149 113.2393 114.4350 103.3307 50.5439 32.8694 151.0893 91.0287 17.7145 49.3587 178.6662 121.3917 117.1581 110.1038 124.5156 53.2424 211.2669 66.5179 91.8459 109.4590 108.2304 143.0187 198.4208 167.6926 191.4367 79.5340 118.6878 195.1747 109.7896 63.1768 105.9578 63.6656 28.5528 16.9013
134.7896 180.8742 68.7988 42.5830 153.3053 32.0441 122.1517 194.7747 176.1671 72.4928 170.1480 180.3038 101.8838 123.0338 50.5665 0.0000 122.4574 126.5661 133.3476 38.8789 118.5062 225.8758 116.2983 106.5688 37.0671 28.7070 106.2324 124.0696 51.6574 82.2488 59.4988 173.5224 99.4417 105.3636 115.4366 103.5639 56.1787 74.2362 115.5291 93.1970 119.3111 26.4877 100.7728 90.8240 122.0997 87.0075 90.9343 153.9079 106.6748 52.9542 104.1814 133.4405 20.0024 135.6051 90.0528 100.5587 175.5698 172.9508 84.2915 212.7062 90.9878 168.2477 185.3999 122.0436 107.1497 116.9819 119.0998 42.8615 21.8298 93.5724 36.8747 47.7235 64.7669 65.8411 34.8719 82.6671 51.7204 107.8741 20.5344 132.1108 73.6432 82.7845 68.1231 113.0216 124.8731 106.4131 284.0259 25.6444 103.9340 119.7789 230.3926 156.0433 95.8873 89.9151 165.9037 147.5990 197.2863 89.1970 107.5946 100.0117
109.0724 119.5230 118.6779 59.9587 139.6223 16.3634 53.3137 45.6805 5.6075 62.3395 66.2451 142.3542 45.9452 81.4482 92.3782 122.4574 0.0000 118.1043 100.0552 222.6797 229.4891 104.4269 110.7692 142.5778 128.9308 77.9469 104.4250 96.9090 95.0135 97.5491 119.9454 138.1101 200.9510 80.7107 64.0160 206.6743 194.9736 55.0126 64.5097 209.2775 12.3737 111.5698 173.1924 92.6772 32.5022 144.6882 149.1602 131.2201 71.2489 133.5256 123.8335 93.4572 139.3071 94.0746 97.6206 129.7304 79.3545 117.8711 182.9945 104.6064 12.2608 92.7183 162.6236 227.3595 88.6507 179.6516 153.1690 62.8098 99.3844 132.6832 140.3558 186.4077 172.3018 118.1770 149.4752 97.1846 123.3582 169.3527 142.3559 165.5046 132.7254 57.1292 121.4630 161.9888 122.5310 178.4309 127.4082 93.7926 142.4080 101.7958 26.6227 9.8968 41.5037 123.5532 84.6665 29.1181 86.9755 132.0041 123.9796 121.9955
27.9142 88.8045 141.0697 180.9966 56.0296 0.9033 140.7095 79.9177 189.7563 144.3314 76.7995 124.9492 32.7430 56.1066 40.6018 126.5661 118.1043 0.0000 86.7678 30.2485 121.6195 11.5183 34.6351 136.0827 56.1944 165.7767 71.9980 136.3423 144.1861 115.5085 103.7960 117.9910 207.4534 74.0113 135.7338 36.3029 126.8885 87.8639 160.9026 105.4434 125.0569 177.4405 178.2446 50.9268 75.1833 139.7386 41.0687 45.2976 93.6996 123.8199 43.9355 147.0560 52.8060 165.8973 79.4981 119.8750 199.4383 39.9326 77.4602 172.0055 68.1214 29.4994 75.0267 4.3663 106.7752 17.5698 7.7009 46.1006 175.1825 9.9208 12.8271 66.8964 59.7399 109.7744 191.4127 96.8533 90.9060 27.6266 168.4903 124.5492 95.6482 140.7571 100.5082 163.9982 176.6580 9.4575 244.7800 85.4697 74.4872 222.6271 19.7681 108.2117 95.4218 138.5870 11.6717 97.0305 127.5254 115.2552 99.0106 155.4240
121.0455 144.9344 9.1812 148.2411 22.4857 200.0083 187.1661 74.8894 289.6570 64.7908 60.2044 160.6119 83.2631 70.3978 66.5956 133.3476 100.0552 86.7678 0.0000 69.6149 33.2708 12.3103 92.3696 50.3480 81.3344 8.7253 21.2693 73.6100 74.1660 92.1531 88.8274 87.2813 96.1908 85.0406 47.2739 140.6936 76.5687 63.7233 138.3072 144.4412 205.4983 120.6699 119.8407 106.1976 123.8995 121.8181 105.9937 141.3968 300.9541 54.5997 83.9436 182.5319 122.4673 68.7798 165.3977 130.7876 99.1717 264.7796 86.6693 77.3355 123.0756 20.3843 111.2610 68.9575 249.0579 47.9346 222.0663 80.3694 19.8997 110.7528 20.0103 156.5264 137.4679 30.1018 129.5925 137.1654 116.7539 106.3039 103.7824 9.1341 88.8651 150.1076 82.7209 62.5374 219.8272 130.8980 165.5781 144.5618 127.1161 146.8053 144.1164 169.2015 64.4882 43.6065 108.4982 0.2490 208.9258 95.6058 53.2035 52.5869
227.5648 141.8493 13.9336 89.8136 53.6709 2.7405 77.6033 130.4632 33.1670 187.8047 153.4935 82.2782 169.4258 48.7537 82.6125 38.8789 222.6797 30.2485 69.6149 0.0000 57.5728 55.6777 136.7160 255.9533 136.9877 35.5620 35.7301 162.1928 163.8537 59.9468 86.4727 171.9607 207.3823 215.1920 17.7294 73.5934 76.3637 224.6042 69.1070 115.5470 146.3120 43.5172 156.1254 82.8267 133.7900 167.3393 87.4342 157.7836 134.0067 136.1037 181.2709 76.8910 71.6544 97.2734 79.4906 46.0149 138.3384 187.7928 118.8207 154.2514 8.7441 155.2163 43.1697 91.8167 117.4799 98.3352 186.0577 267.7165 154.6619 64.3304 89.2706 119.9417 58.9205 101.9569 58.0108 50.3339 103.8139 63.1218 66.7473 98.6068 54.6691 116.8406 29.6302 156.5660 136.7610 90.7762 102.3193 28.2947 121.8894 156.0274 68.8923 183.4909 80.7633 205.5211 101.8381 130.8737 90.1497 56.8980 134.8772 58.0860
81.7004 12.3648 27.1079 71.4488 195.2696 108.7721 122.2886 120.3479 227.4684 94.3430 68.3510 157.2633 165.9802 116.8531 207.5384 118.5062 229.4891 121.6195 33.2708 57.5728 0.0000 87.5179 67.3180 53.0342 53.0949 46.2185 75.2467 138.7758 171.9156 50.2749 64.7519 73.6979 108.0556 33.6331 156.5188 66.0709 96.4420 116.9513 44.6844 132.8582 80.6059 155.2194 111.9058 71.5920 161.8615 161.5954 57.3778 119.1393 160.4111 101.7593 134.8589 48.0242 219.4797 82.6078 17.6599 88.2993 84.2712 155.0835 183.2092 156.5893 166.9878 161.1561 103.9953 154.2938 194.8275 169.9002 30.9728 119.9625 130.7652 132.1821 50.9679 78.5247 61.6175 151.5466 118.2308 198.0351 0.6540 162.9531 83.9191 70.8080 145.0058 12.7965 167.3382 107.0248 70.6442 141.3705 162.7578 44.9612 129.8766 64.2623 101.5623 172.7269 111.1638 37.3217 169.1370 17.6341 62.0950 41.8917 188.4258 108.2519
90.9506 79.6559 89.7976 128.8081 162.9124 98.1158 184.6345 15.8238 143.0223 161.7400 23.7036 115.4188 213.8875 229.5382 47.6049 225.8758 104.4269 11.5183 12.3103 55.6777 87.5179 0.0000 107.5357 168.0673 65.1845 145.8843 69.3440 90.2329 77.4660 59.4500 11.5891 208.1196 61.7491 31.7675 139.1545 45.6046 84.8166 165.2105 198.5312 85.6126 145.5278 159.4740 111.0035 96.3003 73.2573 116.1796 86.9901 67.4997 126.8002 112.3830 69.1477 104.0165 190.2949 97.4962 7.5746 56.5811 37.4884 18.8647 73.9959 147.5072 68.7403 177.8852 123.6304 183.8056 166.1127 90.1705 194.5093 126.5461 167.2294 61.0631 79.5745 13.7905 53.6955 89.6025 114.2176 134.3392 62.1166 107.5096 101.9141 206.2171 43.6008 121.7888 106.6373 21.2436 107.0087 125.8081 13.3328 63.8628 186.0681 138.0332 87.1975 9.7819 133.5719 156.8606 155.7875 16.4266 89.7262 86.6956 120.3039 77.2796
197.0826 194.6393 60.5136 57.6829 124.3664 60.5030 122.1889 53.0485 147.3096 29.5412 155.2083 170.1508 88.4855 171.7625 193.7598 116.2983 110.7692 34.6351 92.3696 136.7160 67.3180 107.5357 0.0000 90.2743 123.4836 153.8930 99.0422 32.8682 176.6970 188.6694 108.0286 122.7248 139.2136 94.6866 85.1762 73.1157 51.7530 113.5446 135.2140 47.7819 46.4073 88.8755 71.6191 75.5602 83.2355 103.4242 85.5274 91.0499 103.0077 32.3172 42.9271 132.9005 123.5582 103.7330 134.0694 38.2592 119.3892 122.2310 167.7593 27.4471 161.0351 148.3635 139.4085 86.5877 82.6300 152.0287 209.4633 128.7806 107.3019 42.3690 112.9721 71.2886 54.5329 58.4091 65.8622 92.8516 146.3541 121.3165 144.0991 153.1068 71.8557 41.9191 124.4590 123.2557 97.7690 158.7518 60.6876 105.2375 109.8615 74.6767 158.6818 32.1920 81.5182 53.7751 98.2924 86.1438 92.0898 156.7322 76.6611 258.5723
129.6959 78.3950 183.2901 88.7665 81.1476 18.9830 45.6590 108.5410 31.5292 144.5315 60.6301 2.8202 61.4122 55.9873 101.2187 106.5688 142.5778 136.0827 50.3480 255.9533 53.0342 168.0673 90.2743 0.0000 202.2345 50.6380 119.7211 59.2197 204.8481 52.5072 57.3886 281.6060 117.7569 147.3875 198.3330 116.4493 195.7617 76.7708 79.8213 76.0550 176.0867 63.9075 109.4251 121.4810 201.7474 105.4319 71.3752 77.6097 88.1320 147.6874 78.6023 121.3702 91.5942 68.4256 63.7207 69.1164 75.9214 70.8636 95.2739 95.1721 91.2265 116.9194 49.2896 28.3464 237.6957 118.4773 152.4385 229.4713 20.6335 185.2412 33.1884 157.1521 71.0026 57.5711 211.4799 101.9599 87.2169 83.1053 66.1135 146.6444 98.3127 39.5547 53.2709 47.6425 47.1578 143.1518 47.9461 161.8046 174.4788 96.6144 174.2716 35.7269 151.2839 90.7772 33.1418 123.9271 30.4396 117.6367 68.8394 132.6796
8.2953 32.0885 105.1068 153.4415 155.5947 124.7107 53.4326 101.4194 92.7785 235.1347 104.9731 117.7701 94.9425 237.0410 210.5984 37.0671 128.9308 56.1944 81.3344 136.9877 53.0949 65.1845 123.4836 202.2345 0.0000 98.1482 137.4610 73.0107 121.0547 69.4978 44.8671 98.6446 66.6769 130.9448 213.4218 91.7042 91.6358 87.9085 151.4235 43.5376 5.9857 186.3078 57.5416 169.4162 163.0886 87.0142 92.3899 105.4983 35.8369 127.7186 45.7636 185.1164 49.2767 119.7435 68.7041 10.5239 61.7942 47.4572 228.7593 82.9126 163.0037 100.2958 54.3826 155.5744 2.5580 52.0467 110.1489 67.0386 5.4956 132.0758 144.2836 60.1287 46.4925 104.6474 154.3490 7.4751 32.2745 221.2786 111.6045 142.5124 52.1986 218.6920 93.4901 22.6634 106.2431 109.3464 96.3105 34.7227 68.0127 44.4842 152.1968 61.7931 201.2266 155.5192 2.9221 41.3879 93.7792 190.7166 128.9105 105.1006
86.8367 60.3062 30.6868 51.7010 141.2075 76.2524 91.1015 130.0271 70.3336 122.6810 113.8440 66.3210 115.0466 182.0173 16.4276 28.7070 77.9469 165.7767 8.7253 35.5620 46.2185 145.8843 153.8930 50.6380 98.1482 0.0000 115.7598 62.7689 80.0617 37.5663 84.6893 107.9785 50.6504 160.8228 82.5600 155.2669 88.9549 60.4741 78.8392 102.0233 161.1586 153.8972 36.9037 138.3528 90.5856 113.5863 36.8264 89.3630 119.8319 117.1203 74.8732 20.1315 150.8812 179.9563 191.2682 207.4513 26.9942 91.8642 115.8313 140.0241 120.5339 5.0306 94.6339 80.5855 113.1220 9.1118 43.3612 82.9610 100.9400 114.5221 41.8946 108.0644 135.9033 158.9238 177.8047 40.4927 89.0809 212.7485 194.5315 110.7393 155.6523 118.8369 91.6515 157.4661 207.1816 218.0139 87.1716 133.4612 73.5996 198.5144 70.0732 82.6146 66.0356 187.4728 66.7853 122.8983 4.9409 40.3015 127.7358 15.8115
264.7473 174.9771 94.4294 107.1799 153.5400 72.0769 43.9126 114.8639 95.4838 175.8833 6.8931 124.5493 136.2978 98.1376 125.4269 106.2324 104.4250 71.9980 21.2693 35.7301 75.2467 69.3440 99.0422 119.7211 137.4610 115.7598 0.0000 18.1528 151.4581 170.5123 172.2538 58.1003 73.3573 36.3113 191.0878 127.5004 99.0108 89.6184 164.2365 38.3006 74.0036 93.3928 184.8707 47.9086 31.6702 164.7439 111.5545 116.8419 39.8580 134.4883 147.2092 87.9134 145.4886 60.3593 132.4534 7.9885 113.5535 82.4275 278.5309 136.7215 23.9327 24.5056 67.0058 133.9051 107.1003 89.6576 125.6662 75.4228 86.7039 147.1738 102.4755 87.5723 64.1180 74.7512 66.5529 152.8930 68.7998 89.0838 70.6818 57.5339 129.5798 171.2674 79.9622 161.3723 112.3407 144.4227 224.7084 17.4607 104.1107 243.5091 99.8403 59.2131 38.0910 12.1116 114.1079 171.4547 147.1491 79.6827 123.2416 66.2578
95.9211 198.0434 39.8329 48.7941 34.3602 127.9509 37.6417 188.6246 163.9792 200.7917 18.1327 58.8907 90.3649 105.6718 256.5008 124.0696 96.9090 136.3423 73.6100 162.1928 138.7758 90.2329 32.8682 59.2197 73.0107 62.7689 18.1528 0.0000 77.6075 96.0447 46.9731 154.7854 155.5010 81.9324 93.8974 105.6363 209.1466 39.5931 121.5660 316.8187 46.2518 14.4404 108.4404 16.9955 139.9248 213.9520 176.2403 135.0036 95.7599 79.5369 100.3051 105.9507 175.5210 136.8678 207.0113 172.3977 16.0919 162.8171 137.1700 147.1553 222.3319 23.2693 99.2345 109.3937 225.7405 232.2086 166.8289 181.1136 87.0093 96.1102 83.2607 70.9530 105.9836 85.6647 79.7229 148.4072 30.3769 131.3739 228.8193 132.0789 109.9016 62.2380 146.2576 28.5043 113.3651 162.2093 36.0721 121.5190 206.5355 120.0780 177.7084 143.9907 105.6225 106.1002 137.2095 130.7341 30.0930 27.0928 167.4364 74.2356
75.3769 30.9770 122.0106 74.0809 31.3272 66.1407 171.0758 143.3145 99.7937 42.9861 203.0747 83.7347 99.7624 92.3786 117.9860 51.6574 95.0135 144.1861 74.1660 163.8537 171.9156 77.4660 176.6970 204.8481 121.0547 80.0617 151.4581 77.6075 0.0000 103.1295 112.9208 57.0424 95.9069 119.9316 100.5388 204.7103 65.8096 93.2829 123.9139 136.1375 174.0863 125.6093 261.9624 60.4437 88.0635 51.6770 127.7319 85.4677 50.9786 54.4518 39.9311 49.2494 36.7097 92.2564 91.9505 120.4380 118.8320 128.5152 176.6225 77.8700 129.2080 57.9214 100.5548 48.9144 94.4362 60.0018 162.5087 3.7814 108.4805 95.5863 11.0460 80.0027 64.6167 102.9414 168.0710 130.3350 149.0819 72.8185 137.9091 71.2171 162.1466 64.1039 54.2128 140.5276 94.2895 84.3283 20.1982 118.3749 27.7002 86.9907 174.7793 259.5616 33.6499 92.1507 137.9194 100.9747 117.6476 160.1788 145.0050 213.1475
39.9813 250.4498 36.5305 25.6745 24.1349 22.5625 37.6033 68.9244 15.6026 201.7098 131.2527 89.6798 50.0439 134.2827 98.5102 82.2488 97.5491 115.5085 92.1531 59.9468 50.2749 59.4500 188.6694 52.5072 69.4978 37.5663 170.5123 96.0447 103.1295 0.0000 83.8671 106.7882 55.2689 144.0748 148.6265 156.8864 47.9435 77.0749 95.6532 131.0625 88.6292 164.1240 179.4040 133.7314 129.8304 117.8062 115.8853 47.5122 60.7958 182.7572 58.6833 66.0307 92.1509 48.7406 62.9295 97.7408 75.9769 134.9505 39.6252 94.9950 130.6766 80.8182 141.5485 187.6029 35.2063 93.6473 85.0750 79.9656 156.0140 107.3889 202.2320 81.4841 42.9117 5.4517 196.5112 63.1490 163.4471 44.6835 126.8470 120.2023 49.8263 91.7406 78.5887 115.5835 121.4215 48.2066 70.8246 168.7321 118.2378 55.7987 109.8582 206.1952 89.4482 78.9226 53.1739 106.9328 35.5636 141.6658 158.6671 162.3895
69.3077 16.0549 167.5293 16.2088 110.8363 100.0582 38.1238 183.2355 75.3694 54.5041 184.4675 185.5986 116.6934 49.5008 90.6307 59.4988 119.9454 103.7960 88.8274 86.4727 64.7519 11.5891 108.0286 57.3886 44.8671 84.6893 172.2538 46.9731 112.9208 83.8671 0.0000 100.8755 77.1852 56.6863 100.4561 74.7477 104.0039 152.2843 91.8664 60.8524 178.2535 237.2209 130.2251 212.2316 94.7600 95.3095 171.1997 48.2649 125.8226 195.3290 120.7585 114.9926 137.2495 51.0882 117.3847 199.1422 152.4892 169.7830 129.7430 135.2088 216.7643 57.1647 98.0135 140.8464 23.2911 93.2344 73.6142 116.9571 201.6628 82.9069 226.8171 96.3176 53.4085 187.7778 167.7988 71.0383 120.5735 182.0118 72.3725 114.8339 52.0711 24.9340 119.8883 74.7654 30.4228 54.6581 18.4627 104.9424 190.8405 3.8070 131.8232 119.5522 189.2414 48.4223 113.0349 102.7933 70.5700 184.8435 39.3275 179.1258
64.6385 116.6446 91.0445 155.0996 68.3481 198.2264 8.3384 149.2618 55.2145 112.8281 80.5330 181.2139 274.8037 97.4697 78.4065 173.5224 138.1101 117.9910 87.2813 171.9607 73.6979 208.1196 122.7248 281.6060 98.6446 107.9785 58.1003 154.7854 57.0424 106.7882 100.8755 0.0000 143.6942 83.7260 68.0532 95.4775 25.0667 54.5634 107.5133 152.5601 131.4534 95.1988 114.2004 173.3293 115.1439 101.0309 91.1488 105.9540 107.9006 9.0626 55.3939 172.2992 152.2429 50.4265 24.6669 255.1061 78.6529 87.5419 8.0406 125.0859 198.4564 151.7384 205.0672 91.3876 113.3546 115.1890 49.8340 72.8434 3.8965 36.1899 145.3627 147.0381 170.6332 42.6510 221.2290 45.2448 123.5958 37.6645 77.4505 178.5519 3.4787 91.7024 78.3524 39.0296 108.1125 72.7415 120.7196 17.2137 93.0048 108.5951 81.7261 67.7911 103.5884 39.1091 132.5735 57.6130 175.9297 148.6472 74.1543 126.9173
97.3576 118.0850 124.4229 117.7436 34.8967 133.0105 133.5756 107.8630 218.8314 175.9517 116.6749 96.7717 64.4053 117.9974 228.6323 99.4417 200.9510 207.4534 96.1908 207.3823 108.0556 61.7491 139.2136 117.7569 66.6769 50.6504 73.3573 155.5010 95.9069 55.2689 77.1852 143.6942 0.0000 124.7483 163.1757 190.5386 187.8516 27.2142 55.3337 74.6498 45.5409 173.6807 42.6676 46.2439 129.1679 213.8355 201.9064 140.0773 107.1244 41.7817 156.8704 202.2962 42.4372 89.8642 265.1572 105.3156 262.8275 115.8979 124.1369 165.5541 166.3586 56.9897 159.1238 31.6839 85.2815 198.6796 105.5107 71.6329 65.7784 84.2989 47.7062 238.1531 145.4837 159.7005 83.2047 110.9170 202.7218 86.7758 16.8708 119.9159 96.6768 173.1137 57.8094 83.3863 151.5589 33.5091 235.5176 102.3273 169.4087 53.6547 63.3747 107.7762 104.6242 237.3661 175.2573 84.0445 107.3121 121.7240 147.2403 86.2074
174.0218 118.8197 174.0026 107.2705 77.2905 137.6980 116.9786 122.3829 51.2985 243.5604 140.9682 118.4911 68.8915 56.4314 173.5313 105.3636 80.7107 74.0113 85.0406 215.1920 33.6331 31.7675 94.6866 147.3875 130.9448 160.8228 36.3113 81.9324 119.9316 144.0748 56.6863 83.7260 124.7483 0.0000 105.1050 64.0207 121.0246 108.0637 109.9683 119.6530 30.8207 148.7028 128.6637 90.9317 200.7846 171.6245 148.1322 100.8651 136.6075 149.2329 131.4063 89.2389 139.7585 141.8984 137.2828 140.5566 152.2847 91.3658 143.9034 129.3882 115.3544 107.8211 47.1855 212.8241 140.1704 76.8529 14.0115 88.4076 82.1652 49.8265 51.5268 88.6414 229.6308 110.5569 189.7718 91.0821 33.5991 67.6203 140.0958 131.2295 194.5274 49.3873 131.6352 84.1985 86.0928 192.4288 70.5304 104.8978 156.3219 147.6544 194.4587 173.8581 120.1853 124.2621 209.7418 63.2943 47.0973 108.8674 69.1322 132.5831
136.3904 164.6382 25.2227 170.0009 188.8282 93.2444 40.7048 230.0115 71.5706 26.3010 61.8591 137.0759 93.0716 42.2090 84.6980 115.4366 64.0160 135.7338 47.2739 17.7294 156.5188 139.1545 85.1762 198.3330 213.4218 82.5600 191.0878 93.8974 100.5388 148.6265 100.4561 68.0532 163.1757 105.1050 0.0000 158.7476 125.4405 111.0405 113.1062 130.8411 185.0138 121.2034 69.1497 54.4858 23.3736 86.7044 46.0658 123.7759 34.6032 125.8704 41.3929 177.1444 141.7165 69.1599 103.1647 57.3968 174.1197 65.2289 87.8140 96.4859 68.5437 78.9040 80.4108 133.1610 105.7149 56.6958 197.4146 69.7338 102.5193 52.4738 61.8490 13.9382 66.7422 84.9517 85.0961 132.6207 171.9404 52.6748 38.5853 62.0810 28.4964 34.0789 195.3536 76.6644 86.3784 130.8913 114.4938 29.9609 93.8432 115.0034 88.1478 63.4759 49.0728 113.2491 39.6973 85.3195 149.4094 94.0783 244.4929 143.5533
69.9450 58.0300 112.0137 65.7721 74.5675 202.7965 156.7338 229.9872 70.8095 82.6479 207.9504 164.5774 55.5224 126.8110 115.7086 103.5639 206.6743 36.3029 140.6936 73.5934 66.0709 45.6046 73.1157 116.4493 91.7042 155.2669 127.5004 105.6363 204.7103 156.8864 74.7477 95.4775 190.5386 64.0207 158.7476 0.0000 45.7137 121.2077 127.8885 100.5725 160.8741 165.6162 102.7647 73.5810 119.3869 128.6761 154.4612 120.3671 215.3019 285.3290 173.1422 46.2017 300.7916 39.3391 63.5499 53.9599 61.3974 37.2527 56.8098 64.5380 65.3199 112.1740 25.0352 142.5905 84.6964 142.4181 211.8609 176.0426 176.6966 122.5219 96.6991 53.8331 100.9855 138.0548 112.2021 33.2953 214.5984 86.9336 75.7245 73.7187 168.2477 153.8476 95.9247 111.1881 164.5262 122.5738 114.3641 132.3522 24.3417 84.9323 114.7657 81.6523 88.0425 119.2629 68.3833 120.4400 123.2864 129.2854 116.8805 143.3478
132.9557 151.6738 201.7365 203.7894 173.1398 109.9716 65.7003 178.1494 53.3848 191.7647 93.7685 3.0116 99.0476 92.6005 1.7845 56.1787 194.9736 126.8885 76.5687 76.3637 96.4420 84.8166 51.7530 195.7617 91.6358 88.9549 99.0108 209.1466 65.8096 47.9435 104.0039 25.0667 187.8516 121.0246 125.4405 45.7137 0.0000 89.9048 7.2880 153.4169 161.5460 146.6741 121.4247 205.0528 118.8221 91.0108 20.8741 159.6294 49.2715 191.3920 111.6863 117.2939 112.5552 97.4626 15.4374 46.6193 180.9098 158.5068 14.4617 99.1859 33.4254 155.6332 171.2915 86.2026 135.8945 58.8452 60.0144 62.6888 107.1125 163.9447 90.5366 121.5520 2.6631 104.3173 60.3121 185.2537 220.1133 98.3492 134.7508 92.3954 114.8345 64.6851 57.7699 99.6712 77.0936 127.5449 106.6062 137.4966 99.0528 32.8788 5.9669 141.4468 137.4318 30.9980 87.7041 133.4688 27.2007 149.2830 20.8153 62.0448
63.0033 98.2457 74.8371 167.9110 124.2295 159.5539 88.1209 60.1897 103.0354 129.7423 9.6440 162.6332 72.5488 117.4028 147.8633 74.2362 55.0126 87.8639 63.7233 224.6042 116.9513 165.2105 113.5446 76.7708 87.9085 60.4741 89.6184 39.5931 93.2829 77.0749 152.2843 54.5634 27.2142 108.0637 111.0405 121.2077 89.9048 0.0000 54.7853 170.8697 151.9502 89.2576 101.2302 163.7763 37.9348 47.4389 125.2231 57.8733 89.2988 141.1662 124.2943 86.0402 98.3055 84.6017 79.8002 74.5943 23.9240 8.4983 129.7858 172.5569 152.0241 142.3503 181.4521 149.6519 127.9476 68.1829 204.2228 110.0563 31.7889 178.1795 137.3763 109.2846 97.8858 115.0652 41.0342 85.6029 111.1776 157.2334 125.5438 75.5307 196.1784 168.8108 66.6979 78.0024 80.3288 175.8908 62.8458 79.8019 14.1606 88.0007 96.9836 27.8185 24.3551 62.1591 59.5493 118.9456 148.8392 103.4632 128.5830 46.5693
65.0306 141.8703 109.4152 97.5363 166.5509 58.3226 68.0702 14.6496 75.6137 148.9371 84.0446 18.6900 23.9184 146.8514 100.6946 115.5291 64.5097 160.9026 138.3072 69.1070 44.6844 198.5312 135.2140 79.8213 151.4235 78.8392 164.2365 121.5660 123.9139 95.6532 91.8664 107.5133 55.3337 109.9683 113.1062 127.8885 7.2880 54.7853 0.0000 116.8756 66.5338 120.4877 137.4753 154.7321 6.1047 142.0060 41.4074 90.4189 220.4052 103.0892 153.1819 93.8493 92.4391 85.7058 23.5264 42.3475 85.4033 107.7198 44.5054 96.7267 22.3737 86.9696 253.0125 14.2193 47.9674 125.4528 306.2336 232.5141 143.1501 121.9604 26.2869 79.1391 139.6596 117.5550 84.5239 181.7805 104.9629 0.4890 118.7646 113.4939 128.8228 60.6629 14.8479 118.8974 46.0933 112.0087 133.5032 138.7636 67.4958 82.7757 116.5794 51.3355 140.0755 119.4876 134.4135 108.3755 70.5976 76.4122 58.3349 60.8494
120.7651 62.9708 164.5192 129.1949 39.9164 75.2341 136.5756 129.5588 232.5274 40.0446 159.1774 71.1987 122.8106 186.5077 146.3073 93.1970 209.2775 105.4434 144.4412 115.5470 132.8582 85.6126 47.7819 76.0550 43.5376 102.0233 38.3006 316.8187 136.1375 131.0625 60.8524 152.5601 74.6498 119.6530 130.8411 100.5725 153.4169 170.8697 116.8756 0.0000 82.7027 46.5124 86.0676 57.5872 28.6915 110.0483 178.7678 196.0846 113.4036 134.4195 91.7840 124.7267 166.0522 199.5196 84.7015 199.2622 80.2216 135.7094 104.2270 125.0807 56.3259 136.4379 134.2693 182.1940 104.6819 62.1286 106.5729 118.5091 90.7257 74.4658 83.5016 84.1700 146.7315 173.1699 64.3714 34.1691 65.8901 80.0180 100.1596 9.2579 47.1126 93.6630 162.3392 164.7856 16.4903 36.8994 126.6518 43.1867 100.1567 56.5652 147.4016 62.4443 46.9537 39.3687 94.1256 58.1993 70.3408 72.4707 122.4660 94.4647
62.0969 125.9621 149.0393 36.5325 40.8115 160.1533 65.8378 124.3257 180.0121 60.6610 96.1605 181.7669 126.4072 134.2962 93.4972 119.3111 12.3737 125.0569 205.4983 146.3120 80.6059 145.5278 46.4073 176.0867 5.9857 161.1586 74.0036 46.2518 174.0863 88.6292 178.2535 131.4534 45.5409 30.8207 185.0138 160.8741 161.5460 151.9502 66.5338 82.7027 0.0000 83.6799 130.2062 114.1540 119.9498 165.0214 96.1959 64.6353 187.9561 158.3027 51.5427 107.5969 65.1483 94.7522 143.7860 50.7540 123.1445 16.1698 35.8839 78.9418 130.2857 91.6546 99.2298 55.9659 110.3966 119.8118 139.3397 79.2607 90.5876 134.4912 71.4322 158.1605 122.2293 116.4439 58.9120 178.1674 24.3032 171.7698 223.7270 209.3639 181.6816 4.2884 38.0947 118.1876 20.2990 153.4825 152.6136 24.1404 221.6198 155.4735 99.8594 16.5284 93.2992 69.6576 174.0727 110.9084 66.4390 23.0746 104.9787 42.3416
120.6261 229.9736 103.4204 84.4406 84.4822 17.3617 123.3317 88.1366 105.6522 89.7334 133.4351 125.4171 128.2914 94.2768 163.3732 26.4877 111.5698 177.4405 120.6699 43.5172 155.2194 159.4740 88.8755 63.9075 186.3078 153.8972 93.3928 14.4404 125.6093 164.1240 237.2209 95.1988 173.6807 148.7028 121.2034 165.6162 146.6741 89.2576 120.4877 46.5124 83.6799 0.0000 63.8423 118.1642 166.7170 48.8679 172.8772 75.3880 110.7212 138.2914 103.8409 43.4412 189.2827 103.6589 82.2071 144.2749 82.9966 115.2102 44.5197 64.2646 61.7517 145.3561 183.3323 269.4777 135.6670 131.1191 165.0889 182.9752 106.4307 126.7309 197.9316 58.0512 132.3064 96.4702 144.4419 142.9325 81.9006 9.1255 130.7402 175.3145 105.8757 21.5446 190.1855 199.4447 65.7230 87.8728 180.7608 124.2281 109.4268 98.0201 99.1004 75.3454 117.7493 138.1865 149.7377 240.3746 76.7750 124.2338 93.4739 90.3130
120.7175 95.0786 142.4004 124.6763 89.1676 58.5532 106.4284 177.0419 117.1799 124.9904 46.1230 18.6899 112.4809 30.6963 167.8951 100.7728 173.1924 178.2446 119.8407 156.1254 111.9058 111.0035 71.6191 109.4251 57.5416 36.9037 184.8707 108.4404 261.9624 179.4040 130.2251 114.2004 42.6676 128.6637 69.1497 102.7647 121.4247 101.2302 137.4753 86.0676 130.2062 63.8423 0.0000 121.6851 166.3584 174.1979 91.9836 91.6850 105.5360 143.5741 69.5057 143.5588 117.2408 67.3573 122.7373 81.2584 70.2361 24.9631 72.1487 123.7242 96.0648 120.3570 73.7164 126.8843 33.7692 78.2836 64.2325 89.7989 94.5762 74.5839 260.9876 135.1176 95.7370 170.6601 131.1813 57.1699 113.1793 133.5183 94.3009 183.8945 155.8771 109.0158 79.3634 186.4591 141.4173 35.0064 131.2047 123.7922 110.5635 123.7096 139.9857 176.1895 99.7959 83.7257 51.2052 110.0604 139.5665 36.6702 94.2767 47.7309
191.6603 101.0286 152.1139 89.6249 35.3491 141.6407 122.9583 154.1260 101.1631 114.3176 170.4174 66.2204 127.6674 193.9668 151.5600 90.8240 92.6772 50.9268 106.1976 82.8267 71.5920 96.3003 75.5602 121.4810 169.4162 138.3528 47.9086 16.9955 60.4437 133.7314 212.2316 173.3293 46.2439 90.9317 54.4858 73.5810 205.0528 163.7763 154.7321 57.5872 114.1540 118.1642 121.6851 0.0000 64.6996 22.6662 105.2601 150.1724 195.1170 116.4795 188.9335 75.5350 53.9875 164.0411 136.3649 67.5351 198.9600 156.7010 36.2941 120.0288 121.4079 73.3940 47.2407 168.3115 129.6691 178.5849 179.5814 110.0979 45.0899 93.8992 140.7286 106.6084 98.1469 149.3134 130.4466 109.1475 263.1655 56.4087 48.9433 110.4901 6.0142 78.5729 134.0459 8.3140 87.1096 86.2300 103.7333 129.6932 35.0038 146.5361 174.6413 80.2382 76.5318 43.2070 74.0996 146.9140 225.3723 169.2710 44.1561 116.1839
167.3286 169.4607 4.9248 28.7635 150.9173 122.9441 9.5936 33.5807 97.2035 83.9020 157.8748 75.9779 64.8080 10.1298 100.6173 122.0997 32.5022 75.1833 123.8995 133.7900 161.8615 73.2573 83.2355 201.7474 163.0886 90.5856 31.6702 139.9248 88.0635 129.8304 94.7600 115.1439 129.1679 200.7846 23.3736 119.3869 118.8221 37.9348 6.1047 28.6915 119.9498 166.7170 166.3584 64.6996 0.0000 156.1722 161.9318 182.2569 89.0854 155.1507 101.4953 126.0046 124.0679 22.0846 174.2070 103.5599 147.2872 141.9687 88.4269 101.2059 155.4943 6.5177 62.9697 49.4321 191.5919 134.8770 108.8629 122.7731 33.9735 58.2771 97.2482 112.2334 21.8129 129.1818 115.4494 142.8895 3.3800 181.6512 82.1756 64.9209 168.2987 99.3143 188.5735 220.4519 168.4954 105.4784 113.9538 37.6619 115.2348 47.4881 211.1330 137.3528 103.6539 104.7319 53.9084 62.4979 140.9252 135.1086 31.4879 110.3691
156.7286 104.7376 132.6974 194.2080 100.4425 135.2074 79.6238 75.2545 98.2462 76.5446 51.3551 157.8605 58.8837 111.2985 53.2699 87.0075 144.6882 139.7386 121.8181 167.3393 161.5954 116.1796 103.4242 105.4319 87.0142 113.5863 164.7439 213.9520 51.6770 117.8062 95.3095 101.0309 213.8355 171.6245 86.7044 128.6761 91.0108 47.4389 142.0060 110.0483 165.0214 48.8679 174.1979 22.6662 156.1722 0.0000 162.9967 103.6090 192.3107 236.4817 163.5905 114.9943 99.9365 91.2734 31.0550 103.5856 110.6449 46.6348 23.0677 85.9571 51.3940 9.5525 30.9225 73.1471 85.9594 35.9771 110.9913 102.1744 126.0150 30.7796 66.0936 155.2170 72.7607 72.6709 117.9471 120.6642 72.8468 163.7385 93.3305 129.2747 135.7787 112.6887 139.2402 91.5991 23.7191 119.7080 52.7514 67.2224 44.9073 72.6832 112.2126 184.1608 189.8261 7.4014 73.8428 76.8026 44.2229 178.3422 159.2376 45.6332
107.3313 86.3851 41.6805 59.0623 94.6587 40.1248 117.8642 91.1934 103.3953 129.8132 191.0517 61.3467 14.8509 53.7472 125.5204 90.9343 149.1602 41.0687 105.9937 87.4342 57.3778 86.9901 85.5274 71.3752 92.3899 36.8264 111.5545 176.2403 127.7319 115.8853 171.1997 91.1488 201.9064 148.1322 46.0658 154.4612 20.8741 125.2231 41.4074 178.7678 96.1959 172.8772 91.9836 105.2601 161.9318 162.9967 0.0000 126.0558 21.3566 223.8176 146.4095 82.6256 71.0764 62.4250 96.9763 58.4518 148.0652 69.7836 94.0174 122.4581 161.0980 20.6374 48.1960 145.2754 33.7549 139.3383 124.4088 161.1868 136.6311 151.5953 170.7925 165.3231 198.4176 63.8938 57.4133 108.3089 179.0821 63.6387 107.5557 41.5868 15.7765 112.8996 83.3887 265.8328 46.3668 211.9395 92.1185 48.7677 161.1733 25.8269 42.6113 82.3928 38.2716 100.8142 191.1558 114.1994 144.8673 132.5815 71.5771 29.7149
