100
0.0000 124.1425 102.8733 169.4595 116.7702 84.2943 61.6666 54.1043 71.0931 59.2420 159.8241 139.6715 172.4808 75.4605 20.1412 151.1208 57.2452 29.1036 160.5232 24.6059 82.1587 94.8852 10.7479 114.4956 105.4322 62.0924 49.2344 49.1968 163.5367 22.3820 44.9393 126.8734 101.5970 126.7218 155.0751 124.8506 198.2902 100.4697 54.6200 116.4553 165.4100 140.8920 90.6315 108.7240 77.8614 8.3280 45.8702 126.1572 42.6080 151.7832 113.8286 106.2209 130.6739 25.1971 2.2155 146.7420 141.1782 103.4673 140.8667 191.4458 136.1304 93.4209 119.6388 173.9060 7.9699 36.2814 108.9577 87.2164 124.4461 147.2115 134.5772 195.2013 205.6602 178.5853 132.8426 149.6859 99.1063 94.6081 144.7688 41.9605 99.7177 56.8581 173.1524 125.5418 168.8491 198.8489 177.8633 118.3318 110.3391 97.2829 177.0476 141.2914 116.4146 167.2227 85.4609 98.8558 144.6623 36.4078 45.4250 39.9815
124.1425 0.0000 151.6901 97.8160 61.9272 48.8818 205.6332 91.4451 31.4099 105.0990 49.3511 86.2018 139.4568 164.5791 106.7402 154.1170 74.3326 114.5380 26.3119 149.0945 179.6607 155.9841 116.9293 54.6632 127.2702 174.8176 120.3947 115.8382 59.4005 112.7090 141.8948 172.4668 30.7501 179.4225 143.2161 155.4362 135.7727 84.7650 96.8071 90.7631 90.0249 194.9209 147.0565 112.9381 82.3766 95.1328 43.5952 82.8999 92.8290 177.8780 31.6138 116.4312 78.7384 213.1684 87.4893 74.8066 76.9740 100.6716 237.1499 147.9816 20.5453 50.9147 33.2721 74.5955 84.6836 64.4681 45.3881 33.4677 27.0487 73.9983 113.0162 84.9362 48.9607 72.8234 42.3769 161.8541 129.8388 72.5697 77.0411 14.0090 167.6267 122.4544 82.6850 46.0143 64.1008 170.1942 32.3369 122.6034 145.4729 108.0105 101.9285 19.9492 36.4366 107.0175 180.5677 72.3198 91.0524 7.9496 36.4202 5.1678
102.8733 151.6901 0.0000 192.5558 95.8802 116.0228 90.0857 79.5894 36.4094 107.3001 23.1797 163.2703 65.7408 149.6147 30.6696 101.3302 5.6379 232.7134 89.3262 62.5748 126.8300 101.9685 92.3717 105.4514 161.5496 64.8579 139.2887 156.7171 164.4136 68.7183 125.4757 119.8371 29.9348 46.7203 65.4010 46.7104 152.2538 138.3291 57.8503 10.8669 81.2056 27.4406 86.3853 153.8339 6.8196 54.8950 195.4756 32.8621 170.2333 58.5797 79.0144 19.7731 66.2138 164.8515 42.7307 39.4650 94.7056 177.2557 131.6146 123.0430 150.7220 136.1897 98.5648 244.3170 124.5654 153.2665 77.8533 135.1571 125.0300 44.2820 114.8983 44.9892 101.9386 183.7737 114.3423 76.9593 193.1931 186.6520 102.0840 12.3743 115.7289 61.5711 145.7465 72.9991 118.8831 213.0537 135.0624 140.8985 100.5074 99.4554 30.5921 240.8806 26.6240 105.8751 122.0141 29.1556 68.4963 92.7523 144.4112 176.6907
169.4595 97.8160 192.5558 0.0000 162.7249 127.2612 149.4166 14.6238 169.5638 162.3754 139.2857 150.6973 95.2581 110.7279 172.6849 65.2312 151.3295 12.3533 79.1107 116.6997 75.0201 123.9793 115.0177 170.2631 1.3654 72.6554 7.9973 192.0379 41.2950 85.5020 119.7677 94.6788 38.7972 98.5833 31.7120 177.6355 7.0600 113.5716 159.1168 53.3564 158.4169 135.2993 165.3036 192.3970 174.5423 185.8366 155.6424 92.3142 45.4513 107.9612 17.0778 47.6444 126.8585 91.0093 115.1782 83.8549 41.3745 203.9001 58.4772 204.1415 44.1737 117.9097 55.5893 65.7576 188.5634 57.8838 167.9402 147.7539 82.2072 158.7451 2.4993 25.6354 144.9753 68.6172 41.9712 135.2794 151.0822 84.6472 167.3644 44.2657 217.7254 57.4235 197.8708 112.7743 116.3521 116.7423 247.2701 100.9842 93.5293 144.4550 143.3611 89.1614 97.3987 23.4064 207.6147 82.7070 61.8507 45.8229 145.3400 217.3254
116.7702 61.9272 95.8802 162.7249 0.0000 37.7223 114.6961 198.2366 118.8075 97.1010 55.3200 143.7527 99.7730 132.2379 42.9079 22.9182 112.1616 37.6934 12.2527 103.1064 54.9635 103.5355 106.2995 91.4463 127.9112 76.9059 86.2296 108.5975 195.1328 74.2038 93.9686 66.5186 60.8811 110.5113 26.4096 116.1992 0.9780 113.3525 157.2264 177.5682 140.0656 115.4125 80.3919 83.6660 38.2186 23.6470 35.7703 112.3225 161.6167 143.1853 124.6630 79.6864 52.2753 7.3796 80.8315 124.7802 46.9182 128.0551 5.2356 41.4358 90.0260 144.8444 1.0532 24.7817 77.9057 7.3028 200.9587 70.7479 151.9183 31.1101 37.8891 127.8648 67.0224 148.0858 124.6456 112.3547 91.8180 60.6858 106.0527 13.9984 203.6751 98.0563 93.3228 93.1009 122.7547 80.7050 99.6778 18.3394 181.9457 111.9255 97.6805 146.7431 47.8989 38.3425 63.9579 24.6216 115.1775 140.2049 126.8363 161.9654
84.2943 48.8818 116.0228 127.2612 37.7223 0.0000 189.4518 162.2602 142.2450 80.5724 213.8145 72.8934 137.0038 87.2210 162.0100 89.5754 56.9795 93.0099 63.6807 128.2753 67.0408 9.3155 73.5754 12.1222 43.1062 100.6700 106.3379 73.7565 58.8915 211.4188 183.5561 65.0024 46.7887 109.2358 117.4053 124.6762 105.3515 96.8010 84.3247 4.8440 96.9104 107.6873 126.5807 206.9005 143.9977 154.2792 233.1269 15.2112 18.8630 66.9094 83.9748 32.7898 170.1885 99.6268 176.8575 111.5181 77.6669 82.6079 186.8774 78.1533 84.7103 107.2487 74.4741 61.5443 189.1548 20.4636 166.6575 144.3381 191.6260 143.6394 28.7966 120.9966 73.4806 255.8577 148.6613 113.5450 197.1112 15.1646 59.3288 73.9161 73.6582 126.2451 205.0597 132.2303 54.7131 189.6904 54.7202 187.8042 31.7915 122.4841 120.7677 95.9808 81.0073 106.8990 93.9553 96.8021 55.9360 83.6568 112.9902 118.8916
61.6666 205.6332 90.0857 149.4166 114.6961 189.4518 0.0000 73.6381 64.0011 100.2322 141.8498 197.1158 91.6034 113.2116 95.8935 134.0480 176.0966 11.2460 21.5381 63.0666 152.7423 42.6831 179.3955 50.1146 68.4354 164.0545 77.0228 86.5896 55.6732 134.0798 151.8068 152.0258 141.2482 115.2155 67.5575 94.7935 80.9531 183.9951 137.3266 40.8373 98.9139 186.7537 42.1612 182.9299 126.2104 136.3934 184.5044 175.8484 193.1413 6.8244 30.7151 50.2247 121.0954 129.1503 48.9767 114.7174 224.1181 150.3278 239.7594 138.4341 79.5891 125.6939 36.5386 93.6467 179.5049 71.6518 78.3783 205.1460 92.1797 120.5687 159.5688 132.5649 72.3634 208.7197 34.7806 106.4486 156.3305 59.1508 95.7653 45.6161 105.7303 42.6469 141.1786 190.2259 80.9143 213.4717 50.4717 138.9529 110.4673 79.5287 185.5409 67.1421 136.0579 94.7183 19.7815 45.6907 184.6626 177.3893 79.4995 54.4201
54.1043 91.4451 79.5894 14.6238 198.2366 162.2602 73.6381 0.0000 173.3603 184.9307 85.2999 163.7311 111.9000 58.0995 234.7973 83.2339 90.3725 125.4312 39.9924 283.3412 12.2442 50.6290 115.6079 69.8400 24.8825 122.9946 77.0615 172.6994 121.7763 175.2605 132.2078 97.3238 194.7212 97.1040 134.8875 124.2150 98.9692 156.4911 87.7010 103.9399 84.0972 136.8265 100.8132 56.3033 110.7541 153.2448 175.3297 139.0864 219.2307 190.7986 81.6518 94.2708 126.8353 172.6200 150.0705 45.0552 176.8794 12.7168 132.2371 102.7599 111.5400 41.0581 73.8848 142.6793 213.8551 54.7467 60.3228 102.3842 268.8949 123.4219 116.4523 64.5347 152.5889 18.0174 148.8053 92.1363 147.8771 48.0145 133.6664 152.1315 83.6177 126.3429 28.2784 95.3575 113.7301 15.2669 54.2078 188.7251 72.2885 234.3001 64.9293 47.5386 108.6847 122.5954 101.3512 195.5817 48.3595 203.3336 210.7411 282.8515
71.0931 31.4099 36.4094 169.5638 118.8075 142.2450 64.0011 173.3603 0.0000 25.1483 26.1679 102.4631 48.0305 97.5613 62.6876 93.8098 258.1856 102.1918 105.4780 175.2086 8.5026 67.6504 166.9159 42.7359 99.8333 124.3395 161.0398 61.8132 200.7387 160.0829 154.6344 110.4456 56.9345 100.5856 111.3873 41.9539 187.6018 46.0481 121.1288 131.1489 147.6551 162.1793 51.1154 55.2119 83.1742 160.8104 25.8739 175.5835 167.7090 224.2607 222.4418 87.8582 200.8595 69.7326 158.1893 36.4885 95.1377 49.2807 95.3237 48.5877 93.5240 56.7003 121.7167 129.7762 188.0813 100.8862 142.8907 19.7627 21.1604 107.9281 129.2606 62.6418 137.7909 107.1092 60.7412 14.7322 115.6274 75.8735 112.0331 53.0263 38.5994 96.5036 113.7198 55.6025 193.5016 93.3240 14.3969 136.4116 51.0013 92.1330 103.0200 94.8997 180.9082 128.3661 64.2965 109.9516 223.0261 14.2297 171.0469 120.8991
59.2420 105.0990 107.3001 162.3754 97.1010 80.5724 100.2322 184.9307 25.1483 0.0000 107.9650 123.5471 165.6302 144.0552 115.6216 93.5653 173.5587 96.8926 90.7914 91.4547 60.7319 129.9174 119.7228 109.4996 49.0458 75.3818 147.7001 190.9716 29.1907 17.8993 38.8687 78.1552 6.3305 57.4008 20.5915 30.7015 89.3107 95.1971 118.1092 124.3028 90.2293 33.0665 61.2753 83.6361 47.8366 27.1811 80.9954 45.1570 123.0526 178.6142 111.2288 62.9259 23.2673 199.3295 195.2922 181.0533 80.5976 104.7665 120.7520 94.2288 88.9334 37.3411 145.2453 206.7073 149.0334 151.1967 46.7057 130.5384 96.6650 156.8630 54.7885 9.6641 124.9292 187.0529 101.7350 255.3886 50.5831 141.4333 129.2185 7.0462 85.8399 145.1256 43.8059 141.2231 196.5734 140.7968 125.1739 44.7069 119.1175 0.6840 65.9790 45.6913 36.2773 116.8941 102.7502 74.3644 61.5687 84.4491 121.8906 90.4199
159.8241 49.3511 23.1797 139.2857 55.3200 213.8145 141.8498 85.2999 26.1679 107.9650 0.0000 209.2526 91.0705 210.9123 182.1516 160.2740 143.6830 16.8561 134.3753 135.7678 115.1321 145.1946 51.6385 78.8574 42.5395 61.4184 66.9482 44.2130 116.8015 120.0298 107.8862 176.0908 128.7645 204.3808 42.2311 62.5164 175.8216 61.1031 63.9338 143.2591 234.1779 84.0766 112.7162 157.4198 117.2295 105.8338 99.4594 86.7053 178.6494 121.9372 30.5029 24.9196 109.1252 154.0245 93.0072 88.5388 113.0281 1.5782 90.9404 154.4754 112.7723 191.6404 156.8150 88.4083 94.9013 136.0889 95.9401 102.1265 174.8614 180.7928 100.9765 107.1963 23.4899 104.6537 172.2333 95.9319 9.5871 157.8130 94.9298 148.7453 140.2900 188.4496 58.0342 64.6771 65.5371 78.1327 82.8840 253.0891 150.2936 124.6668 91.5357 72.9998 33.6890 52.5424 43.9866 48.3596 132.4588 94.6384 76.2382 11.3614
139.6715 86.2018 163.2703 150.6973 143.7527 72.8934 197.1158 163.7311 102.4631 123.5471 209.2526 0.0000 189.2073 130.4807 16.9472 27.7220 154.3729 105.2955 183.4544 142.8304 103.0062 123.5349 133.7574 80.6220 70.9374 61.7391 94.1471 114.4641 94.6701 78.3245 200.5292 56.8558 2.6047 108.5206 85.1427 126.5799 173.8989 146.1129 167.0678 28.5384 139.5621 95.5547 76.0703 155.3925 141.8157 64.0862 98.0156 117.1019 188.1206 110.6396 10.5758 64.5583 108.3045 96.9009 86.0921 117.4616 144.9727 44.2718 79.6760 111.1156 80.3370 105.7160 22.0241 122.3620 67.1911 104.8755 177.0010 189.8208 132.6479 112.2793 29.8255 46.4082 38.0382 48.7662 154.1260 44.2058 109.7139 87.5330 25.9208 20.8864 91.5367 196.5436 105.1589 107.1657 216.1186 11.4407 141.8241 130.0606 5.1255 90.6039 164.6596 98.0010 8.8114 279.0981 97.3534 86.6727 174.0260 89.9552 76.2578 122.6279
172.4808 139.4568 65.7408 95.2581 99.7730 137.0038 91.6034 111.9000 48.0305 165.6302 91.0705 189.2073 0.0000 42.6730 110.9561 73.2381 155.8517 63.3399 136.4774 249.8779 196.4696 9.0644 121.1493 97.8199 93.2223 199.6436 127.6428 71.5316 198.5369 180.0627 151.6249 110.4230 63.2952 46.0784 51.0272 93.7777 20.7234 46.5890 102.8139 0.2209 103.4895 181.2531 117.1096 23.8288 139.8010 24.8931 102.7459 60.2833 122.5270 73.3204 177.3767 11.9157 86.0061 139.7224 87.3316 166.1883 101.0289 108.8166 62.5253 123.8447 118.0611 177.7370 159.4569 191.3232 40.6025 130.4234 33.6660 197.4872 135.0869 112.7631 95.1443 150.7106 13.9283 111.1600 144.0408 115.6840 247.1625 95.3844 94.8662 42.4527 173.5543 17.9053 26.0487 37.2383 213.3221 141.3415 80.4136 128.6890 174.3731 48.6165 167.6513 44.0299 129.6655 106.9885 0.1358 126.8142 106.6643 34.9189 112.5401 114.6864
75.4605 164.5791 149.6147 110.7279 132.2379 87.2210 113.2116 58.0995 97.5613 144.0552 210.9123 130.4807 42.6730 0.0000 48.6039 86.8000 154.3439 94.2453 100.6403 80.2178 110.7044 128.4910 205.9223 55.3420 56.4590 16.2779 88.4854 54.5794 116.9587 220.6519 127.3866 211.6949 60.8490 51.8994 90.5481 114.9284 103.8996 146.3446 61.1615 79.9532 21.3875 85.8636 168.3953 52.4447 99.8327 180.9250 55.7929 24.2838 55.6445 74.0169 2.8778 124.1767 211.7320 162.0434 89.6658 75.8992 105.2021 176.8245 13.0125 8.9907 182.7291 65.3904 33.4701 153.9721 167.5724 65.3533 13.6126 66.9224 221.7663 120.0917 287.6624 145.4801 156.8509 110.5164 182.1490 32.0147 131.8360 39.8098 132.2825 59.7425 91.1418 15.4684 161.8938 137.9976 140.8294 215.2157 151.2513 43.2742 189.6164 48.6005 190.9769 155.1448 75.2510 142.0471 46.2715 122.0660 131.6335 43.6261 123.0021 132.4108
20.1412 106.7402 30.6696 172.6849 42.9079 162.0100 95.8935 234.7973 62.6876 115.6216 182.1516 16.9472 110.9561 48.6039 0.0000 209.6794 109.1286 118.2131 64.1766 55.3875 87.8214 46.5378 12.1680 16.6847 95.5005 209.1656 172.4929 103.7286 153.2720 162.8144 84.9446 53.3276 131.0349 87.5264 58.6461 82.5250 60.9399 119.0765 61.4860 63.5435 35.7552 171.4811 65.0303 158.9678 123.1567 85.7412 166.8626 127.6271 81.3430 242.6370 105.0222 116.6163 98.3059 55.2720 245.5259 102.3932 50.7031 64.8832 172.7712 17.1460 68.7089 70.4917 63.8840 110.7808 41.1824 123.0573 95.8059 68.4928 111.9255 60.9245 77.7195 125.9693 100.9418 80.6938 97.9656 130.9551 147.6621 124.8889 119.8003 104.9459 65.2232 218.8846 67.5987 5.9740 96.1250 46.5808 168.5809 29.0196 71.1358 73.3591 23.4086 123.8969 133.2033 209.0952 108.6693 153.6843 133.6959 18.0667 99.4540 140.6496
151.1208 154.1170 101.3302 65.2312 22.9182 89.5754 134.0480 83.2339 93.8098 93.5653 160.2740 27.7220 73.2381 86.8000 209.6794 0.0000 188.6098 154.1870 82.1702 100.6672 21.9815 57.3950 8.6888 51.5384 193.3919 102.2057 81.5354 123.0233 82.4178 62.5631 91.3382 157.9761 140.2189 131.7964 166.1234 123.1181 4.9043 73.8480 96.5812 194.5141 189.6699 140.0346 19.7352 157.2641 38.0029 105.1009 116.6295 39.6873 120.1415 111.9056 127.4798 49.0001 42.5297 121.8204 133.9389 78.8386 203.0435 131.4823 25.5378 195.5175 151.6380 88.9781 89.8278 135.2622 131.4931 19.5259 60.5616 2.6692 79.5206 143.8989 133.2248 147.6711 176.4674 68.0883 62.9328 54.0240 147.6095 106.3260 176.6256 74.1389 94.5824 143.4357 87.2612 139.4645 175.8200 191.4350 127.9343 44.5554 181.8823 89.3871 77.1508 122.5011 83.8200 129.7639 160.1709 78.9616 54.6531 20.4563 143.4019 120.4641
57.2452 74.3326 5.6379 151.3295 112.1616 56.9795 176.0966 90.3725 258.1856 173.5587 143.6830 154.3729 155.8517 154.3439 109.1286 188.6098 0.0000 115.7157 99.9218 72.7841 100.7181 80.5727 134.1102 60.2022 172.7212 61.5486 97.2509 138.4977 154.1816 71.9725 118.6366 115.3380 158.6125 129.0713 175.9516 167.9645 171.7062 81.1297 65.8131 162.6730 0.1275 67.9762 191.9682 110.1424 64.6999 176.7153 196.5557 42.4817 88.6151 177.0786 94.0217 82.5634 211.0359 85.6401 154.1366 144.1638 62.2386 10.7390 108.5358 107.7201 151.3026 79.8992 37.5461 111.3113 114.2138 77.8254 95.8463 129.6755 92.8731 53.5201 96.4830 132.3483 91.3206 83.5595 134.4762 13.9136 140.8993 30.5825 134.8618 1.2648 196.4564 177.8912 124.3614 93.0545 134.4536 49.9696 138.4493 72.3420 72.4374 154.1081 241.6860 72.9398 182.8584 47.3419 54.7251 165.1579 125.4480 117.0719 57.0454 112.3693
29.1036 114.5380 232.7134 12.3533 37.6934 93.0099 11.2460 125.4312 102.1918 96.8926 16.8561 105.2955 63.3399 94.2453 118.2131 154.1870 115.7157 0.0000 111.7263 21.0019 51.9336 55.1540 190.9608 128.6310 82.1778 122.0200 113.9374 103.1937 169.5024 33.6229 52.9154 131.9721 284.5479 0.1766 159.8825 110.5188 11.2884 113.5468 170.1117 98.1738 73.8356 55.7628 181.4845 159.5189 58.1440 128.1997 160.0966 2.2677 185.5331 158.7322 95.3327 93.6385 49.8796 13.7209 103.1567 162.6524 69.0567 58.6692 18.8758 107.2624 166.8970 151.5833 58.6197 62.2481 77.4174 161.6068 134.3457 5.5385 135.2228 53.3920 134.5533 104.9975 137.8281 60.8784 6.5754 99.8845 86.1970 110.7575 138.3423 131.9477 50.4074 127.1062 118.3406 12.1235 146.4756 160.9872 76.6085 97.2887 89.6498 106.2513 36.2287 105.0757 8.4531 126.4230 65.6895 66.8803 14.5704 25.3201 100.2866 23.0063
160.5232 26.3119 89.3262 79.1107 12.2527 63.6807 21.5381 39.9924 105.4780 90.7914 134.3753 183.4544 136.4774 100.6403 64.1766 82.1702 99.9218 111.7263 0.0000 113.8165 114.1901 39.9324 177.9141 95.3063 108.8085 158.5660 64.7630 80.3969 101.8596 153.6348 123.0076 129.2704 78.2174 95.0899 157.2504 119.2346 49.6783 213.0949 133.7927 29.0360 124.3083 26.9069 136.9630 203.5701 142.2249 17.2911 20.0195 180.2488 130.1031 98.6504 120.6390 111.9990 199.5192 127.9707 177.8067 88.4042 50.5353 34.1399 81.8204 103.6762 224.0586 40.5827 102.6445 110.3360 203.6286 109.6575 145.0435 206.0011 64.7416 153.5134 145.1151 44.8398 92.0257 102.0722 142.5354 135.6798 126.9267 20.5929 184.5618 62.5897 86.1101 186.4642 74.7268 56.6657 119.2348 102.9689 179.9095 246.6122 52.5345 55.5461 10.3213 83.2474 235.8236 27.1444 53.2538 125.3550 104.2487 99.8195 60.1533 32.0212
24.6059 149.0945 62.5748 116.6997 103.1064 128.2753 63.0666 283.3412 175.2086 91.4547 135.7678 142.8304 249.8779 80.2178 55.3875 100.6672 72.7841 21.0019 113.8165 0.0000 135.0063 91.0496 43.8334 180.0612 42.2589 112.8697 146.9800 98.2066 241.6547 38.2476 137.7563 16.2389 46.0867 36.0044 25.9721 189.3085 91.6261 80.8179 129.5044 77.0990 12.7868 160.4009 259.7897 55.1525 1.4399 111.2922 20.5267 84.1934 110.0972 23.5830 20.2280 28.8863 157.5542 137.6634 32.2137 41.5265 69.0370 40.8912 111.7794 124.8188 63.0926 18.1488 78.0927 78.1545 108.3970 165.4297 48.9925 80.4763 52.2292 90.3793 116.2842 87.8926 86.4527 72.1998 50.1574 12.9825 152.4029 194.2692 168.3476 140.9660 53.5850 48.7071 23.3991 27.0868 127.7072 154.0565 53.9038 46.4831 199.9440 124.3577 99.0777 100.9445 189.0027 32.5598 105.0212 37.6171 101.9822 139.9821 149.6763 19.6174
82.1587 179.6607 126.8300 75.0201 54.9635 67.0408 152.7423 12.2442 8.5026 60.7319 115.1321 103.0062 196.4696 110.7044 87.8214 21.9815 100.7181 51.9336 114.1901 135.0063 0.0000 69.0863 105.8591 44.7660 50.2949 161.9782 36.4238 135.4223 156.9139 131.0245 51.2937 175.4145 130.6353 145.1967 80.4180 181.7264 170.4089 73.6535 166.5922 151.7797 39.3969 134.3817 143.6346 114.4670 73.1310 106.4988 112.0263 40.5499 118.7560 132.5473 52.6026 60.3413 146.0886 82.6276 70.2957 95.2901 10.3248 70.6991 119.7545 62.3301 73.9584 122.4057 149.9644 16.3422 120.6184 91.8821 139.5440 128.6157 50.4922 148.6718 54.7896 122.2262 74.7890 64.7191 49.6544 166.1035 80.9600 70.7554 73.2359 50.5609 218.8521 133.7021 171.6701 38.5201 68.9613 7.4928 93.2620 91.0137 138.9650 154.6163 118.9195 221.2105 193.6517 80.1724 173.1400 134.6283 104.9065 21.7794 113.0356 135.4443
94.8852 155.9841 101.9685 123.9793 103.5355 9.3155 42.6831 50.6290 67.6504 129.9174 145.1946 123.5349 9.0644 128.4910 46.5378 57.3950 80.5727 55.1540 39.9324 91.0496 69.0863 0.0000 148.1722 97.8321 82.9209 155.3946 51.7021 132.7415 236.3381 110.9751 54.8335 86.2673 21.9772 161.9128 175.3843 90.3226 39.6234 76.3212 204.3640 44.1862 5.6637 118.0002 145.8178 174.4472 45.1126 65.1017 219.0787 202.8214 184.3624 14.3900 40.1216 48.5635 139.4764 102.9925 56.3328 127.9892 70.4880 136.5081 110.3014 38.6703 119.9519 146.4193 122.2395 33.0348 121.8972 187.2973 211.0291 125.6173 119.6428 207.3109 95.0416 29.3186 69.4231 25.0470 160.1294 122.0509 130.4733 91.4932 151.0028 68.6869 93.7760 105.0532 42.0726 12.5738 37.5247 31.5949 182.9293 74.0583 83.4597 215.4455 72.1926 95.6306 120.5755 108.4572 172.3523 63.7494 92.7429 16.8265 94.1327 151.7035
10.7479 116.9293 92.3717 115.0177 106.2995 73.5754 179.3955 115.6079 166.9159 119.7228 51.6385 133.7574 121.1493 205.9223 12.1680 8.6888 134.1102 190.9608 177.9141 43.8334 105.8591 148.1722 0.0000 129.6072 63.5190 77.6813 163.0770 37.3198 54.0195 119.4774 51.9395 137.3949 108.0199 32.0946 200.1775 190.6124 33.7385 144.1402 53.9708 234.8705 90.8262 125.3305 18.3801 55.9155 211.7994 16.8308 31.6900 150.2442 13.0308 30.9859 41.6198 19.2599 36.4759 74.1334 53.3561 109.1118 82.8064 7.5425 117.3117 86.6101 176.2172 11.0496 210.6740 12.9019 159.0273 67.4448 99.1877 81.9095 156.4103 32.0504 181.6996 98.3458 49.5995 44.6632 121.0481 112.5013 118.4122 107.2444 111.8100 42.3525 41.3351 175.4123 179.5029 158.1770 65.2072 65.3484 106.4795 82.8634 128.4417 167.1844 128.6075 218.5232 151.5434 185.2595 176.1193 149.6205 91.7909 46.2498 146.4063 108.6790
114.4956 54.6632 105.4514 170.2631 91.4463 12.1222 50.1146 69.8400 42.7359 109.4996 78.8574 80.6220 97.8199 55.3420 16.6847 51.5384 60.2022 128.6310 95.3063 180.0612 44.7660 97.8321 129.6072 0.0000 49.8155 127.1437 75.7334 81.4849 106.3564 42.0656 291.2863 101.7033 112.8834 50.8278 96.3348 47.4056 106.8863 133.5523 86.6089 130.9988 116.4055 54.5825 45.2415 96.7322 66.6542 162.7733 134.0072 77.0337 237.4871 27.9327 75.4610 14.3298 173.6565 140.0917 135.6932 72.2250 159.2375 87.8880 153.3133 130.4081 106.6823 141.6216 26.8181 78.2037 68.4165 63.1684 180.6089 138.3986 166.3008 142.2267 44.3960 73.9282 108.4673 172.5537 118.9346 26.9927 136.7898 184.2670 149.1872 97.8326 103.2730 191.3045 146.8297 78.6607 3.2766 22.9025 87.0102 128.4402 160.5179 88.3826 33.0946 74.8763 124.7788 22.9769 197.8212 239.3393 118.6709 168.8872 111.1637 90.1918
105.4322 127.2702 161.5496 1.3654 127.9112 43.1062 68.4354 24.8825 99.8333 49.0458 42.5395 70.9374 93.2223 56.4590 95.5005 193.3919 172.7212 82.1778 108.8085 42.2589 50.2949 82.9209 63.5190 49.8155 0.0000 16.1993 4.7381 87.0234 100.7364 95.6204 24.5458 40.1824 178.5061 88.5738 248.9856 20.2776 101.2371 99.4488 105.4517 183.3554 79.1096 173.4220 52.6997 188.2596 127.6116 21.8950 69.2397 94.1243 28.2437 9.9744 3.2238 127.6528 117.0139 89.2372 163.4987 109.6319 173.8164 75.4153 223.7753 85.7918 114.3704 108.9221 198.7072 36.6456 59.2229 74.5896 44.2551 69.2504 148.5666 8.0893 57.1664 173.1077 94.5894 145.7493 78.1878 97.9562 109.0038 218.0544 78.8471 67.4322 57.7203 133.3114 179.9861 86.5232 151.0961 127.7927 124.0182 86.7694 77.5912 134.9217 36.9041 189.7331 104.9539 46.5474 50.4352 47.1243 189.1156 138.2830 102.3994 183.9276
62.0924 174.8176 64.8579 72.6554 76.9059 100.6700 164.0545 122.9946 124.3395 75.3818 61.4184 61.7391 199.6436 16.2779 209.1656 102.2057 61.5486 122.0200 158.5660 112.8697 161.9782 155.3946 77.6813 127.1437 16.1993 0.0000 139.4183 208.6894 30.3854 129.8963 100.1067 251.1194 64.9445 139.4825 55.7387 119.4651 151.9973 58.3578 124.1389 140.3529 78.0692 63.9371 134.9345 172.5217 100.5111 130.1463 56.5975 92.6388 55.1540 100.9639 158.0278 158.0781 192.1046 9.1274 132.3519 240.4848 217.1177 146.4250 142.0052 44.0941 112.4051 151.4437 66.6567 115.0725 146.7931 174.6998 139.4268 183.1477 69.1715 80.6426 70.2342 37.5877 69.3562 119.1999 92.6323 119.7911 49.0100 162.0409 89.4070 115.3651 74.3138 89.4966 205.5057 82.1986 48.8412 51.1600 76.1808 115.6821 51.7186 38.6002 122.4078 126.7218 59.3167 97.7646 173.0076 76.4715 46.9184 21.8629 9.6892 81.3396
49.2344 120.3947 139.2887 7.9973 86.2296 106.3379 77.0228 77.0615 161.0398 147.7001 66.9482 94.1471 127.6428 88.4854 172.4929 81.5354 97.2509 113.9374 64.7630 146.9800 36.4238 51.7021 163.0770 75.7334 4.7381 139.4183 0.0000 43.6242 91.5616 85.9957 10.8387 100.6795 35.2120 134.8856 169.3430 155.1305 35.3205 17.5755 0.3513 215.2612 85.9806 186.9940 208.9987 114.0051 50.3517 20.9961 131.4628 23.4990 197.8535 213.4710 55.0683 62.9399 102.9846 149.9507 28.1712 35.6739 69.8181 113.2989 141.6572 160.4680 56.3018 100.8737 58.5411 134.2068 94.1491 153.4854 34.4314 186.3889 68.7559 196.0647 99.3524 43.1156 83.6040 277.1926 13.2186 109.2204 68.5357 113.6904 266.7229 88.5655 78.9278 148.5239 132.4262 175.8773 76.9907 119.3921 157.3401 61.8143 73.0508 113.9345 28.7555 41.6899 111.9755 49.2186 72.7435 116.9887 25.2367 71.0262 59.2255 187.3714
49.1968 115.8382 156.7171 192.0379 108.5975 73.7565 86.5896 172.6994 61.8132 190.9716 44.2130 114.4641 71.5316 54.5794 103.7286 123.0233 138.4977 103.1937 80.3969 98.2066 135.4223 132.7415 37.3198 81.4849 87.0234 208.6894 43.6242 0.0000 36.3146 141.9200 63.3593 76.3270 83.1291 108.6361 12.0774 60.2329 137.7051 124.8052 135.5659 85.6041 111.5834 109.8581 112.1001 128.8589 165.4319 144.3332 132.6887 104.9662 90.7913 8.4859 218.8498 181.1959 108.7145 145.1321 164.0227 228.8949 99.4175 89.9958 52.0583 164.3713 132.6960 10.3374 131.5382 136.4642 45.8486 86.1552 130.0079 133.2517 17.2181 117.5908 77.0712 143.4150 134.6437 72.5049 174.5115 80.6330 31.9080 109.4954 194.3652 128.7294 65.4605 145.3043 184.0206 22.6943 202.9061 85.2952 32.3107 97.0479 101.0826 41.7574 116.9410 97.8028 76.2818 63.8965 90.6014 80.4892 65.8539 91.7404 63.7670 122.7923
163.5367 59.4005 164.4136 41.2950 195.1328 58.8915 55.6732 121.7763 200.7387 29.1907 116.8015 94.6701 198.5369 116.9587 153.2720 82.4178 154.1816 169.5024 101.8596 241.6547 156.9139 236.3381 54.0195 106.3564 100.7364 30.3854 91.5616 36.3146 0.0000 52.5627 130.9647 110.0132 93.1848 29.0109 180.7621 112.8554 21.5028 69.1740 122.4883 77.0453 135.2298 107.3044 92.3978 169.6136 1.7707 115.3914 56.9966 83.1452 77.5163 110.7456 60.2679 108.2749 73.4763 12.3860 68.0060 165.8454 111.1147 145.9728 59.4403 105.5015 158.2359 138.5581 252.0218 61.2206 153.8243 127.1058 210.3449 115.5237 20.9641 107.0372 111.3693 130.9051 32.4612 26.7498 136.0848 61.2528 46.9435 64.9735 81.7902 71.3828 84.2398 32.6880 33.9028 31.1198 53.8837 122.9687 52.2003 123.2175 233.2734 158.9677 5.0473 49.7573 45.8521 58.0445 107.5815 125.9078 120.4618 104.8563 41.9577 126.3698
22.3820 112.7090 68.7183 85.5020 74.2038 211.4188 134.0798 175.2605 160.0829 17.8993 120.0298 78.3245 180.0627 220.6519 162.8144 62.5631 71.9725 33.6229 153.6348 38.2476 131.0245 110.9751 119.4774 42.0656 95.6204 129.8963 85.9957 141.9200 52.5627 0.0000 59.3159 79.8299 268.2829 47.8203 157.2451 173.8069 60.5398 116.5756 137.2480 102.5902 150.7811 50.7470 127.0865 78.5302 1.3293 198.5271 31.6313 22.3012 155.4745 85.5431 77.1998 95.9896 82.1576 123.0241 65.6224 98.3612 65.3084 49.4172 13.4074 162.8665 91.6101 154.4721 204.4113 106.4508 173.4169 119.7472 46.2200 204.5639 85.0394 75.8597 96.4291 192.5938 85.5940 80.6626 68.2507 36.4813 27.3379 126.8415 121.9622 107.8767 161.6860 77.0297 67.5127 66.3931 143.1336 56.6557 68.0055 195.1083 72.8446 114.8547 168.4220 144.8582 74.7367 202.3148 165.4400 163.0320 67.8625 134.1014 160.0044 38.9720
44.9393 141.8948 125.4757 119.7677 93.9686 183.5561 151.8068 132.2078 154.6344 38.8687 107.8862 200.5292 151.6249 127.3866 84.9446 91.3382 118.6366 52.9154 123.0076 137.7563 51.2937 54.8335 51.9395 291.2863 24.5458 100.1067 10.8387 63.3593 130.9647 59.3159 0.0000 102.0375 133.9332 149.4708 105.1379 73.7798 94.6065 69.1895 144.0520 195.5916 105.3553 115.4468 209.7640 150.6009 49.5811 33.3981 56.5331 96.6969 41.3410 61.7618 147.1059 202.1768 83.1944 99.2529 88.3722 59.0068 68.3080 78.8555 109.6646 78.4296 121.5294 93.4185 56.0209 15.4258 40.8692 9.7232 154.1766 108.3103 5.7017 83.3159 23.3511 192.0914 73.9163 11.6994 96.8641 185.6909 38.9834 94.9292 56.0134 167.6873 76.6042 203.0493 78.2186 86.7014 85.5831 124.1242 128.5482 128.5749 41.4260 53.2508 112.3428 77.1502 71.3041 119.2284 85.9236 163.2173 169.5245 58.8841 28.4617 78.0415
126.8734 172.4668 119.8371 94.6788 66.5186 65.0024 152.0258 97.3238 110.4456 78.1552 176.0908 56.8558 110.4230 211.6949 53.3276 157.9761 115.3380 131.9721 129.2704 16.2389 175.4145 86.2673 137.3949 101.7033 40.1824 251.1194 100.6795 76.3270 110.0132 79.8299 102.0375 0.0000 14.2260 149.3412 28.4366 111.4328 100.2334 123.4345 4.9486 207.0657 163.1690 25.4682 115.8834 114.1005 188.4674 143.2784 168.7162 157.0654 93.1751 10.5445 99.9816 119.4506 26.7315 4.9271 126.5456 57.6159 73.0924 169.9091 191.6733 233.9974 65.7219 55.2602 113.9433 12.5020 138.3035 102.7260 204.2895 46.6055 219.3300 86.2486 106.4530 60.9147 118.8605 77.5487 40.3179 64.9569 108.8174 96.6231 56.4601 90.9585 182.0007 65.4301 42.5942 130.3122 133.3392 118.6480 75.5212 21.0157 68.3664 87.0860 159.7526 54.4380 173.5792 71.6295 165.7975 153.7218 12.6655 136.0231 110.1643 172.4440
101.5970 30.7501 29.9348 38.7972 60.8811 46.7887 141.2482 194.7212 56.9345 6.3305 128.7645 2.6047 63.2952 60.8490 131.0349 140.2189 158.6125 284.5479 78.2174 46.0867 130.6353 21.9772 108.0199 112.8834 178.5061 64.9445 35.2120 83.1291 93.1848 268.2829 133.9332 14.2260 0.0000 148.6227 142.1829 76.8944 99.9071 126.9782 219.6027 160.8499 71.2719 101.7777 72.3933 87.6836 106.4962 131.6958 247.9524 144.4032 60.8036 55.3835 62.3508 130.4283 201.7117 101.9715 51.1371 118.3729 89.2262 76.2600 64.1287 116.9066 143.7737 163.7119 36.6734 87.0591 52.5995 160.6874 205.5800 90.9254 111.5696 52.3259 83.0074 74.2460 155.1158 203.5215 17.4345 102.0724 35.1448 92.8694 102.5528 119.5330 76.2591 216.3521 52.9262 152.4728 205.8830 127.6795 173.6119 118.7936 40.7826 117.8436 167.3220 66.7177 107.1108 67.3592 150.9781 102.0381 194.9594 106.3981 138.8333 152.2864
126.7218 179.4225 46.7203 98.5833 110.5113 109.2358 115.2155 97.1040 100.5856 57.4008 204.3808 108.5206 46.0784 51.8994 87.5264 131.7964 129.0713 0.1766 95.0899 36.0044 145.1967 161.9128 32.0946 50.8278 88.5738 139.4825 134.8856 108.6361 29.0109 47.8203 149.4708 149.3412 148.6227 0.0000 57.0000 135.0916 91.7697 134.1273 112.4399 160.6119 158.7384 85.4744 114.9055 189.7227 119.0184 55.9635 42.3880 87.3535 57.2177 110.3338 174.5852 121.4369 48.6923 46.5355 157.2165 4.0140 86.2873 128.7875 50.4679 148.9434 58.7879 112.6576 64.6247 152.0929 127.6317 199.3807 138.7636 132.1486 122.3852 54.0337 146.1012 96.0679 25.0017 82.6895 138.2035 175.4147 90.2788 190.8763 90.6379 50.3178 195.1308 136.6173 111.2782 132.8441 37.1050 167.4870 0.3960 29.0292 109.8977 111.8437 142.8617 89.7338 22.8997 204.5871 151.3800 29.9870 112.6201 234.4942 175.5067 73.5486
155.0751 143.2161 65.4010 31.7120 26.4096 117.4053 67.5575 134.8875 111.3873 20.5915 42.2311 85.1427 51.0272 90.5481 58.6461 166.1234 175.9516 159.8825 157.2504 25.9721 80.4180 175.3843 200.1775 96.3348 248.9856 55.7387 169.3430 12.0774 180.7621 157.2451 105.1379 28.4366 142.1829 57.0000 0.0000 206.6359 76.5662 132.9107 75.9337 117.5379 82.4716 171.2629 53.3460 36.9393 182.8197 105.3503 72.0616 95.1961 185.6876 85.3861 73.8372 158.4913 171.7330 27.3958 87.0085 160.0474 14.8813 45.9602 75.0191 88.4237 58.9927 114.9050 121.4603 125.2021 155.0701 70.6708 179.7357 216.1611 107.1504 96.8806 39.5852 63.2384 13.6591 98.8200 134.4096 187.1567 99.6162 102.5370 71.2568 152.0326 144.6373 108.8132 292.4569 39.0656 107.4897 63.5121 245.7642 70.5897 65.0168 77.5034 185.6327 182.1598 59.4939 46.3750 84.3640 26.2840 68.5001 128.8067 178.1080 66.2279
124.8506 155.4362 46.7104 177.6355 116.1992 124.6762 94.7935 124.2150 41.9539 30.7015 62.5164 126.5799 93.7777 114.9284 82.5250 123.1181 167.9645 110.5188 119.2346 189.3085 181.7264 90.3226 190.6124 47.4056 20.2776 119.4651 155.1305 60.2329 112.8554 173.8069 73.7798 111.4328 76.8944 135.0916 206.6359 0.0000 9.1747 129.6233 9.9269 173.9072 162.3114 109.8851 130.6429 72.2413 138.9583 88.1646 119.9370 33.2266 145.0327 168.9631 93.6969 122.4896 89.5831 198.4780 80.0434 22.8269 102.8313 185.0324 140.8550 152.8711 98.9225 129.9891 85.4039 76.0150 101.9597 163.3667 86.6326 31.9198 108.9646 198.1956 95.6508 130.1591 112.4531 34.7574 57.5144 113.2791 94.0572 25.2580 69.5436 121.3016 80.4029 47.9030 1.6646 147.9306 68.4991 50.3799 72.9984 126.5754 55.8407 94.1263 12.1066 48.4913 117.0001 169.2791 163.7482 4.5990 102.1502 173.7399 240.2258 73.7630
198.2902 135.7727 152.2538 7.0600 0.9780 105.3515 80.9531 98.9692 187.6018 89.3107 175.8216 173.8989 20.7234 103.8996 60.9399 4.9043 171.7062 11.2884 49.6783 91.6261 170.4089 39.6234 33.7385 106.8863 101.2371 151.9973 35.3205 137.7051 21.5028 60.5398 94.6065 100.2334 99.9071 91.7697 76.5662 9.1747 0.0000 73.5845 83.4448 1.8071 101.0787 99.2579 2.6222 120.3961 196.4427 124.9069 90.3238 91.3969 121.5218 98.2988 61.2866 238.8351 39.8079 136.2876 210.8715 170.9417 98.0670 104.5850 142.0564 145.9353 149.2872 152.2564 18.2434 48.3640 26.4395 92.7648 67.2018 121.4632 73.1903 105.4070 24.1999 171.2963 54.1761 74.3150 97.9262 112.1296 80.9480 54.3288 219.2993 144.8413 152.0405 174.6797 85.8906 120.8739 128.0865 106.7155 129.2411 11.1371 21.8513 152.4259 127.6447 102.9713 118.6647 115.7127 89.8460 133.8736 92.2079 116.5451 103.3950 52.1714
100.4697 84.7650 138.3291 113.5716 113.3525 96.8010 183.9951 156.4911 46.0481 95.1971 61.1031 146.1129 46.5890 146.3446 119.0765 73.8480 81.1297 113.5468 213.0949 80.8179 73.6535 76.3212 144.1402 133.5523 99.4488 58.3578 17.5755 124.8052 69.1740 116.5756 69.1895 123.4345 126.9782 134.1273 132.9107 129.6233 73.5845 0.0000 70.1234 98.0896 120.3545 55.5576 137.7304 221.4624 125.4875 95.5313 11.9944 61.4413 91.1901 80.0021 61.1991 63.5421 47.7298 209.8065 153.3675 25.0408 47.8919 140.7397 61.3735 70.5582 35.0026 130.3771 129.7249 68.0401 161.1518 206.6456 98.1858 1.6881 4.0675 87.5705 103.3481 87.9107 172.2056 229.2859 130.8340 36.5691 12.2193 129.9649 57.1873 97.7581 116.6051 143.2803 45.1246 57.5016 190.6187 202.9123 51.6463 61.4961 57.2109 90.2547 131.2635 230.6742 94.2686 183.4796 214.8155 97.7379 52.2322 26.9301 95.3454 36.3835
54.6200 96.8071 57.8503 159.1168 157.2264 84.3247 137.3266 87.7010 121.1288 118.1092 63.9338 167.0678 102.8139 61.1615 61.4860 96.5812 65.8131 170.1117 133.7927 129.5044 166.5922 204.3640 53.9708 86.6089 105.4517 124.1389 0.3513 135.5659 122.4883 137.2480 144.0520 4.9486 219.6027 112.4399 75.9337 9.9269 83.4448 70.1234 0.0000 146.2503 127.6650 31.9222 88.4313 169.9120 141.5721 37.0828 77.1844 78.4812 94.6648 76.7210 117.2859 45.6537 85.7756 122.7173 69.1406 185.3072 43.4251 91.2976 170.7870 31.1017 114.4640 73.1071 43.0362 66.6649 211.9183 77.6379 109.0316 76.3633 124.8232 128.1056 93.1921 150.8963 95.6917 85.9407 32.1686 53.0900 109.1850 68.9521 76.4004 168.3585 252.0481 138.2130 104.6305 156.9427 81.9321 104.3022 112.5909 116.3431 70.7576 79.2066 45.9380 179.9526 156.7000 65.4693 149.5259 109.4705 153.5170 57.3798 158.5265 107.5146
116.4553 90.7631 10.8669 53.3564 177.5682 4.8440 40.8373 103.9399 131.1489 124.3028 143.2591 28.5384 0.2209 79.9532 63.5435 194.5141 162.6730 98.1738 29.0360 77.0990 151.7797 44.1862 234.8705 130.9988 183.3554 140.3529 215.2612 85.6041 77.0453 102.5902 195.5916 207.0657 160.8499 160.6119 117.5379 173.9072 1.8071 98.0896 146.2503 0.0000 176.1033 72.8815 124.3435 91.3664 16.5744 84.2488 0.2864 126.2270 118.3319 115.3075 169.5469 187.1871 61.8504 171.3931 66.9308 74.4505 75.0489 164.3054 138.5579 155.6860 108.5130 48.8298 153.2665 39.4625 187.2341 210.4427 110.2195 176.7867 111.9913 137.8272 79.1251 42.4019 169.5270 141.5637 131.6633 95.9008 105.1580 75.8485 112.9120 254.3093 152.4760 149.5101 72.9569 128.8421 173.4881 190.8758 146.5919 162.8926 207.1506 69.3913 162.4723 208.4827 113.7868 97.0946 89.2054 126.1100 11.6650 173.6766 126.4326 144.3175
165.4100 90.0249 81.2056 158.4169 140.0656 96.9104 98.9139 84.0972 147.6551 90.2293 234.1779 139.5621 103.4895 21.3875 35.7552 189.6699 0.1275 73.8356 124.3083 12.7868 39.3969 5.6637 90.8262 116.4055 79.1096 78.0692 85.9806 111.5834 135.2298 150.7811 105.3553 163.1690 71.2719 158.7384 82.4716 162.3114 101.0787 120.3545 127.6650 176.1033 0.0000 62.9814 121.4794 135.1743 182.6909 137.0544 90.7419 78.5614 118.5889 124.9206 81.6322 113.9178 132.1218 69.3047 120.8208 281.7640 134.7690 89.0732 50.0096 162.6757 89.7976 77.9671 135.9966 39.0190 73.3626 107.8349 158.1190 19.0687 166.8560 208.8053 113.7391 158.2474 196.6178 39.3394 115.9028 130.8551 202.5250 26.4389 198.0693 66.4251 145.7117 1.5973 216.1810 69.4096 43.8689 46.5140 52.4764 150.0906 70.8872 4.7350 69.3198 121.2769 74.1895 160.5357 106.4975 109.2821 0.7660 61.0934 184.6794 164.7188
140.8920 194.9209 27.4406 135.2993 115.4125 107.6873 186.7537 136.8265 162.1793 33.0665 84.0766 95.5547 181.2531 85.8636 171.4811 140.0346 67.9762 55.7628 26.9069 160.4009 134.3817 118.0002 125.3305 54.5825 173.4220 63.9371 186.9940 109.8581 107.3044 50.7470 115.4468 25.4682 101.7777 85.4744 171.2629 109.8851 99.2579 55.5576 31.9222 72.8815 62.9814 0.0000 40.1765 49.5494 124.4310 35.0589 161.4074 103.9729 88.1974 60.9223 6.2760 106.7039 25.4513 166.1981 222.5252 163.7374 199.8516 113.0860 164.5068 75.7511 86.7788 145.2177 142.7897 63.3054 121.8070 11.3526 99.4766 1.6199 128.2444 2.2662 46.0174 212.9893 77.1227 165.5741 167.7972 61.5487 87.5288 122.0587 110.2990 208.6502 119.4839 183.4998 91.6795 154.8079 15.3309 84.1661 159.7177 156.1049 57.4115 102.7086 209.4515 157.3850 81.3019 153.3012 40.7740 114.0649 108.7352 30.6093 48.8934 154.1700
90.6315 147.0565 86.3853 165.3036 80.3919 126.5807 42.1612 100.8132 51.1154 61.2753 112.7162 76.0703 117.1096 168.3953 65.0303 19.7352 191.9682 181.4845 136.9630 259.7897 143.6346 145.8178 18.3801 45.2415 52.6997 134.9345 208.9987 112.1001 92.3978 127.0865 209.7640 115.8834 72.3933 114.9055 53.3460 130.6429 2.6222 137.7304 88.4313 124.3435 121.4794 40.1765 0.0000 81.4774 82.3093 204.0391 102.3345 31.5401 132.4819 38.5125 104.0185 159.7317 24.1052 148.5168 17.8785 125.4710 60.0111 140.3482 90.7036 90.1270 139.4340 21.1155 66.5724 22.6711 15.4071 117.4946 53.7856 74.1216 46.6087 185.2917 72.8133 52.9822 151.5047 191.8164 74.4826 83.2148 40.5632 60.7387 119.5794 146.0743 102.5953 58.9369 29.9595 161.1354 26.3521 39.6640 185.4030 140.2534 66.3236 145.8651 79.6621 132.8957 147.0200 221.3225 119.2653 154.0482 127.9675 168.6369 163.7725 44.2044
108.7240 112.9381 153.8339 192.3970 83.6660 206.9005 182.9299 56.3033 55.2119 83.6361 157.4198 155.3925 23.8288 52.4447 158.9678 157.2641 110.1424 159.5189 203.5701 55.1525 114.4670 174.4472 55.9155 96.7322 188.2596 172.5217 114.0051 128.8589 169.6136 78.5302 150.6009 114.1005 87.6836 189.7227 36.9393 72.2413 120.3961 221.4624 169.9120 91.3664 135.1743 49.5494 81.4774 0.0000 15.1351 14.5468 150.9531 168.0450 92.2589 123.3801 215.1607 70.6558 135.8857 163.8466 52.3592 112.1479 38.4384 128.0652 114.7953 44.3580 128.6173 165.7528 226.2587 167.7801 74.8447 100.9970 108.7738 70.5885 90.7028 22.6828 117.7345 170.5783 46.6472 10.0060 125.9754 56.4021 178.3690 146.8882 79.4453 60.8933 22.5412 76.1520 55.1853 142.5477 150.0410 164.2884 197.1747 134.7139 228.1388 126.5387 170.0708 326.7464 117.6347 199.9468 73.2745 150.9153 128.6024 180.9842 110.4167 115.3170
77.8614 82.3766 6.8196 174.5423 38.2186 143.9977 126.2104 110.7541 83.1742 47.8366 117.2295 141.8157 139.8010 99.8327 123.1567 38.0029 64.6999 58.1440 142.2249 1.4399 73.1310 45.1126 211.7994 66.6542 127.6116 100.5111 50.3517 165.4319 1.7707 1.3293 49.5811 188.4674 106.4962 119.0184 182.8197 138.9583 196.4427 125.4875 141.5721 16.5744 182.6909 124.4310 82.3093 15.1351 0.0000 104.8798 183.2780 40.2135 37.8081 155.7363 48.4091 128.7171 260.1884 141.3432 99.8926 158.2504 87.4435 164.0770 103.6323 33.9882 12.5944 68.8844 177.8354 121.1219 59.7504 138.8629 118.5706 90.1472 78.9134 37.2187 74.8690 64.3695 153.9795 159.0502 75.7405 69.3973 138.5334 136.2706 50.6605 122.6300 69.6627 57.0672 115.9434 188.9456 79.7263 42.2597 49.2953 83.0290 87.9275 219.5880 53.1475 36.3776 124.1342 40.7145 91.0371 81.9453 114.4072 109.4679 92.8466 153.8623
8.3280 95.1328 54.8950 185.8366 23.6470 154.2792 136.3934 153.2448 160.8104 27.1811 105.8338 64.0862 24.8931 180.9250 85.7412 105.1009 176.7153 128.1997 17.2911 111.2922 106.4988 65.1017 16.8308 162.7733 21.8950 130.1463 20.9961 144.3332 115.3914 198.5271 33.3981 143.2784 131.6958 55.9635 105.3503 88.1646 124.9069 95.5313 37.0828 84.2488 137.0544 35.0589 204.0391 14.5468 104.8798 0.0000 75.4844 111.8865 2.2734 86.6981 129.7848 69.1251 50.2070 3.4336 112.0908 132.8254 113.3874 131.9705 117.0841 26.2788 125.7593 182.4371 175.1038 224.0230 79.0341 127.2190 139.0984 128.2927 128.8695 71.5322 177.9203 107.4995 195.0678 76.3074 50.3168 44.0494 99.5404 64.7852 99.7924 64.9402 134.3251 226.7433 30.2190 186.7491 85.8270 80.1331 69.7617 23.8071 55.3016 147.9349 122.9586 220.3932 82.9262 109.4550 36.9444 92.4824 79.4409 121.5994 42.0097 122.0441
45.8702 43.5952 195.4756 155.6424 35.7703 233.1269 184.5044 175.3297 25.8739 80.9954 99.4594 98.0156 102.7459 55.7929 166.8626 116.6295 196.5557 160.0966 20.0195 20.5267 112.0263 219.0787 31.6900 134.0072 69.2397 56.5975 131.4628 132.6887 56.9966 31.6313 56.5331 168.7162 247.9524 42.3880 72.0616 119.9370 90.3238 11.9944 77.1844 0.2864 90.7419 161.4074 102.3345 150.9531 183.2780 75.4844 0.0000 120.2573 99.2659 162.6950 142.0615 60.2543 205.7652 103.6913 77.7946 67.9779 152.3052 208.5319 101.2345 154.2857 75.6774 91.4464 13.1339 72.2167 65.8546 108.8467 77.3907 71.4551 100.7399 26.9562 116.7547 79.4403 140.7874 45.9384 66.4875 140.0080 77.6864 71.1272 216.7038 7.2534 153.7731 130.8681 50.6760 33.7680 144.7179 122.5498 100.0544 78.7190 49.0371 149.7415 83.4071 107.9244 135.0133 134.3233 187.4618 60.6288 95.4331 111.2207 107.7918 94.1645
