100
0.0000 116.3167 61.8434 106.7813 98.9724 121.1735 196.4293 23.1007 114.1344 22.4237 115.2716 94.5637 148.5509 66.4654 128.3519 152.3635 40.8065 151.6637 80.2192 78.7930 59.3341 102.9932 50.2419 166.3390 79.7846 126.8191 145.7539 149.0942 82.3884 114.7099 36.7139 168.0608 3.1629 106.8093 41.3584 136.4961 107.0100 164.4776 86.7126 34.7187 90.8533 55.5397 74.1602 45.3925 186.7170 56.1566 166.1567 113.6699 65.5853 114.2732 165.1192 53.5113 89.6954 93.1031 98.6644 85.7819 25.3566 9.9908 137.7817 179.6294 76.5485 77.7656 145.6407 271.7143 201.5972 138.7114 97.3058 114.3099 110.4957 126.1284 56.1852 81.7841 88.0736 30.5726 88.5685 104.5541 39.3705 60.8101 77.0650 56.9794 55.7094 4.1586 160.9816 131.8668 82.1096 86.7157 80.3171 95.4463 71.3719 153.5935 119.7031 32.6508 121.2900 23.0986 148.1448 51.1310 123.0986 105.6018 52.2678 6.2204
116.3167 0.0000 171.2714 112.9896 87.3130 192.9917 73.2642 136.9717 102.3087 221.7712 52.5023 48.8024 101.0552 137.5345 182.6561 39.3755 69.9523 172.1049 107.7871 19.9814 100.4090 134.3564 111.1770 157.6024 177.0511 108.4049 19.4009 190.2829 74.2838 40.8597 33.8849 142.0267 82.3273 70.6978 181.3298 74.4180 154.5460 71.4909 205.8345 164.1619 114.7798 73.6872 69.3404 146.6162 67.1352 122.3699 65.1355 103.5380 80.6075 70.5343 111.2657 18.5352 128.5731 20.3017 30.5869 120.7780 162.5109 129.6183 42.5527 181.8147 189.4039 81.0544 102.0033 235.9665 99.6504 85.0216 79.9420 116.9356 133.9143 113.8373 158.4157 125.7878 96.1366 23.7856 135.6883 31.6997 161.3994 111.8485 95.0620 122.7894 159.9195 234.6768 39.4889 66.7043 103.2474 105.9086 26.9931 69.0197 144.8852 89.2241 112.8340 157.1100 97.5396 205.8075 162.4471 12.8229 107.7007 171.7288 93.2502 45.3462
61.8434 171.2714 0.0000 57.1687 179.4018 76.5088 108.1289 167.8471 62.2201 107.9678 149.0126 101.8227 143.9188 140.4705 76.4443 41.9828 142.7111 56.7486 49.4892 12.5184 19.7934 57.0812 141.1373 50.3070 91.4547 64.4593 182.7098 26.5711 96.8908 129.9652 76.5786 103.5498 151.5136 34.3439 202.9399 153.2846 170.0474 83.9099 95.6728 123.6083 75.7774 138.2231 170.7251 100.6493 182.4907 136.5647 71.3578 87.4323 176.5318 66.8916 91.7708 156.1893 41.7963 287.9490 164.4160 65.4986 49.3869 68.3827 22.4536 53.1831 139.0144 152.3798 59.8830 176.0461 53.0900 140.0617 100.4864 139.8267 45.9067 91.4157 92.6536 82.8388 47.6198 145.1458 86.2984 95.7331 117.9893 129.9200 120.3924 74.6470 94.8360 19.0928 130.9680 42.0666 114.2256 75.1242 101.2620 1.9841 148.9063 37.7436 80.8695 264.7920 37.4199 33.2828 130.1892 56.4760 155.0176 51.1592 70.8659 129.6307
106.7813 112.9896 57.1687 0.0000 9.5113 65.9790 0.5476 91.6446 142.7991 29.0196 122.9251 130.5695 70.1874 165.4300 111.5716 52.1668 222.7630 109.9785 124.7384 93.8625 144.6710 45.3972 197.4193 149.3210 98.4217 170.3562 138.1920 310.3553 122.2371 110.0378 104.9021 115.6904 70.6787 119.6635 7.7773 82.9886 64.5645 116.3414 139.9648 129.6091 128.9071 100.4847 103.2294 35.4495 197.1778 61.3898 192.4488 164.3494 126.6970 147.9673 36.0450 183.3868 213.3085 24.0927 37.7154 52.2570 154.9945 26.5484 100.1332 15.5214 213.4847 221.1384 97.0211 28.6050 158.9901 206.7979 215.4949 99.7307 90.8507 250.2958 55.6342 88.7821 63.2994 133.5138 122.6687 203.5805 37.7672 19.5001 119.3712 102.5371 161.3997 120.8555 78.4829 121.4963 181.4155 178.0480 111.1870 175.5276 180.3579 131.4554 3.5098 71.1587 195.3979 173.2792 89.7685 62.2693 91.8336 117.9081 152.3849 169.1513
98.9724 87.3130 179.4018 9.5113 0.0000 163.3828 35.0901 139.7712 30.9848 60.8239 72.0101 206.0237 10.7950 169.3674 81.9848 42.3193 123.1654 161.0461 112.0046 92.6198 8.5873 141.5170 89.4951 117.4319 141.6071 108.2921 210.9133 154.8561 126.1294 130.2360 65.4851 40.7042 184.2561 139.0620 84.7080 61.5590 54.4549 106.9596 117.5323 106.1595 98.4168 71.8952 66.2096 132.4303 104.7145 63.5087 103.8990 10.3997 63.9330 141.9192 171.1983 9.6587 130.4634 192.9644 108.0077 135.9619 128.2635 124.3340 80.5230 60.6093 78.0009 44.4987 161.3275 44.3714 155.0231 13.3269 81.2904 91.9342 192.1988 147.1561 55.8444 23.0284 67.6940 83.0210 82.6955 72.3932 119.0849 110.3650 121.5804 62.8651 44.3491 32.7391 74.9554 106.0630 274.8783 143.2784 127.3880 46.5989 48.2820 103.0830 86.3115 171.2806 168.3311 28.0583 131.7357 146.1888 79.8581 62.0666 72.1725 50.7630
121.1735 192.9917 76.5088 65.9790 163.3828 0.0000 86.4730 169.6553 8.9460 25.5776 41.7244 160.4657 75.6512 112.7807 179.4302 112.8348 140.3521 33.8915 191.4310 121.6438 119.2724 130.5699 148.0037 125.0890 83.0091 85.1981 174.8048 74.4266 109.3958 137.4154 81.2508 73.9691 96.9837 62.0556 118.3304 45.6424 73.7789 0.8617 113.0154 95.4241 152.6372 18.4352 54.6054 89.9410 30.7207 56.4246 33.8498 236.0678 159.9387 48.8354 177.3937 209.6648 13.3366 171.9785 122.5170 53.8333 31.7648 12.5263 77.6367 159.1363 51.0235 155.9777 95.8025 92.0468 102.3376 52.6288 5.4142 147.3318 42.6904 151.1217 208.3662 113.9415 118.4632 35.3650 73.0180 120.4157 162.2227 58.5662 147.1353 199.8453 141.6535 38.2495 133.9330 129.2772 123.1780 0.2696 83.8955 83.4926 136.5385 105.3161 84.8719 106.2217 61.6397 164.6101 103.8300 163.9917 77.0774 41.8614 232.3766 104.4130
196.4293 73.2642 108.1289 0.5476 35.0901 86.4730 0.0000 183.3211 104.5099 133.1391 99.0416 173.7207 133.3423 32.5147 31.6979 73.0947 17.0628 154.4850 207.1766 58.3327 81.0189 1.4406 78.7399 92.0128 100.8629 75.3619 100.3908 138.2787 204.4673 126.8444 148.5897 40.7783 104.4276 90.4909 93.7137 96.5201 209.9212 17.0198 101.6478 23.6982 178.7858 92.5127 87.0254 119.0742 135.7329 147.5078 129.9569 97.2511 30.4260 25.1358 119.8835 36.0486 151.6279 21.2658 42.4911 25.2265 115.2627 41.6333 82.3791 157.0156 104.4999 179.8862 138.5615 122.1663 70.7704 117.6102 200.4542 77.3470 79.2042 60.8739 91.5885 92.5424 96.7925 33.2281 112.2455 121.9813 55.7854 77.8777 111.8446 57.7361 102.5084 81.0142 7.6256 59.7973 103.7914 81.2020 100.8419 0.9680 49.6986 72.9012 104.7708 85.6971 60.6562 85.6037 10.2182 127.2990 94.2792 53.0955 190.4792 56.0026
23.1007 136.9717 167.8471 91.6446 139.7712 169.6553 183.3211 0.0000 187.1578 80.2194 74.3100 105.0465 171.7125 227.5362 227.0967 144.3375 97.9737 70.6295 80.2096 165.7462 119.9533 98.8913 111.9936 110.7201 68.2906 144.8856 40.3902 20.6572 91.8126 194.1524 112.4920 67.1819 106.5518 34.2454 32.2019 129.0100 191.6542 132.6648 148.5635 100.3318 89.7116 136.4646 47.2173 149.6305 55.1556 60.7843 79.3809 71.6352 103.6708 166.0105 139.3499 127.6266 41.7711 78.9864 98.7931 152.7374 134.6828 42.8120 140.2260 132.2963 170.1751 137.5258 232.0632 107.4614 139.8738 94.5124 97.5512 54.6888 43.8638 63.9773 130.7410 181.8843 154.8159 127.2701 78.0478 11.0368 29.8097 101.2428 4.5230 119.9256 67.7032 79.0968 77.8551 148.0649 109.1744 77.7908 49.2846 72.9611 104.8391 50.8614 13.3930 101.1951 236.5625 57.0193 120.8883 70.3313 109.3403 218.4568 184.4373 93.6035
114.1344 102.3087 62.2201 142.7991 30.9848 8.9460 104.5099 187.1578 0.0000 137.7167 173.8490 59.7674 123.3174 79.3520 121.3032 120.1518 92.1714 119.7018 187.3139 46.5159 222.4333 166.0615 131.0535 200.8199 78.7482 140.6635 141.0827 124.3248 98.2486 51.6158 140.8037 127.2518 6.2887 80.2005 132.9178 160.1756 156.3246 62.2703 175.2240 121.0218 108.5870 128.3225 131.4296 149.4460 74.6127 87.9127 136.6735 79.6512 194.2665 124.2052 79.1827 89.7749 151.5598 81.1976 194.7910 92.4817 84.7330 34.3765 153.2729 94.7366 104.7213 24.2274 98.2125 114.8526 142.9545 72.6121 87.2850 154.5891 26.5440 13.9309 258.2008 160.2982 162.6169 146.6953 41.9218 140.8420 165.9401 60.4918 157.9608 176.3808 101.7965 43.6286 61.9127 146.7840 30.8250 164.5209 172.8848 76.6559 130.6339 130.7972 168.6191 114.5563 33.3166 72.5177 92.1194 77.5500 54.2871 103.5533 91.3979 128.1539
22.4237 221.7712 107.9678 29.0196 60.8239 25.5776 133.1391 80.2194 137.7167 0.0000 96.6032 149.8285 120.4814 112.4246 118.2634 58.8745 86.7148 153.2078 107.7782 129.8355 77.5099 160.9506 93.8603 49.6044 75.2050 73.4264 185.0807 152.4149 50.9293 80.9984 85.4872 101.7281 96.9543 153.9213 98.5081 152.9886 117.6325 50.3103 112.3172 130.9397 237.7108 102.8350 207.6188 83.8257 58.7418 150.4564 107.1754 221.2590 134.7355 84.0078 31.2514 107.5344 126.4952 58.3691 54.1219 95.7063 175.0997 27.5534 69.1849 176.6583 134.0492 200.9117 140.9940 140.5719 43.0874 93.5187 122.9979 46.0973 55.0797 46.1862 109.2023 17.7901 39.7726 160.2050 111.8235 58.1371 168.3581 118.5647 83.3362 175.5203 117.9501 125.2635 155.5361 202.4808 114.2616 65.3674 94.0349 80.4593 50.8480 111.1277 119.9167 39.9117 71.0072 134.5315 100.9486 131.4443 108.5679 87.0168 79.3697 72.1052
115.2716 52.5023 149.0126 122.9251 72.0101 41.7244 99.0416 74.3100 173.8490 96.6032 0.0000 192.6110 122.3336 141.6897 80.7578 75.6395 125.0623 34.4053 102.7327 112.0212 91.9281 155.3536 117.4209 96.5984 38.0969 110.7211 98.9220 105.5387 110.2641 61.4213 88.3945 65.4469 29.3514 136.9510 202.6780 156.8317 123.2962 204.2983 214.0858 71.6929 92.9909 171.1727 269.4151 183.6393 94.6733 45.5524 56.7708 181.1521 163.6937 118.9691 83.9153 198.4392 156.8384 164.0676 109.0015 117.4561 33.8940 63.2051 116.6376 70.9178 108.7395 151.4122 186.5237 45.2245 104.4569 111.2046 64.2428 111.7832 108.6216 130.8909 320.7431 124.5158 56.8732 110.2818 179.0427 114.8625 112.3085 51.5028 175.4021 32.6945 46.9541 42.5854 150.2274 38.8034 173.4801 75.1845 139.7158 241.6691 16.9140 146.7374 9.0194 125.9873 210.5210 41.4569 56.2323 174.1809 48.8408 167.8865 17.7300 125.5575
94.5637 48.8024 101.8227 130.5695 206.0237 160.4657 173.7207 105.0465 59.7674 149.8285 192.6110 0.0000 127.8010 76.6618 84.2848 34.9062 14.4945 230.4750 61.8098 70.0721 247.9507 167.8293 54.8280 85.4907 124.5320 122.3669 39.9378 97.0428 84.8591 114.4585 140.5835 191.3311 162.0381 184.9364 133.3965 139.8275 84.4322 196.0375 122.4903 91.3482 81.0526 145.1063 89.0414 31.4520 15.2138 94.5364 117.3752 63.7368 25.0680 130.6076 84.6412 29.9235 57.8530 96.7734 62.9776 102.1870 27.8857 129.2682 38.2090 109.9987 68.0917 185.3222 122.4780 67.4948 54.6664 193.3527 207.7863 78.1585 139.1858 234.6582 114.4892 98.8826 89.2931 64.5519 173.5960 136.8271 135.1707 118.8677 169.3146 183.8834 49.0214 170.2782 48.1671 149.2209 225.8799 85.3519 76.9962 80.3878 18.6168 151.0570 61.1909 118.5653 142.0845 25.9331 73.7895 145.1287 71.4882 34.4684 157.5065 86.1247
148.5509 101.0552 143.9188 70.1874 10.7950 75.6512 133.3423 171.7125 123.3174 120.4814 122.3336 127.8010 0.0000 182.5547 24.5730 73.3884 121.6027 111.6371 50.4213 180.7811 22.0689 90.5143 70.4028 116.8525 168.0355 110.9516 114.5014 66.3518 33.5879 212.3692 58.1686 197.4069 101.9152 173.9345 17.1996 76.8068 62.2672 109.0837 133.7429 97.7659 43.2581 22.4643 1.1761 234.1313 205.9633 127.3926 124.5852 39.8260 49.2876 171.3710 71.5562 112.8139 147.4524 135.0511 145.2174 73.6301 19.1535 99.4910 93.0357 89.3770 95.2501 123.1405 79.5717 151.5427 101.4433 42.9887 130.2519 128.0699 208.2108 200.2490 62.7276 122.7366 87.1199 275.8086 74.7976 147.9816 85.9853 134.4887 57.2252 36.2613 80.6419 115.5782 102.1532 32.9437 186.5282 120.0275 142.2282 180.0495 55.1512 53.0206 18.7833 177.0320 189.1582 183.0605 224.0890 79.9715 199.5827 160.0692 136.2434 179.3794
66.4654 137.5345 140.4705 165.4300 169.3674 112.7807 32.5147 227.5362 79.3520 112.4246 141.6897 76.6618 182.5547 0.0000 212.9011 63.6133 182.9546 122.4367 55.8667 219.6162 79.3568 192.3737 110.7959 100.3757 44.4866 74.5944 36.2668 220.7008 47.9697 111.5882 81.0078 144.0313 158.8114 39.2439 149.4681 221.7473 118.3102 99.3438 95.1251 181.6649 3.8758 45.8356 114.9921 70.5588 43.2629 172.6478 155.1590 77.8685 141.5757 76.2233 109.5222 111.5260 135.6856 44.2387 66.6563 137.6248 66.8757 37.4901 55.4253 124.2099 23.4401 122.8424 47.3028 7.0724 159.1916 141.1789 77.7970 140.1335 39.4634 106.8791 100.4533 157.6916 107.0370 34.3515 122.4872 214.8599 109.7972 116.2893 210.4451 187.3870 175.6678 111.2425 115.9788 133.9350 125.6243 51.3190 112.6244 120.5070 16.0019 12.9597 193.7685 128.3696 132.3499 127.3359 18.3379 93.4802 143.3122 288.6658 159.4203 49.8194
128.3519 182.6561 76.4443 111.5716 81.9848 179.4302 31.6979 227.0967 121.3032 118.2634 80.7578 84.2848 24.5730 212.9011 0.0000 45.7751 195.8306 100.1969 158.9633 186.6621 122.7959 86.4998 100.9544 87.4380 84.7145 186.7551 86.9193 84.1252 118.4540 81.6408 123.5676 186.6009 91.8750 121.4269 207.3035 94.7815 224.9252 114.9780 78.1666 118.3417 60.5334 101.3638 30.0457 148.7856 79.7459 94.7676 62.5496 50.7883 196.3076 91.1876 109.5808 51.7162 152.7911 106.0216 167.4327 63.0756 172.3798 19.8603 62.5361 82.4470 54.0460 49.2641 126.9106 41.8235 161.1558 104.4714 67.5894 42.4637 216.9729 117.4470 67.6104 75.1693 66.3379 168.5247 177.5098 239.1447 51.5122 86.3761 82.9700 114.6458 81.2679 182.7285 174.3956 92.1328 82.7173 74.6654 70.5440 29.8054 119.2901 36.0268 69.1595 67.6729 152.4544 184.9668 115.7472 117.9271 107.5959 173.3888 125.5984 30.3332
152.3635 39.3755 41.9828 52.1668 42.3193 112.8348 73.0947 144.3375 120.1518 58.8745 75.6395 34.9062 73.3884 63.6133 45.7751 0.0000 147.9051 62.0506 67.1962 61.1696 166.8603 19.5734 159.8234 76.6758 87.7847 115.1076 71.7882 132.0881 93.8776 129.9288 26.0594 132.3575 48.2063 45.0505 99.0003 139.7877 88.0139 103.5873 90.9391 102.4339 98.8974 141.1403 7.2652 125.9145 77.4097 125.7123 166.5618 56.3843 81.1282 70.5531 61.6362 76.7190 141.5624 45.2203 1.8198 285.8356 116.9792 140.5673 75.9097 96.0002 126.6126 58.3773 158.4996 104.9934 189.5698 123.7789 72.4694 71.7071 4.0743 114.2732 164.7192 90.3588 212.3121 142.4180 141.6358 28.7406 87.3229 80.0388 21.0163 95.8627 75.5988 109.3275 113.8949 121.6547 112.0469 161.5461 154.9065 154.8524 99.1325 9.5363 78.2574 37.1902 79.3163 94.5167 87.9887 97.8305 102.4508 64.0997 138.4995 55.0929
40.8065 69.9523 142.7111 222.7630 123.1654 140.3521 17.0628 97.9737 92.1714 86.7148 125.0623 14.4945 121.6027 182.9546 195.8306 147.9051 0.0000 148.4335 64.5388 117.3388 81.5798 116.9648 155.3267 91.0000 32.8126 20.3826 133.3101 38.5025 104.6343 195.1528 42.1563 0.5747 214.1881 181.4187 98.4031 32.4594 96.6649 137.1056 23.5742 97.8466 38.6220 123.5254 135.7268 121.5304 166.6881 126.0605 59.3580 73.1928 98.9340 26.6157 137.2809 119.5774 101.0914 63.5130 87.4257 98.7404 147.0845 110.2593 78.0717 87.5585 187.9065 68.6454 151.4998 42.5865 87.5076 143.0941 92.5097 25.3185 96.9944 132.7140 93.7934 81.0858 198.4986 125.0443 163.7840 57.2794 142.2140 94.8155 42.0084 120.4902 32.6839 68.2521 87.0384 117.0878 8.1267 124.4202 220.3636 104.3374 78.4558 13.6048 38.7956 199.9393 58.3439 126.1945 58.9143 202.5426 86.4447 115.0820 171.0687 147.6183
151.6637 172.1049 56.7486 109.9785 161.0461 33.8915 154.4850 70.6295 119.7018 153.2078 34.4053 230.4750 111.6371 122.4367 100.1969 62.0506 148.4335 0.0000 94.2340 75.1908 177.1146 126.5409 5.4192 126.6269 87.8895 196.9225 103.1194 72.1836 98.0811 162.3981 173.1325 9.0789 188.0619 113.8476 75.9465 198.1353 94.8295 7.2037 119.1425 76.0798 165.1384 49.6738 72.9891 105.9234 170.2305 49.3229 117.6387 99.8286 138.6569 45.8492 82.7054 182.9607 34.6861 33.2736 4.9014 120.0377 88.8466 74.1867 67.2677 249.8003 20.7384 22.1516 34.6160 86.8578 153.8342 230.7778 97.0875 58.2994 73.6590 144.5553 118.0267 205.9798 98.2040 233.8046 11.0686 91.7681 123.5523 87.8602 89.1908 94.0675 19.9535 158.3219 102.1276 81.5524 80.8008 58.0455 215.0999 91.1971 143.6277 154.7769 121.5875 65.4427 143.1421 152.7910 56.5757 187.5093 154.6611 25.6175 65.3850 191.3405
80.2192 107.7871 49.4892 124.7384 112.0046 191.4310 207.1766 80.2096 187.3139 107.7782 102.7327 61.8098 50.4213 55.8667 158.9633 67.1962 64.5388 94.2340 0.0000 133.2598 68.2697 51.2403 153.0202 157.1030 101.3648 11.6969 133.9240 214.5413 123.0788 47.5099 169.0957 105.7550 120.9173 133.6258 179.1449 171.3321 112.0040 141.3945 75.1552 75.0821 70.7150 88.9772 92.3721 89.3447 50.1879 14.2802 41.7546 104.8990 105.9529 68.3253 22.2486 192.3782 88.5261 181.4891 115.4961 22.0653 70.0088 109.5160 39.7213 113.0378 79.8873 146.8374 122.5685 112.7551 95.6129 154.7503 113.1273 144.3188 83.3281 115.6301 148.6585 15.6805 79.7176 84.1376 22.2996 145.1520 65.0008 6.8595 121.1360 100.0401 141.5493 115.0797 110.0395 153.1267 80.9443 20.3002 169.3901 1.5314 62.3587 36.4207 156.7726 89.8919 191.0755 11.0021 156.9820 120.2553 167.1925 41.5314 107.3934 32.5731
78.7930 19.9814 12.5184 93.8625 92.6198 121.6438 58.3327 165.7462 46.5159 129.8355 112.0212 70.0721 180.7811 219.6162 186.6621 61.1696 117.3388 75.1908 133.2598 0.0000 181.9624 171.1267 54.2542 99.3185 51.8750 95.1630 135.0851 317.4929 145.5007 79.4655 120.2251 15.5128 112.2438 240.8218 152.9892 17.9601 170.9451 151.5909 144.9090 214.9829 49.0927 129.7306 97.5944 65.6750 142.3563 141.4843 231.0460 61.5397 71.5489 148.4366 141.1543 41.2601 189.6024 33.6968 100.7672 5.6238 125.2142 164.0871 92.9462 117.7017 23.8514 86.4418 125.2151 160.3054 85.3209 133.2697 76.9334 117.9113 70.7697 167.0620 74.6845 67.4137 18.9655 25.9811 199.8518 38.4554 147.6593 108.0998 8.3526 95.4036 154.8479 197.6166 151.4352 148.3791 170.9721 74.6261 86.8681 170.6320 136.4801 84.7948 28.9850 134.0788 210.4056 129.5173 74.7241 11.9919 97.3484 40.5854 101.3161 97.9361
59.3341 100.4090 19.7934 144.6710 8.5873 119.2724 81.0189 119.9533 222.4333 77.5099 91.9281 247.9507 22.0689 79.3568 122.7959 166.8603 81.5798 177.1146 68.2697 181.9624 0.0000 206.9912 250.5629 254.8785 179.5773 142.3557 85.1743 72.7817 9.9604 169.3343 146.9151 39.6040 32.2860 220.3803 50.4856 4.9173 141.0967 151.1921 92.9268 49.2908 120.6112 50.0375 255.5315 104.4909 182.6501 116.2880 115.5490 27.8616 45.8254 181.3801 102.4254 190.3660 208.0440 205.4892 176.4242 60.3853 49.3682 117.1962 144.0605 228.5131 58.4823 95.8776 168.4038 77.6924 144.1556 177.0213 153.9846 55.4052 189.1195 120.6674 106.6825 107.5073 113.9090 167.4761 144.5667 27.1030 77.7518 180.4372 67.7759 204.3902 44.0728 95.2195 57.7367 110.9197 178.6116 175.0432 102.5084 76.5701 76.0096 94.2802 196.3937 133.1718 76.8303 120.7862 43.4056 77.1881 220.4216 104.7216 105.9211 99.2268
102.9932 134.3564 57.0812 45.3972 141.5170 130.5699 1.4406 98.8913 166.0615 160.9506 155.3536 167.8293 90.5143 192.3737 86.4998 19.5734 116.9648 126.5409 51.2403 171.1267 206.9912 0.0000 159.9946 113.0334 180.4430 146.3458 59.9244 117.3572 18.7545 89.0336 18.1227 75.7976 76.2011 114.7420 165.5191 137.3108 124.4132 185.7274 161.6617 106.7197 92.9656 150.2725 21.2667 129.9420 95.6324 174.5071 96.7040 7.6724 67.8208 52.3383 57.9559 42.3945 105.0914 34.6794 222.0921 192.5482 181.5504 192.6955 57.4951 95.0406 141.6731 136.1892 49.7924 86.4218 29.9548 123.7172 45.7423 143.5371 241.8956 113.0053 84.5631 89.2873 82.5766 143.2924 112.3179 139.5929 47.0858 55.0850 104.3715 116.2957 23.3528 140.0729 124.5769 52.2110 116.9568 211.0800 3.5960 37.7786 65.2485 167.2821 42.1905 85.8521 94.1493 86.6778 139.5007 186.5609 123.8414 137.9705 171.2724 139.8345
50.2419 111.1770 141.1373 197.4193 89.4951 148.0037 78.7399 111.9936 131.0535 93.8603 117.4209 54.8280 70.4028 110.7959 100.9544 159.8234 155.3267 5.4192 153.0202 54.2542 250.5629 159.9946 0.0000 108.6242 141.3694 179.5964 29.7239 55.1678 118.7692 121.2924 33.5754 0.1898 101.3447 125.3355 97.3044 127.0406 111.3289 100.4536 138.1650 166.7464 49.8577 165.8409 26.9834 65.2167 159.9168 180.3740 136.1256 114.7296 118.2544 105.6338 40.7532 117.8572 81.3259 133.4240 168.0313 94.8735 88.8238 212.4798 106.6724 95.8763 138.2533 119.8418 66.2717 93.5877 114.4555 55.6711 58.4379 79.9783 125.6089 228.5994 163.4861 45.9761 136.8076 134.9665 250.0913 17.2095 55.8112 86.4876 124.5979 85.3735 168.5788 80.7642 111.1502 28.3756 41.0538 133.6384 71.0316 66.9446 102.9144 69.6509 149.0240 90.3988 153.2630 105.3843 84.7648 191.7926 194.8159 68.9588 123.4700 132.5822
166.3390 157.6024 50.3070 149.3210 117.4319 125.0890 92.0128 110.7201 200.8199 49.6044 96.5984 85.4907 116.8525 100.3757 87.4380 76.6758 91.0000 126.6269 157.1030 99.3185 254.8785 113.0334 108.6242 0.0000 156.6619 42.9049 104.0312 98.3821 122.2317 101.6125 56.0626 14.4224 202.6999 124.5533 144.6620 186.5635 14.6190 59.7719 14.0022 3.2328 194.6260 131.8726 61.6871 47.6528 152.3121 314.9553 150.9501 27.9982 198.1693 157.3521 141.4642 28.1662 139.6776 133.6589 171.4491 120.6938 80.5874 119.4583 160.2554 24.9905 90.0374 116.1267 63.6028 147.0000 158.1981 245.2866 186.8918 149.1305 122.8626 147.2546 91.2361 111.7093 165.6555 114.6159 62.9760 149.8948 86.6281 130.3190 196.0109 103.1288 113.8315 130.3170 75.7402 99.1876 120.5633 159.9456 58.3418 151.9347 183.6676 164.9981 101.4614 216.2252 64.5651 95.7770 63.6809 57.3059 109.4990 133.8178 142.1341 86.9338
79.7846 177.0511 91.4547 98.4217 141.6071 83.0091 100.8629 68.2906 78.7482 75.2050 38.0969 124.5320 168.0355 44.4866 84.7145 87.7847 32.8126 87.8895 101.3648 51.8750 179.5773 180.4430 141.3694 156.6619 0.0000 93.3717 128.0643 31.1861 48.5797 13.7270 42.9214 2.9717 119.6788 83.7796 33.6262 57.6536 154.4211 30.9984 76.5439 80.0851 87.1042 87.2329 61.8361 158.4021 174.3737 47.2128 148.5207 114.9151 115.8572 86.3148 68.8959 108.9280 124.7150 176.4837 151.9504 106.1274 128.1154 162.1952 129.9401 91.4263 6.4086 69.2489 72.8953 51.7083 110.0132 157.1036 130.1164 228.4534 175.3120 96.2003 78.6684 6.0576 85.2616 70.3801 46.6820 82.3651 75.5909 162.9947 92.2793 138.2407 107.3876 151.6319 19.4497 198.4293 73.7031 178.3425 103.5646 175.5110 90.5671 162.7077 50.0697 161.6972 100.4865 130.4710 105.0980 158.8364 151.0095 204.3126 58.2582 101.1540
126.8191 108.4049 64.4593 170.3562 108.2921 85.1981 75.3619 144.8856 140.6635 73.4264 110.7211 122.3669 110.9516 74.5944 186.7551 115.1076 20.3826 196.9225 11.6969 95.1630 142.3557 146.3458 179.5964 42.9049 93.3717 0.0000 179.1386 35.5172 46.4868 81.5753 22.5353 96.6340 65.5510 36.5387 71.3496 131.0296 35.9145 114.1702 84.1651 37.8818 152.2913 171.1559 81.6527 128.9493 210.7822 121.4207 110.4105 130.2251 151.6050 107.2401 151.9783 150.8689 118.4654 57.8572 60.3880 36.3544 76.2356 55.9028 1.7100 155.8444 181.5902 96.6162 132.5590 114.3584 196.8718 10.2972 80.9630 80.1856 159.5135 73.4353 69.4751 112.5442 157.6394 79.8775 140.6155 16.9191 66.8542 126.5170 111.5464 102.3334 75.6993 108.5066 265.4870 185.0279 128.3473 105.3196 16.6427 10.9206 101.3335 7.2633 137.7035 144.1991 65.0025 127.8107 110.9293 158.0209 152.2572 115.3309 89.4309 135.8120
145.7539 19.4009 182.7098 138.1920 210.9133 174.8048 100.3908 40.3902 141.0827 185.0807 98.9220 39.9378 114.5014 36.2668 86.9193 71.7882 133.3101 103.1194 133.9240 135.0851 85.1743 59.9244 29.7239 104.0312 128.0643 179.1386 0.0000 45.0251 101.0569 78.2754 5.3210 105.0211 81.7326 158.2632 210.7659 112.4283 125.9935 79.4159 147.9719 129.9704 83.5221 182.0932 219.5681 150.5011 105.2737 102.7411 146.7709 133.9529 53.7438 121.9903 9.4628 117.9180 98.0881 74.7905 112.5618 115.6624 128.7762 86.4768 192.7505 38.4482 110.4270 25.6045 141.2077 186.1310 53.9880 165.5677 35.3551 70.6744 126.0458 130.4085 156.3742 217.2315 77.3661 29.7815 70.5749 24.0934 98.6346 92.5717 98.5226 129.1725 78.9331 44.1507 73.4365 214.8076 39.0656 39.9255 10.7513 142.3340 76.9490 111.3618 145.2390 77.9495 143.8242 33.5760 106.9326 88.0194 88.5485 29.6579 40.9766 31.2596
149.0942 190.2829 26.5711 310.3553 154.8561 74.4266 138.2787 20.6572 124.3248 152.4149 105.5387 97.0428 66.3518 220.7008 84.1252 132.0881 38.5025 72.1836 214.5413 317.4929 72.7817 117.3572 55.1678 98.3821 31.1861 35.5172 45.0251 0.0000 231.4408 108.8508 84.2914 164.6379 149.1155 200.1165 143.2695 72.0206 94.1870 181.8944 119.7538 107.4701 95.6004 21.5502 178.6062 96.4981 68.1745 82.6596 20.0612 71.2097 117.1469 189.6795 80.1099 153.4541 98.2137 246.8299 51.2371 126.2878 51.0823 139.2904 84.3851 63.1376 58.8440 171.1465 84.7564 199.0397 18.0339 64.5977 125.4889 93.6552 23.2237 109.8473 80.3518 196.2244 227.3059 87.6312 171.2919 8.3638 64.8636 104.9651 17.4593 71.3004 41.7714 185.0768 101.6073 45.8062 51.6343 95.2928 103.2257 14.7401 47.2586 71.8344 202.3487 11.1179 138.0187 42.0414 109.5833 104.9160 110.6134 160.1094 65.6272 144.8879
82.3884 74.2838 96.8908 122.2371 126.1294 109.3958 204.4673 91.8126 98.2486 50.9293 110.2641 84.8591 33.5879 47.9697 118.4540 93.8776 104.6343 98.0811 123.0788 145.5007 9.9604 18.7545 118.7692 122.2317 48.5797 46.4868 101.0569 231.4408 0.0000 49.3690 38.0371 54.6689 194.9961 77.9147 176.1113 62.0242 118.1276 61.6844 103.5977 3.7935 52.0711 136.1733 190.4870 152.2030 61.0337 183.8579 49.1436 20.9223 21.9584 163.5890 104.8684 25.1363 62.0949 83.8324 14.1014 157.3270 105.4918 154.9336 91.8122 95.5488 51.2288 94.1368 66.6701 135.7462 127.7303 98.9924 96.9560 15.5553 203.9239 157.4697 72.7075 140.9395 65.0335 124.3889 138.4824 83.4331 183.0610 74.3095 119.7535 55.5700 105.8774 127.2678 140.1021 75.7592 65.1439 17.9557 161.1834 103.5334 1.5443 128.1824 117.0259 143.0075 167.8617 118.1634 49.6346 153.0280 93.8145 113.1044 126.7501 71.0946
114.7099 40.8597 129.9652 110.0378 130.2360 137.4154 126.8444 194.1524 51.6158 80.9984 61.4213 114.4585 212.3692 111.5882 81.6408 129.9288 195.1528 162.3981 47.5099 79.4655 169.3343 89.0336 121.2924 101.6125 13.7270 81.5753 78.2754 108.8508 49.3690 0.0000 172.3270 172.0305 114.6448 112.9002 129.1110 39.1993 40.2055 72.5172 93.8611 45.2657 75.0460 155.5096 122.4958 150.7839 111.7698 135.3147 66.0192 19.9344 192.6999 185.6794 67.4483 82.2711 117.9602 73.4992 215.1711 56.0571 43.8903 226.7676 135.7876 126.4547 114.1330 28.7688 146.7309 89.5076 164.2581 99.1391 123.3033 127.1865 126.6921 111.6411 86.1006 89.0531 62.4482 18.3052 107.5331 136.2651 136.4316 5.2516 75.8038 111.9485 71.3262 44.8826 183.2013 37.0872 120.2545 163.2030 152.3069 92.3109 129.4674 47.0629 140.4874 110.7492 85.1658 149.2414 53.7843 99.4584 223.4671 91.6082 141.4796 150.4298
36.7139 33.8849 76.5786 104.9021 65.4851 81.2508 148.5897 112.4920 140.8037 85.4872 88.3945 140.5835 58.1686 81.0078 123.5676 26.0594 42.1563 173.1325 169.0957 120.2251 146.9151 18.1227 33.5754 56.0626 42.9214 22.5353 5.3210 84.2914 38.0371 172.3270 0.0000 91.8256 127.3523 91.4896 186.6530 164.2856 68.7080 43.2443 106.2019 125.6001 75.6741 59.7362 46.4690 164.3838 129.5065 0.1196 121.8109 98.0745 152.7152 148.2078 260.3479 49.2029 52.1861 72.5418 131.6042 116.1271 67.0527 78.6673 58.4881 65.0804 93.5980 108.1252 108.5494 111.1051 40.5009 11.4241 78.0191 60.2699 119.0382 121.7952 93.5220 12.7566 26.6259 179.4996 92.6763 70.8881 133.3870 72.5689 197.0532 54.1617 107.9339 105.8871 65.7882 73.4196 115.1793 145.4016 31.2058 15.1941 44.6537 123.2664 137.2158 76.1910 176.2677 151.4796 92.9637 146.5243 127.4765 125.6240 18.8652 40.9341
168.0608 142.0267 103.5498 115.6904 40.7042 73.9691 40.7783 67.1819 127.2518 101.7281 65.4469 191.3311 197.4069 144.0313 186.6009 132.3575 0.5747 9.0789 105.7550 15.5128 39.6040 75.7976 0.1898 14.4224 2.9717 96.6340 105.0211 164.6379 54.6689 172.0305 91.8256 0.0000 112.5431 74.8363 156.4558 142.2212 57.3106 150.1918 121.0395 80.3057 116.5347 112.5166 106.6713 91.4919 76.6248 76.5047 90.3393 44.2668 98.6289 96.5182 75.2702 157.9173 184.5739 26.1293 47.0429 20.4401 123.6264 168.3167 78.2980 143.6071 183.9319 74.9390 117.6258 67.9011 114.8912 123.5488 132.3030 104.4509 211.7447 188.0968 118.0513 187.1507 129.2621 109.6753 119.7723 2.8932 77.1042 109.2432 100.7253 57.1524 127.9576 60.0094 60.1310 136.3034 152.5762 27.8100 35.6111 133.0844 115.9457 105.0191 29.3864 237.2675 125.4402 89.2852 77.6593 148.1801 88.1132 94.7324 32.1917 172.9350
3.1629 82.3273 151.5136 70.6787 184.2561 96.9837 104.4276 106.5518 6.2887 96.9543 29.3514 162.0381 101.9152 158.8114 91.8750 48.2063 214.1881 188.0619 120.9173 112.2438 32.2860 76.2011 101.3447 202.6999 119.6788 65.5510 81.7326 149.1155 194.9961 114.6448 127.3523 112.5431 0.0000 66.7678 166.9709 105.5337 136.6579 215.3580 51.0719 112.9528 17.5975 95.6284 152.7960 179.0276 87.6537 97.8363 254.9113 32.0386 89.1378 8.7335 131.3380 174.4002 17.9088 67.0542 160.3896 123.1566 135.1509 98.6726 148.1891 37.7816 108.6692 202.9420 114.1067 150.0460 106.0820 120.0308 68.5726 116.1651 105.7606 78.4792 128.2806 134.3589 75.8518 34.5795 56.7641 128.3395 85.4510 58.3428 66.7739 83.4419 93.0067 182.9422 152.8201 57.1555 130.3058 36.5264 150.0168 172.2572 81.0726 113.5630 79.7335 106.4849 97.4298 90.2402 99.0687 18.5898 132.9902 46.2316 117.1153 8.8788
106.8093 70.6978 34.3439 119.6635 139.0620 62.0556 90.4909 34.2454 80.2005 153.9213 136.9510 184.9364 173.9345 39.2439 121.4269 45.0505 181.4187 113.8476 133.6258 240.8218 220.3803 114.7420 125.3355 124.5533 83.7796 36.5387 158.2632 200.1165 77.9147 112.9002 91.4896 74.8363 66.7678 0.0000 167.3009 178.3905 207.4500 32.2631 174.3096 108.5649 172.4475 167.5729 116.7631 75.5170 122.0860 82.3505 96.3961 104.6298 72.3862 18.0792 220.2420 25.9152 110.4062 156.6993 120.6064 67.7205 190.0450 100.4671 78.0444 132.3061 128.1919 24.7409 197.2479 49.1037 16.4895 115.8823 110.7312 150.2476 258.7474 247.4671 95.2651 51.4936 120.8621 117.1189 61.4634 87.6654 40.6426 114.8414 223.2263 124.1638 39.8291 15.7646 182.9335 117.7558 7.0255 20.8920 74.3993 152.1895 87.6324 86.7277 37.0201 95.1319 163.7330 88.4611 89.7518 116.7141 162.8780 206.1112 197.2593 102.1114
41.3584 181.3298 202.9399 7.7773 84.7080 118.3304 93.7137 32.2019 132.9178 98.5081 202.6780 133.3965 17.1996 149.4681 207.3035 99.0003 98.4031 75.9465 179.1449 152.9892 50.4856 165.5191 97.3044 144.6620 33.6262 71.3496 210.7659 143.2695 176.1113 129.1110 186.6530 156.4558 166.9709 167.3009 0.0000 132.2080 159.7006 126.7956 84.0137 41.4926 113.8323 38.5253 155.9798 153.2516 92.7088 127.6037 112.1524 116.5280 61.6390 52.4335 115.4170 173.9304 54.8532 77.2887 123.8334 83.3063 116.3777 157.1819 96.9080 176.1886 89.4882 63.1815 78.0140 88.7776 24.2810 71.4477 168.1221 26.5448 154.0103 21.0848 151.5484 92.4138 81.1751 51.8543 87.3528 182.3519 65.7404 85.3604 120.3985 118.4846 136.8633 93.0532 103.4137 18.3900 134.8465 125.2025 101.0252 84.5779 65.2476 144.5225 124.7686 52.1514 56.3339 106.2472 77.7119 1.3013 102.0355 76.1853 138.1123 104.1470
136.4961 74.4180 153.2846 82.9886 61.5590 45.6424 96.5201 129.0100 160.1756 152.9886 156.8317 139.8275 76.8068 221.7473 94.7815 139.7877 32.4594 198.1353 171.3321 17.9601 4.9173 137.3108 127.0406 186.5635 57.6536 131.0296 112.4283 72.0206 62.0242 39.1993 164.2856 142.2212 105.5337 178.3905 132.2080 0.0000 55.6897 214.1382 65.3598 169.1912 79.4715 55.1267 38.5842 53.6857 97.4435 178.7460 88.6280 5.8118 68.8318 88.8050 106.4593 49.9379 124.8559 140.5684 71.0693 42.1681 99.4596 220.2618 110.0724 97.8168 74.6340 13.3576 110.3710 31.8677 38.8409 43.1938 119.5386 83.1190 139.6481 122.3599 141.9461 51.9088 93.1453 181.9675 120.2194 151.8022 91.7461 86.1378 106.9249 28.0718 121.8475 25.4976 92.9336 150.1426 89.1049 113.3021 111.1521 74.2916 60.0790 90.0160 119.9578 121.6638 174.8397 90.1949 163.8436 0.4660 60.9954 190.5284 38.6300 99.8923
107.0100 154.5460 170.0474 64.5645 54.4549 73.7789 209.9212 191.6542 156.3246 117.6325 123.2962 84.4322 62.2672 118.3102 224.9252 88.0139 96.6649 94.8295 112.0040 170.9451 141.0967 124.4132 111.3289 14.6190 154.4211 35.9145 125.9935 94.1870 118.1276 40.2055 68.7080 57.3106 136.6579 207.4500 159.7006 55.6897 0.0000 198.3341 140.8414 172.0919 71.0066 115.4628 133.9107 265.0039 188.8499 25.4625 216.9848 242.2348 77.9787 84.7579 52.8992 80.7922 185.7634 143.9238 157.0947 37.9810 196.5555 92.5870 98.5044 108.4245 72.5786 44.9931 0.3912 83.1871 139.6957 161.5870 148.0570 149.8541 104.1337 117.7012 151.9820 175.0719 85.3688 23.9189 126.3497 110.5862 177.4116 114.3288 38.5887 227.5420 178.8131 148.1726 122.2395 134.3509 47.9728 150.3425 44.2955 61.6380 220.5368 181.5612 29.7951 110.6595 164.4508 114.7284 80.4294 139.6041 122.3219 122.9250 117.5249 102.3172
164.4776 71.4909 83.9099 116.3414 106.9596 0.8617 17.0198 132.6648 62.2703 50.3103 204.2983 196.0375 109.0837 99.3438 114.9780 103.5873 137.1056 7.2037 141.3945 151.5909 151.1921 185.7274 100.4536 59.7719 30.9984 114.1702 79.4159 181.8944 61.6844 72.5172 43.2443 150.1918 215.3580 32.2631 126.7956 214.1382 198.3341 0.0000 153.2829 67.2025 177.0576 73.6754 155.5363 36.2837 48.0150 181.7777 137.2628 184.2717 219.4360 86.5592 124.9904 118.5940 97.9057 263.5482 161.3251 28.5208 148.6840 148.6940 100.5538 98.6176 74.8480 98.7493 175.8992 116.7419 175.9465 130.2681 50.2470 157.1847 276.8498 53.1834 123.2728 75.0903 29.5075 189.2176 154.0500 68.2226 65.7238 172.6640 166.2790 55.3823 254.6918 58.3830 37.4309 99.2945 42.3862 11.6082 106.0710 94.6785 159.7178 97.1692 75.8362 203.1546 153.6279 113.4224 131.1300 84.3033 47.7704 86.5068 74.6874 204.4294
86.7126 205.8345 95.6728 139.9648 117.5323 113.0154 101.6478 148.5635 175.2240 112.3172 214.0858 122.4903 133.7429 95.1251 78.1666 90.9391 23.5742 119.1425 75.1552 144.9090 92.9268 161.6617 138.1650 14.0022 76.5439 84.1651 147.9719 119.7538 103.5977 93.8611 106.2019 121.0395 51.0719 174.3096 84.0137 65.3598 140.8414 153.2829 0.0000 99.4973 147.9172 177.1570 204.2036 168.1107 103.1126 71.0068 90.5080 106.2864 170.4125 56.3026 64.0297 107.1239 83.5488 51.7241 122.9382 82.8457 148.0594 166.0503 19.2567 30.0251 193.3134 122.3492 124.6998 84.7751 35.2572 190.0630 55.1044 45.3320 113.8250 67.0729 62.9571 48.9655 57.5340 62.5864 105.3405 81.1042 101.0200 138.7190 182.8825 221.0289 86.7131 260.6299 111.2372 230.7071 22.2082 101.9857 119.5840 201.0339 139.1446 163.8537 62.5663 46.2902 151.5056 157.6168 62.6566 62.3858 19.7813 71.1262 87.1059 120.3098
34.7187 164.1619 123.6083 129.6091 106.1595 95.4241 23.6982 100.3318 121.0218 130.9397 71.6929 91.3482 97.7659 181.6649 118.3417 102.4339 97.8466 76.0798 75.0821 214.9829 49.2908 106.7197 166.7464 3.2328 80.0851 37.8818 129.9704 107.4701 3.7935 45.2657 125.6001 80.3057 112.9528 108.5649 41.4926 169.1912 172.0919 67.2025 99.4973 0.0000 40.0598 158.9673 96.1039 114.5964 101.9018 148.6643 67.1682 156.3566 144.9645 21.7777 96.8055 68.8601 211.6687 122.4044 151.7667 97.7174 68.1123 210.7529 32.1877 2.0083 132.5957 81.4018 57.1474 127.8722 170.4275 123.5061 101.4585 69.8544 114.8379 135.0556 126.8680 168.4787 36.2802 41.1558 166.6074 193.2292 179.8965 152.4704 28.9953 53.8747 116.9960 149.6966 74.4989 180.2763 73.7398 124.4392 114.8559 61.2583 35.4567 121.0277 110.4099 180.3818 108.0961 36.7911 63.5204 147.3991 98.7697 70.0077 106.2503 152.7471
90.8533 114.7798 75.7774 128.9071 98.4168 152.6372 178.7858 89.7116 108.5870 237.7108 92.9909 81.0526 43.2581 3.8758 60.5334 98.8974 38.6220 165.1384 70.7150 49.0927 120.6112 92.9656 49.8577 194.6260 87.1042 152.2913 83.5221 95.6004 52.0711 75.0460 75.6741 116.5347 17.5975 172.4475 113.8323 79.4715 71.0066 177.0576 147.9172 40.0598 0.0000 210.4841 114.5578 89.5529 124.4515 42.6676 4.0277 111.2631 84.7851 55.4097 99.3807 38.6775 65.7946 188.3802 51.3740 122.2615 150.0378 106.7271 171.1484 14.9221 45.5137 63.4287 18.6859 120.7994 188.9884 104.1183 94.9715 50.8529 45.2528 165.3670 40.8744 88.1797 93.4143 266.9815 75.5341 70.4511 82.4342 105.9873 87.0955 81.7651 188.9234 105.0313 125.6220 45.0155 76.0152 99.3926 92.7773 107.4765 96.0471 85.5934 64.6798 57.8217 16.0798 88.5184 67.7677 135.3810 25.7584 35.6413 34.4700 61.7552
55.5397 73.6872 138.2231 100.4847 71.8952 18.4352 92.5127 136.4646 128.3225 102.8350 171.1727 145.1063 22.4643 45.8356 101.3638 141.1403 123.5254 49.6738 88.9772 129.7306 50.0375 150.2725 165.8409 131.8726 87.2329 171.1559 182.0932 21.5502 136.1733 155.5096 59.7362 112.5166 95.6284 167.5729 38.5253 55.1267 115.4628 73.6754 177.1570 158.9673 210.4841 0.0000 87.0960 175.3244 132.0822 169.0574 100.2836 103.2644 91.1608 103.3773 77.0688 158.2826 131.7637 196.1968 125.3499 112.2731 211.2001 78.3490 17.8781 208.8672 127.7357 213.2313 30.0138 114.1366 82.4612 114.2814 136.9026 175.6879 168.2628 137.4755 62.7017 130.7994 128.0562 180.3428 88.6521 120.9284 86.5666 153.0820 141.2087 125.6860 83.1108 104.8997 17.3100 138.9453 67.2501 144.0088 83.9421 174.5606 208.1693 86.5303 99.4185 68.7128 213.0822 82.5214 56.6456 166.6985 127.8705 153.6998 131.6175 122.3228
74.1602 69.3404 170.7251 103.2294 66.2096 54.6054 87.0254 47.2173 131.4296 207.6188 269.4151 89.0414 1.1761 114.9921 30.0457 7.2652 135.7268 72.9891 92.3721 97.5944 255.5315 21.2667 26.9834 61.6871 61.8361 81.6527 219.5681 178.6062 190.4870 122.4958 46.4690 106.6713 152.7960 116.7631 155.9798 38.5842 133.9107 155.5363 204.2036 96.1039 114.5578 87.0960 0.0000 26.2255 190.0965 190.8586 225.8563 92.1833 114.1880 26.4606 221.0311 86.1407 155.7996 44.4268 82.7833 126.4887 225.9785 115.6413 221.7793 96.1359 45.3038 148.8777 124.3222 171.5925 96.4119 83.5616 135.9593 152.2756 132.5529 103.5061 92.1025 157.2869 135.1571 183.9149 189.6687 92.4145 57.0462 80.1402 118.7920 129.2365 27.6713 42.8820 189.6687 131.1593 101.3590 41.4494 208.8647 159.8119 109.9335 128.7852 76.3691 92.3321 84.0839 127.9147 195.3088 127.1145 203.1997 134.0560 157.6456 120.8491
45.3925 146.6162 100.6493 35.4495 132.4303 89.9410 119.0742 149.6305 149.4460 83.8257 183.6393 31.4520 234.1313 70.5588 148.7856 125.9145 121.5304 105.9234 89.3447 65.6750 104.4909 129.9420 65.2167 47.6528 158.4021 128.9493 150.5011 96.4981 152.2030 150.7839 164.3838 91.4919 179.0276 75.5170 153.2516 53.6857 265.0039 36.2837 168.1107 114.5964 89.5529 175.3244 26.2255 0.0000 91.7897 75.8042 86.3091 63.3058 169.3739 39.2464 160.1623 19.7374 114.3691 129.8904 6.6493 113.1203 141.4032 109.7684 179.9114 169.5344 90.9805 88.2013 216.1858 180.8797 140.4009 61.8630 118.3712 229.8555 152.3781 109.9118 76.1380 118.6287 123.7009 61.8662 65.9589 110.8454 139.7231 172.3303 117.1996 114.7439 131.4985 147.0805 115.9097 63.5526 149.4260 55.9738 47.8753 143.3225 42.9092 61.6758 272.3509 183.7580 27.7409 68.1055 93.9211 117.0384 43.3324 112.3141 15.7956 23.5783
186.7170 67.1352 182.4907 197.1778 104.7145 30.7207 135.7329 55.1556 74.6127 58.7418 94.6733 15.2138 205.9633 43.2629 79.7459 77.4097 166.6881 170.2305 50.1879 142.3563 182.6501 95.6324 159.9168 152.3121 174.3737 210.7822 105.2737 68.1745 61.0337 111.7698 129.5065 76.6248 87.6537 122.0860 92.7088 97.4435 188.8499 48.0150 103.1126 101.9018 124.4515 132.0822 190.0965 91.7897 0.0000 145.6607 88.5990 93.9907 52.6781 35.7773 37.0081 175.1097 14.2568 54.9021 140.8427 90.0822 15.0946 74.3739 155.6387 114.3677 124.6727 59.5921 122.1710 54.8175 137.7346 104.8627 87.6343 42.8260 86.1367 193.4183 72.7567 91.1702 92.1697 29.6434 107.6303 123.9151 129.6706 84.9094 63.7886 56.6649 62.3664 54.1842 122.7453 89.1994 131.9070 133.5106 40.1158 90.8510 156.3590 118.5904 104.0426 83.8690 202.7300 138.2857 105.5808 92.5845 125.5198 154.5908 133.5640 158.4930
56.1566 122.3699 136.5647 61.3898 63.5087 56.4246 147.5078 60.7843 87.9127 150.4564 45.5524 94.5364 127.3926 172.6478 94.7676 125.7123 126.0605 49.3229 14.2802 141.4843 116.2880 174.5071 180.3740 314.9553 47.2128 121.4207 102.7411 82.6596 183.8579 135.3147 0.1196 76.5047 97.8363 82.3505 127.6037 178.7460 25.4625 181.7777 71.0068 148.6643 42.6676 169.0574 190.8586 75.8042 145.6607 0.0000 102.0506 34.7021 113.1013 85.8166 49.3187 156.8141 182.4042 158.7714 101.3077 112.0060 53.4249 40.0843 239.4889 242.9145 63.6034 141.0558 52.7115 30.5735 26.7044 119.4549 49.4495 140.6065 220.1948 187.4669 190.0176 155.9507 144.4908 77.3323 82.4586 46.4492 96.0822 182.3340 112.1031 133.0293 56.0450 93.2225 180.4034 102.1248 106.5190 135.2809 124.8910 135.3535 147.4583 57.8314 65.6572 155.0325 107.7088 15.6718 145.5840 84.0764 117.9133 38.7573 169.5413 148.2322
166.1567 65.1355 71.3578 192.4488 103.8990 33.8498 129.9569 79.3809 136.6735 107.1754 56.7708 117.3752 124.5852 155.1590 62.5496 166.5618 59.3580 117.6387 41.7546 231.0460 115.5490 96.7040 136.1256 150.9501 148.5207 110.4105 146.7709 20.0612 49.1436 66.0192 121.8109 90.3393 254.9113 96.3961 112.1524 88.6280 216.9848 137.2628 90.5080 67.1682 4.0277 100.2836 225.8563 86.3091 88.5990 102.0506 0.0000 54.8279 223.7471 43.0907 114.4811 145.8655 68.6508 83.7095 38.4901 107.2430 191.9461 39.5865 61.0627 40.1634 13.9934 95.3309 34.4871 11.0274 79.9944 50.6307 59.3082 77.0855 131.3041 32.0874 162.9000 79.9884 90.0674 91.4059 58.3006 156.9178 216.5285 204.7672 82.4689 174.7014 220.6240 80.2377 203.7939 58.3697 27.3581 155.5581 85.9167 100.2025 32.3581 110.9529 128.9906 77.3978 25.8051 42.5779 84.6768 4.3932 104.3449 156.4361 47.9871 135.9188
