27
0.0000 85.8453 95.6422 45.8484 45.9566 203.6573 36.4749 141.7102 143.1543 145.9317 198.3498 41.5673 5.2622 152.2928 76.9885 49.6142 35.0185 125.2530 179.0094 172.8173 135.6426 81.0643 97.8354 62.0817 153.9485 146.4123 124.5410
85.8453 0.0000 54.4638 154.8229 82.5215 54.2095 75.2299 0.6071 82.1052 98.6406 79.6261 164.8692 93.9299 54.3985 94.5649 192.7995 150.0459 76.7984 125.5879 122.4692 24.8835 121.3012 87.0864 40.4241 126.1421 70.2820 0.3735
95.6422 54.4638 0.0000 128.1543 147.3108 80.7766 115.3297 76.3461 39.3049 142.9417 78.5197 260.7736 111.5712 57.0854 171.1223 85.6121 70.5311 95.9378 126.9581 156.9262 135.5366 63.3355 199.0934 72.2278 108.2926 66.4118 95.6565
45.8484 154.8229 128.1543 0.0000 122.3758 11.3417 137.6014 50.0736 142.3458 55.6620 226.4164 132.4741 116.5883 144.8639 104.5605 69.9088 201.6915 145.2500 99.4670 109.4051 167.2038 159.7441 24.0773 76.2931 111.2457 26.5799 103.1513
45.9566 82.5215 147.3108 122.3758 0.0000 118.8753 141.4612 158.2433 68.8920 97.0140 41.2739 32.1183 99.2938 147.4068 71.9600 108.6602 74.4311 86.5154 26.6392 25.1335 70.0960 142.1754 109.3850 190.4533 72.5469 183.3508 7.1758
203.6573 54.2095 80.7766 11.3417 118.8753 0.0000 107.7661 184.0388 122.8619 103.3956 92.5938 138.7987 54.5473 81.3228 198.7040 114.8945 261.8841 104.7296 111.4865 117.5210 47.1124 16.1777 132.3983 187.3028 112.2085 197.0466 173.3761
36.4749 75.2299 115.3297 137.6014 141.4612 107.7661 0.0000 196.7839 130.4873 85.5718 67.9394 79.8753 118.2061 115.5450 72.1367 57.6871 96.7989 188.0988 188.2096 177.8018 204.6274 101.2803 55.5449 91.4033 151.5865 91.1401 106.0447
141.7102 0.6071 76.3461 50.0736 158.2433 184.0388 196.7839 0.0000 86.2816 98.9562 169.5910 26.2133 68.4156 31.5813 100.0098 111.1906 132.1854 138.6862 223.1791 166.3945 7.4764 82.7999 69.3418 51.9263 185.6998 181.4256 140.2166
143.1543 82.1052 39.3049 142.3458 68.8920 122.8619 130.4873 86.2816 0.0000 36.3482 75.4172 100.5522 115.5302 71.3703 123.0479 89.2399 67.5347 17.6180 43.2556 70.0494 99.2848 90.0602 12.9102 105.6315 65.7126 54.1038 49.9305
145.9317 98.6406 142.9417 55.6620 97.0140 103.3956 85.5718 98.9562 36.3482 0.0000 143.4967 149.0018 158.3943 23.2477 154.3001 127.4969 127.3557 40.5613 6.9244 146.8454 30.4289 66.7646 165.0513 93.6935 45.5464 44.3297 47.1221
198.3498 79.6261 78.5197 226.4164 41.2739 92.5938 67.9394 169.5910 75.4172 143.4967 0.0000 26.8269 133.0647 50.7284 125.0782 68.7847 67.9165 145.2462 172.0451 91.8539 130.5530 92.4685 20.0599 147.2663 215.9329 177.5966 78.4776
41.5673 164.8692 260.7736 132.4741 32.1183 138.7987 79.8753 26.2133 100.5522 149.0018 26.8269 0.0000 52.3653 132.4191 65.0276 30.8270 69.1251 99.7169 60.0902 65.2964 108.1091 62.3767 110.4820 104.7554 151.9891 59.7873 0.1034
5.2622 93.9299 111.5712 116.5883 99.2938 54.5473 118.2061 68.4156 115.5302 158.3943 133.0647 52.3653 0.0000 153.2251 129.6395 68.6222 100.3012 120.0011 124.7291 32.9484 40.4311 150.7855 63.8564 7.4279 194.2085 136.5098 68.9039
152.2928 54.3985 57.0854 144.8639 147.4068 81.3228 115.5450 31.5813 71.3703 23.2477 50.7284 132.4191 153.2251 0.0000 107.1571 131.6970 139.4593 158.1488 211.1306 91.2013 96.4240 88.2947 216.4058 39.9271 53.6727 217.0486 145.0562
76.9885 94.5649 171.1223 104.5605 71.9600 198.7040 72.1367 100.0098 123.0479 154.3001 125.0782 65.0276 129.6395 107.1571 0.0000 130.4243 78.2499 45.1379 140.1433 169.8392 200.5080 143.8232 82.9935 88.0254 26.9862 224.2402 156.6007
49.6142 192.7995 85.6121 69.9088 108.6602 114.8945 57.6871 111.1906 89.2399 127.4969 68.7847 30.8270 68.6222 131.6970 130.4243 0.0000 172.0917 87.1613 91.2198 127.9385 157.8090 143.1709 134.8892 113.2980 132.4391 89.1172 212.4919
35.0185 150.0459 70.5311 201.6915 74.4311 261.8841 96.7989 132.1854 67.5347 127.3557 67.9165 69.1251 100.3012 139.4593 78.2499 172.0917 0.0000 100.7177 77.8368 107.4709 107.7514 92.8906 55.0485 30.1509 159.5788 75.6756 6.0198
125.2530 76.7984 95.9378 145.2500 86.5154 104.7296 188.0988 138.6862 17.6180 40.5613 145.2462 99.7169 120.0011 158.1488 45.1379 87.1613 100.7177 0.0000 27.4185 210.5367 144.6051 15.8157 116.7763 30.4050 67.8182 42.5723 137.5047
179.0094 125.5879 126.9581 99.4670 26.6392 111.4865 188.2096 223.1791 43.2556 6.9244 172.0451 60.0902 124.7291 211.1306 140.1433 91.2198 77.8368 27.4185 0.0000 151.2076 50.3276 190.3259 169.8478 61.4179 141.4615 34.5479 138.9596
172.8173 122.4692 156.9262 109.4051 25.1335 117.5210 177.8018 166.3945 70.0494 146.8454 91.8539 65.2964 32.9484 91.2013 169.8392 127.9385 107.4709 210.5367 151.2076 0.0000 19.0032 183.1586 94.7554 219.6951 16.2990 35.6293 169.6520
135.6426 24.8835 135.5366 167.2038 70.0960 47.1124 204.6274 7.4764 99.2848 30.4289 130.5530 108.1091 40.4311 96.4240 200.5080 157.8090 107.7514 144.6051 50.3276 19.0032 0.0000 85.4307 133.9072 62.9189 183.5869 93.9914 107.8900
81.0643 121.3012 63.3355 159.7441 142.1754 16.1777 101.2803 82.7999 90.0602 66.7646 92.4685 62.3767 150.7855 88.2947 143.8232 143.1709 92.8906 15.8157 190.3259 183.1586 85.4307 0.0000 191.0307 54.3921 93.4482 9.3546 88.7087
97.8354 87.0864 199.0934 24.0773 109.3850 132.3983 55.5449 69.3418 12.9102 165.0513 20.0599 110.4820 63.8564 216.4058 82.9935 134.8892 55.0485 116.7763 169.8478 94.7554 133.9072 191.0307 0.0000 18.1097 106.2090 233.0031 66.5546
62.0817 40.4241 72.2278 76.2931 190.4533 187.3028 91.4033 51.9263 105.6315 93.6935 147.2663 104.7554 7.4279 39.9271 88.0254 113.2980 30.1509 30.4050 61.4179 219.6951 62.9189 54.3921 18.1097 0.0000 87.6390 56.1720 129.3814
153.9485 126.1421 108.2926 111.2457 72.5469 112.2085 151.5865 185.6998 65.7126 45.5464 215.9329 151.9891 194.2085 53.6727 26.9862 132.4391 159.5788 67.8182 141.4615 16.2990 183.5869 93.4482 106.2090 87.6390 0.0000 147.2536 98.8178
146.4123 70.2820 66.4118 26.5799 183.3508 197.0466 91.1401 181.4256 54.1038 44.3297 177.5966 59.7873 136.5098 217.0486 224.2402 89.1172 75.6756 42.5723 34.5479 35.6293 93.9914 9.3546 233.0031 56.1720 147.2536 0.0000 97.9500
124.5410 0.3735 95.6565 103.1513 7.1758 173.3761 106.0447 140.2166 49.9305 47.1221 78.4776 0.1034 68.9039 145.0562 156.6007 212.4919 6.0198 137.5047 138.9596 169.6520 107.8900 88.7087 66.5546 129.3814 98.8178 97.9500 0.0000
