27
0.0000 90.5185 135.1216 138.9141 175.3964 130.6309 147.1936 131.1507 146.1609 49.6303 67.6776 197.2532 124.2021 81.1966 160.4294 157.4253 114.2649 77.5731 228.4361 86.9731 164.1960 29.8037 19.3074 95.2817 125.9109 145.9510 174.3194
90.5185 0.0000 163.8128 173.8034 113.1951 101.3325 156.1397 140.2550 107.6594 184.7968 105.9416 115.7802 111.9455 16.0963 197.4990 123.1607 192.9934 83.6160 48.3561 119.5081 165.5002 89.9935 99.7594 160.9571 67.3099 133.5589 123.6806
135.1216 163.8128 0.0000 121.0629 183.1302 165.0078 67.1993 157.7537 168.9149 107.0831 65.3504 184.5787 43.1159 103.1851 50.5694 85.2346 18.2921 58.0284 26.0043 145.3252 76.2279 33.6357 236.7589 71.0061 136.0005 196.6801 37.4827
138.9141 173.8034 121.0629 0.0000 227.5481 79.4760 19.4276 259.4881 74.9578 66.5545 20.0202 41.0021 118.1493 102.3381 168.5698 149.9620 142.2675 146.8541 156.6015 43.5345 119.5852 208.1430 60.1978 90.1674 50.9581 206.1776 119.3666
175.3964 113.1951 183.1302 227.5481 0.0000 41.8336 163.5915 45.4048 58.0592 54.4800 243.2359 162.1917 223.2892 55.9152 116.8298 181.7590 101.5881 100.1542 152.7397 68.6332 266.9715 73.8384 66.5048 144.9679 166.7921 45.6314 130.6551
130.6309 101.3325 165.0078 79.4760 41.8336 0.0000 141.6254 114.9373 123.7466 89.0177 15.5693 194.4820 219.7368 97.6979 195.5408 71.0704 48.0074 223.1970 71.9539 142.0391 39.3750 170.4543 7.8725 123.9637 81.0587 144.3718 76.3349
147.1936 156.1397 67.1993 19.4276 163.5915 141.6254 0.0000 113.4779 92.6985 151.4901 186.2557 164.7113 57.5169 82.0667 160.2938 148.3206 44.2282 127.4020 248.8370 96.7263 101.2422 71.1213 83.0995 96.3874 150.3867 79.2008 11.6902
131.1507 140.2550 157.7537 259.4881 45.4048 114.9373 113.4779 0.0000 75.0352 200.3572 129.9403 84.4411 84.8627 95.0475 81.9735 190.7582 129.6327 39.3124 121.6447 181.0531 56.9318 61.2640 140.5398 56.7420 121.4979 248.3703 39.2791
146.1609 107.6594 168.9149 74.9578 58.0592 123.7466 92.6985 75.0352 0.0000 108.8596 196.7421 94.2374 66.0992 100.8701 192.0582 159.8383 227.8428 119.6186 80.6598 176.3840 123.2343 147.3836 81.0926 132.3479 133.7044 143.7645 130.2481
49.6303 184.7968 107.0831 66.5545 54.4800 89.0177 151.4901 200.3572 108.8596 0.0000 114.7682 46.6636 164.8606 45.4153 62.1521 18.6739 126.4524 98.7415 58.7423 35.3228 141.1021 160.1895 34.8916 90.5684 111.9079 37.0162 88.8022
67.6776 105.9416 65.3504 20.0202 243.2359 15.5693 186.2557 129.9403 196.7421 114.7682 0.0000 12.2472 105.3366 79.2182 46.1468 87.0240 62.7355 71.7008 154.8503 114.0826 199.7532 142.4728 281.1604 10.1415 113.9960 109.6103 57.7400
197.2532 115.7802 184.5787 41.0021 162.1917 194.4820 164.7113 84.4411 94.2374 46.6636 12.2472 0.0000 53.2048 47.0142 217.1025 131.5160 109.2849 103.3183 7.6220 112.9170 98.2372 63.6113 174.0273 96.7707 179.3205 253.4332 92.5226
124.2021 111.9455 43.1159 118.1493 223.2892 219.7368 57.5169 84.8627 66.0992 164.8606 105.3366 53.2048 0.0000 209.0343 149.1675 78.7143 43.0199 61.4390 105.0933 201.5831 223.3301 79.9377 187.8100 53.6556 168.3739 54.1409 126.7309
81.1966 16.0963 103.1851 102.3381 55.9152 97.6979 82.0667 95.0475 100.8701 45.4153 79.2182 47.0142 209.0343 0.0000 30.1079 187.9533 157.2379 124.9917 135.0022 93.3697 156.0518 121.2734 224.6649 143.3287 164.4872 124.6252 44.1709
160.4294 197.4990 50.5694 168.5698 116.8298 195.5408 160.2938 81.9735 192.0582 62.1521 46.1468 217.1025 149.1675 30.1079 0.0000 109.8587 138.9139 151.3736 102.3373 148.1608 103.8559 60.9998 58.6076 143.8879 179.9188 97.7631 104.8062
157.4253 123.1607 85.2346 149.9620 181.7590 71.0704 148.3206 190.7582 159.8383 18.6739 87.0240 131.5160 78.7143 187.9533 109.8587 0.0000 143.1408 114.5308 123.6978 11.8368 61.8774 99.7972 80.6210 217.6207 84.3939 92.1010 148.9742
114.2649 192.9934 18.2921 142.2675 101.5881 48.0074 44.2282 129.6327 227.8428 126.4524 62.7355 109.2849 43.0199 157.2379 138.9139 143.1408 0.0000 152.3541 118.4332 225.1853 221.5801 165.9234 160.9231 52.5062 224.0959 121.6569 201.2452
77.5731 83.6160 58.0284 146.8541 100.1542 223.1970 127.4020 39.3124 119.6186 98.7415 71.7008 103.3183 61.4390 124.9917 151.3736 114.5308 152.3541 0.0000 7.2246 125.5998 53.0552 18.2325 71.8979 145.0136 103.4317 108.0706 7.8320
228.4361 48.3561 26.0043 156.6015 152.7397 71.9539 248.8370 121.6447 80.6598 58.7423 154.8503 7.6220 105.0933 135.0022 102.3373 123.6978 118.4332 7.2246 0.0000 98.1098 69.1369 133.0799 82.3982 54.7936 95.3606 145.2180 136.3067
86.9731 119.5081 145.3252 43.5345 68.6332 142.0391 96.7263 181.0531 176.3840 35.3228 114.0826 112.9170 201.5831 93.3697 148.1608 11.8368 225.1853 125.5998 98.1098 0.0000 106.2736 93.5107 131.8489 35.9234 178.9460 141.1354 134.1238
164.1960 165.5002 76.2279 119.5852 266.9715 39.3750 101.2422 56.9318 123.2343 141.1021 199.7532 98.2372 223.3301 156.0518 103.8559 61.8774 221.5801 53.0552 69.1369 106.2736 0.0000 103.9901 220.6454 141.6169 94.2655 148.8771 35.5689
29.8037 89.9935 33.6357 208.1430 73.8384 170.4543 71.1213 61.2640 147.3836 160.1895 142.4728 63.6113 79.9377 121.2734 60.9998 99.7972 165.9234 18.2325 133.0799 93.5107 103.9901 0.0000 84.3217 149.7196 40.1227 150.7086 72.3835
19.3074 99.7594 236.7589 60.1978 66.5048 7.8725 83.0995 140.5398 81.0926 34.8916 281.1604 174.0273 187.8100 224.6649 58.6076 80.6210 160.9231 71.8979 82.3982 131.8489 220.6454 84.3217 0.0000 151.0203 134.3862 86.8371 146.0467
95.2817 160.9571 71.0061 90.1674 144.9679 123.9637 96.3874 56.7420 132.3479 90.5684 10.1415 96.7707 53.6556 143.3287 143.8879 217.6207 52.5062 145.0136 54.7936 35.9234 141.6169 149.7196 151.0203 0.0000 181.2939 145.2082 132.6668
125.9109 67.3099 136.0005 50.9581 166.7921 81.0587 150.3867 121.4979 133.7044 111.9079 113.9960 179.3205 168.3739 164.4872 179.9188 84.3939 224.0959 103.4317 95.3606 178.9460 94.2655 40.1227 134.3862 181.2939 0.0000 14.1081 152.1949
145.9510 133.5589 196.6801 206.1776 45.6314 144.3718 79.2008 248.3703 143.7645 37.0162 109.6103 253.4332 54.1409 124.6252 97.7631 92.1010 121.6569 108.0706 145.2180 141.1354 148.8771 150.7086 86.8371 145.2082 14.1081 0.0000 40.7831
174.3194 123.6806 37.4827 119.3666 130.6551 76.3349 11.6902 39.2791 130.2481 88.8022 57.7400 92.5226 126.7309 44.1709 104.8062 148.9742 201.2452 7.8320 136.3067 134.1238 35.5689 72.3835 146.0467 132.6668 152.1949 40.7831 0.0000
