27
0.0000 141.8442 162.8736 117.1065 123.9258 37.0729 65.9728 1.6595 14.8039 170.6971 180.8417 162.8705 47.2160 44.9656 137.1539 201.0514 201.0174 71.4135 81.3382 22.7112 107.8541 183.2186 11.3173 181.3689 48.6750 16.9485 34.5565
141.8442 0.0000 91.5775 121.7414 129.4818 66.6645 257.9238 40.2456 46.7565 128.4954 60.5300 113.2162 162.2472 39.1745 111.4386 38.4004 195.7233 179.6247 85.8355 66.5419 58.8411 151.1503 51.7014 20.4579 37.8733 17.4989 60.8405
162.8736 91.5775 0.0000 39.0535 114.7475 26.8550 81.4091 154.7769 11.2501 111.0224 87.5468 131.3831 135.4040 101.7639 40.2236 86.9588 110.6389 45.3836 159.0326 79.6210 90.4554 182.2741 48.1423 191.6358 79.4911 147.8248 86.6374
117.1065 121.7414 39.0535 0.0000 28.8467 131.6026 62.5408 191.5731 180.2116 53.8855 32.7888 71.1062 39.8728 208.0917 136.2316 137.1776 126.9678 97.8040 29.5910 63.7549 83.6105 167.0214 124.2940 252.4035 128.2280 128.3997 80.3190
123.9258 129.4818 114.7475 28.8467 0.0000 157.3131 49.6220 107.8729 211.4396 83.5868 23.3609 270.1924 70.2649 126.5457 89.1799 113.1455 167.3013 99.4304 187.2187 143.5712 21.4630 69.0495 91.4768 63.0967 151.3737 121.8944 99.6561
37.0729 66.6645 26.8550 131.6026 157.3131 0.0000 168.4424 7.5111 78.3760 77.4712 45.4260 59.1225 131.1097 139.3476 65.0192 177.2872 222.0799 69.0631 145.8543 125.0467 69.8692 39.4242 119.5201 156.2687 110.5135 86.2116 154.2533
65.9728 257.9238 81.4091 62.5408 49.6220 168.4424 0.0000 166.1631 102.5299 239.2491 226.3855 18.9537 178.6339 116.5130 88.6941 238.1344 142.3031 96.2339 119.0337 80.8474 68.8135 53.4044 158.4560 191.9210 153.8373 86.3862 104.3632
1.6595 40.2456 154.7769 191.5731 107.8729 7.5111 166.1631 0.0000 178.2006 288.2578 87.5614 80.4140 179.4446 151.5655 85.4503 82.3549 213.4147 81.6148 125.8133 93.2959 22.8277 157.5807 137.2775 220.1446 80.7286 149.8444 84.1400
14.8039 46.7565 11.2501 180.2116 211.4396 78.3760 102.5299 178.2006 0.0000 88.4538 45.7440 61.1340 119.1607 38.8787 150.4241 76.1258 92.1013 39.2144 92.9410 148.4027 100.9811 117.6208 46.2248 114.3349 78.1376 162.8070 147.0537
170.6971 128.4954 111.0224 53.8855 83.5868 77.4712 239.2491 288.2578 88.4538 0.0000 82.2216 32.7933 139.3876 53.1942 79.8955 210.3562 99.2641 171.4281 54.9967 64.6041 142.0720 112.7084 52.0630 107.5123 90.2632 135.7643 35.7086
180.8417 60.5300 87.5468 32.7888 23.3609 45.4260 226.3855 87.5614 45.7440 82.2216 0.0000 119.7864 141.7892 105.8463 110.2701 150.5051 132.8141 99.0265 173.8453 43.8189 62.8760 36.6215 86.5871 96.9213 115.3995 48.3516 84.5057
162.8705 113.2162 131.3831 71.1062 270.1924 59.1225 18.9537 80.4140 61.1340 32.7933 119.7864 0.0000 158.4250 115.5359 120.8368 129.8909 128.3311 194.5861 147.9808 59.5680 44.4826 160.0798 67.5797 113.9757 55.6023 58.9049 80.0397
47.2160 162.2472 135.4040 39.8728 70.2649 131.1097 178.6339 179.4446 119.1607 139.3876 141.7892 158.4250 0.0000 55.7490 35.8050 132.8065 138.7297 103.7911 17.4816 102.4109 97.8127 97.0031 5.4984 228.4023 74.4271 176.1647 122.6021
44.9656 39.1745 101.7639 208.0917 126.5457 139.3476 116.5130 151.5655 38.8787 53.1942 105.8463 115.5359 55.7490 0.0000 54.4037 52.5461 210.1739 82.1533 129.9539 21.1118 177.8900 139.8599 65.6670 118.3040 62.9122 113.9507 93.2234
137.1539 111.4386 40.2236 136.2316 89.1799 65.0192 88.6941 85.4503 150.4241 79.8955 110.2701 120.8368 35.8050 54.4037 0.0000 61.1943 105.6322 95.9660 83.4695 194.7378 126.3433 94.5587 162.5627 3.4631 28.8480 130.8099 93.1191
201.0514 38.4004 86.9588 137.1776 113.1455 177.2872 238.1344 82.3549 76.1258 210.3562 150.5051 129.8909 132.8065 52.5461 61.1943 0.0000 81.8357 11.2793 155.4490 57.9584 192.6698 2.5505 107.8912 104.3628 149.0970 16.0126 53.3115
201.0174 195.7233 110.6389 126.9678 167.3013 222.0799 142.3031 213.4147 92.1013 99.2641 132.8141 128.3311 138.7297 210.1739 105.6322 81.8357 0.0000 46.3478 210.7215 31.0843 54.2587 105.1058 93.0209 141.9847 126.7012 124.7742 65.0687
71.4135 179.6247 45.3836 97.8040 99.4304 69.0631 96.2339 81.6148 39.2144 171.4281 99.0265 194.5861 103.7911 82.1533 95.9660 11.2793 46.3478 0.0000 135.0109 127.3931 92.0430 115.3447 50.7156 94.8687 73.7514 39.1422 58.6709
81.3382 85.8355 159.0326 29.5910 187.2187 145.8543 119.0337 125.8133 92.9410 54.9967 173.8453 147.9808 17.4816 129.9539 83.4695 155.4490 210.7215 135.0109 0.0000 126.0031 76.3730 43.5084 163.9647 57.9093 77.1802 81.9801 234.5157
22.7112 66.5419 79.6210 63.7549 143.5712 125.0467 80.8474 93.2959 148.4027 64.6041 43.8189 59.5680 102.4109 21.1118 194.7378 57.9584 31.0843 127.3931 126.0031 0.0000 175.5747 168.3224 87.8815 102.3593 76.6476 56.6392 106.6987
107.8541 58.8411 90.4554 83.6105 21.4630 69.8692 68.8135 22.8277 100.9811 142.0720 62.8760 44.4826 97.8127 177.8900 126.3433 192.6698 54.2587 92.0430 76.3730 175.5747 0.0000 103.1156 16.8207 87.3991 136.2596 60.8219 42.0956
183.2186 151.1503 182.2741 167.0214 69.0495 39.4242 53.4044 157.5807 117.6208 112.7084 36.6215 160.0798 97.0031 139.8599 94.5587 2.5505 105.1058 115.3447 43.5084 168.3224 103.1156 0.0000 76.7456 137.0044 49.7007 181.9829 65.3066
11.3173 51.7014 48.1423 124.2940 91.4768 119.5201 158.4560 137.2775 46.2248 52.0630 86.5871 67.5797 5.4984 65.6670 162.5627 107.8912 93.0209 50.7156 163.9647 87.8815 16.8207 76.7456 0.0000 26.3218 111.2099 25.4741 164.5730
181.3689 20.4579 191.6358 252.4035 63.0967 156.2687 191.9210 220.1446 114.3349 107.5123 96.9213 113.9757 228.4023 118.3040 3.4631 104.3628 141.9847 94.8687 57.9093 102.3593 87.3991 137.0044 26.3218 0.0000 103.1481 63.3035 85.2779
48.6750 37.8733 79.4911 128.2280 151.3737 110.5135 153.8373 80.7286 78.1376 90.2632 115.3995 55.6023 74.4271 62.9122 28.8480 149.0970 126.7012 73.7514 77.1802 76.6476 136.2596 49.7007 111.2099 103.1481 0.0000 113.9109 149.0885
16.9485 17.4989 147.8248 128.3997 121.8944 86.2116 86.3862 149.8444 162.8070 135.7643 48.3516 58.9049 176.1647 113.9507 130.8099 16.0126 124.7742 39.1422 81.9801 56.6392 60.8219 181.9829 25.4741 63.3035 113.9109 0.0000 130.0231
34.5565 60.8405 86.6374 80.3190 99.6561 154.2533 104.3632 84.1400 147.0537 35.7086 84.5057 80.0397 122.6021 93.2234 93.1191 53.3115 65.0687 58.6709 234.5157 106.6987 42.0956 65.3066 164.5730 85.2779 149.0885 130.0231 0.0000
