27
0.0000 126.7850 180.6460 141.1827 125.0382 3.6415 152.0113 30.5938 65.2116 100.7636 72.1189 2.7525 130.4599 77.2628 124.2907 112.2360 155.3868 40.9885 61.8110 148.3959 104.3189 28.9972 89.0264 82.4732 138.9277 70.5051 39.1680
126.7850 0.0000 71.2479 174.2074 92.1314 171.9424 170.9955 111.2283 199.7726 153.9266 76.6173 159.0188 147.0688 182.9044 55.2480 140.7626 99.2875 107.4003 55.5543 62.1509 166.5987 124.5338 36.2534 53.6014 142.8490 15.2369 73.8551
180.6460 71.2479 0.0000 76.2929 9.3538 174.2474 104.1151 101.4700 97.6644 93.1850 204.0670 190.7357 14.7607 218.0999 11.1816 57.5194 94.3039 51.5038 84.1435 113.0306 133.3234 252.2142 71.0783 101.9851 192.1205 192.7751 83.3475
141.1827 174.2074 76.2929 0.0000 116.4512 122.0160 38.5574 91.2823 173.4871 124.9975 168.5614 170.3885 125.7135 84.1891 99.9761 134.5759 61.0612 64.3672 176.8236 141.4994 60.2839 63.2366 86.4611 24.1375 62.4859 28.0009 95.5146
125.0382 92.1314 9.3538 116.4512 0.0000 132.0813 51.9028 53.7935 148.5400 183.1075 57.6670 69.3786 175.4120 94.8456 115.6547 72.4922 60.8411 124.8881 105.8056 96.0235 160.2406 119.5148 55.8693 67.1048 75.1838 137.3289 68.6597
3.6415 171.9424 174.2474 122.0160 132.0813 0.0000 75.1465 165.6345 56.9472 103.8622 169.2498 19.0972 25.2712 63.1399 123.7814 263.6074 37.6779 127.7567 95.3894 148.7730 160.1521 83.6830 219.9100 80.6737 70.2171 43.4881 152.7035
152.0113 170.9955 104.1151 38.5574 51.9028 75.1465 0.0000 102.0103 67.1290 124.3325 64.1907 124.6410 108.0719 162.5512 175.2732 37.4320 125.5830 151.6767 29.8519 7.2968 171.4010 41.2214 148.2907 36.1437 276.8370 93.6852 74.2541
30.5938 111.2283 101.4700 91.2823 53.7935 165.6345 102.0103 0.0000 16.6898 54.2707 87.0771 108.5677 55.7255 119.4220 22.6570 89.0100 118.3163 137.0776 98.0316 97.4745 37.6186 214.1850 161.6013 138.5847 14.6049 152.4218 144.1249
65.2116 199.7726 97.6644 173.4871 148.5400 56.9472 67.1290 16.6898 0.0000 42.4791 46.3227 205.3224 128.6894 65.8118 58.4841 206.2736 79.5560 41.1727 27.8024 104.5430 34.4703 136.4551 118.4732 75.2653 199.1562 79.7276 33.0120
100.7636 153.9266 93.1850 124.9975 183.1075 103.8622 124.3325 54.2707 42.4791 0.0000 131.2231 228.5401 89.8322 54.6782 141.7418 143.6869 11.6133 164.8046 104.9230 67.9852 136.8928 80.5582 120.7642 140.5363 74.6969 102.8717 171.0024
72.1189 76.6173 204.0670 168.5614 57.6670 169.2498 64.1907 87.0771 46.3227 131.2231 0.0000 164.9784 115.4478 128.6697 116.5677 97.6955 49.3148 78.3882 39.8341 187.2893 99.2555 143.3664 83.6089 117.0364 158.2510 61.3932 53.6792
2.7525 159.0188 190.7357 170.3885 69.3786 19.0972 124.6410 108.5677 205.3224 228.5401 164.9784 0.0000 100.7576 62.4745 95.6606 34.4564 66.2434 1.7007 166.4503 89.4386 81.5722 68.5111 60.7907 117.3327 6.6413 52.9626 107.8499
130.4599 147.0688 14.7607 125.7135 175.4120 25.2712 108.0719 55.7255 128.6894 89.8322 115.4478 100.7576 0.0000 81.7544 25.5142 138.0354 41.3588 207.7524 146.3431 251.2441 141.4158 42.6657 32.8503 110.4069 88.4900 98.0670 135.7490
77.2628 182.9044 218.0999 84.1891 94.8456 63.1399 162.5512 119.4220 65.8118 54.6782 128.6697 62.4745 81.7544 0.0000 33.4095 6.1464 143.9757 132.2789 165.0758 197.2817 97.1853 96.6705 48.3534 102.3710 44.2035 153.6821 138.1411
124.2907 55.2480 11.1816 99.9761 115.6547 123.7814 175.2732 22.6570 58.4841 141.7418 116.5677 95.6606 25.5142 33.4095 0.0000 160.6545 133.9146 34.4552 102.7490 78.4643 196.4293 140.8092 155.8513 178.0871 62.5364 121.0258 110.6889
112.2360 140.7626 57.5194 134.5759 72.4922 263.6074 37.4320 89.0100 206.2736 143.6869 97.6955 34.4564 138.0354 6.1464 160.6545 0.0000 164.7930 59.7386 155.0863 197.3597 120.6966 204.6728 159.2667 104.3103 59.1463 129.1188 156.7560
155.3868 99.2875 94.3039 61.0612 60.8411 37.6779 125.5830 118.3163 79.5560 11.6133 49.3148 66.2434 41.3588 143.9757 133.9146 164.7930 0.0000 106.3774 214.2200 149.0682 90.9470 211.1958 112.5875 93.7987 59.3325 106.0890 64.0429
40.9885 107.4003 51.5038 64.3672 124.8881 127.7567 151.6767 137.0776 41.1727 164.8046 78.3882 1.7007 207.7524 132.2789 34.4552 59.7386 106.3774 0.0000 108.1809 57.2584 95.9017 49.0600 67.0054 126.3223 85.6643 100.2270 113.4526
61.8110 55.5543 84.1435 176.8236 105.8056 95.3894 29.8519 98.0316 27.8024 104.9230 39.8341 166.4503 146.3431 165.0758 102.7490 155.0863 214.2200 108.1809 0.0000 53.0254 116.0614 120.6849 183.2454 57.3223 18.1628 132.6489 159.6962
148.3959 62.1509 113.0306 141.4994 96.0235 148.7730 7.2968 97.4745 104.5430 67.9852 187.2893 89.4386 251.2441 197.2817 78.4643 197.3597 149.0682 57.2584 53.0254 0.0000 78.5979 222.2355 95.3885 237.5319 47.3102 91.0285 92.8551
104.3189 166.5987 133.3234 60.2839 160.2406 160.1521 171.4010 37.6186 34.4703 136.8928 99.2555 81.5722 141.4158 97.1853 196.4293 120.6966 90.9470 95.9017 116.0614 78.5979 0.0000 104.2769 18.6056 95.3294 168.9108 25.0922 73.2495
28.9972 124.5338 252.2142 63.2366 119.5148 83.6830 41.2214 214.1850 136.4551 80.5582 143.3664 68.5111 42.6657 96.6705 140.8092 204.6728 211.1958 49.0600 120.6849 222.2355 104.2769 0.0000 36.3843 189.2670 62.7348 146.2738 100.8948
89.0264 36.2534 71.0783 86.4611 55.8693 219.9100 148.2907 161.6013 118.4732 120.7642 83.6089 60.7907 32.8503 48.3534 155.8513 159.2667 112.5875 67.0054 183.2454 95.3885 18.6056 36.3843 0.0000 50.9685 238.5464 65.9198 104.0795
82.4732 53.6014 101.9851 24.1375 67.1048 80.6737 36.1437 138.5847 75.2653 140.5363 117.0364 117.3327 110.4069 102.3710 178.0871 104.3103 93.7987 126.3223 57.3223 237.5319 95.3294 189.2670 50.9685 0.0000 132.1415 121.7070 200.6898
138.9277 142.8490 192.1205 62.4859 75.1838 70.2171 276.8370 14.6049 199.1562 74.6969 158.2510 6.6413 88.4900 44.2035 62.5364 59.1463 59.3325 85.6643 18.1628 47.3102 168.9108 62.7348 238.5464 132.1415 0.0000 216.4107 85.8080
70.5051 15.2369 192.7751 28.0009 137.3289 43.4881 93.6852 152.4218 79.7276 102.8717 61.3932 52.9626 98.0670 153.6821 121.0258 129.1188 106.0890 100.2270 132.6489 91.0285 25.0922 146.2738 65.9198 121.7070 216.4107 0.0000 205.8740
39.1680 73.8551 83.3475 95.5146 68.6597 152.7035 74.2541 144.1249 33.0120 171.0024 53.6792 107.8499 135.7490 138.1411 110.6889 156.7560 64.0429 113.4526 159.6962 92.8551 73.2495 100.8948 104.0795 200.6898 85.8080 205.8740 0.0000
