27
0.0000 148.3841 33.9669 133.9002 203.1900 146.4051 252.5160 87.7936 107.1920 172.5507 132.4896 145.9133 155.3687 71.9070 107.9113 99.5529 57.9551 194.7083 115.4052 182.5931 83.6330 64.3204 95.7599 40.8770 57.6762 149.7595 23.4589
148.3841 0.0000 177.5849 11.0742 15.1826 36.5366 38.5547 113.3056 83.0563 78.2464 149.4482 213.5301 115.6938 132.4322 7.0015 153.1941 90.9422 30.6881 196.0583 145.4284 166.1385 157.1924 217.3875 107.5317 96.3103 45.2625 63.4701
33.9669 177.5849 0.0000 53.1286 146.1432 157.1135 198.5034 115.6717 175.3702 114.8689 24.7350 142.8997 82.9725 79.0368 144.2332 59.1036 110.6235 93.1188 96.8988 44.1484 0.4329 146.0483 125.9729 78.6447 148.8164 210.2554 69.0861
133.9002 11.0742 53.1286 0.0000 108.8009 85.1866 151.0894 127.6279 102.3427 72.6931 128.5679 157.9041 150.3430 29.1411 157.7299 38.9898 146.0291 71.7442 11.8679 82.8380 17.0027 148.8607 163.5447 65.6044 108.3100 97.4252 86.3740
203.1900 15.1826 146.1432 108.8009 0.0000 103.4333 62.5293 111.9255 89.0129 93.4246 130.1144 73.0845 83.6691 137.7956 91.4054 193.7428 53.1459 114.7285 26.5188 109.1305 124.6837 71.6601 83.2644 183.4433 87.0340 128.5787 99.7096
146.4051 36.5366 157.1135 85.1866 103.4333 0.0000 148.3475 42.8565 212.3748 68.0388 119.6696 49.3733 24.5976 165.1547 47.0063 86.7140 75.6111 212.4281 171.3874 110.7824 51.8957 107.8443 75.7797 177.8028 123.0330 39.2275 244.2281
252.5160 38.5547 198.5034 151.0894 62.5293 148.3475 0.0000 100.7823 106.8148 136.9397 138.5870 82.5189 141.4814 68.0740 102.4099 183.4969 188.7594 43.3458 18.6849 211.7614 55.8277 154.8181 154.6211 117.1410 153.6940 99.5284 118.5558
87.7936 113.3056 115.6717 127.6279 111.9255 42.8565 100.7823 0.0000 52.3652 205.9866 112.2693 77.9435 143.9668 56.1542 164.2377 129.3439 220.5209 114.2567 38.4624 114.2880 81.3417 149.4152 63.7992 83.4869 91.2426 109.2621 111.5577
107.1920 83.0563 175.3702 102.3427 89.0129 212.3748 106.8148 52.3652 0.0000 105.5010 73.2805 83.5237 110.3202 38.9917 94.8055 198.1222 161.5870 39.7307 102.8475 82.6051 82.7389 137.5929 121.8491 135.5381 133.0521 76.0652 52.2940
172.5507 78.2464 114.8689 72.6931 93.4246 68.0388 136.9397 205.9866 105.5010 0.0000 59.5263 77.3620 61.5040 165.1511 134.1246 91.9056 162.6550 115.4278 60.9305 118.2562 117.6058 164.1989 108.9793 174.9168 118.0224 70.6374 129.9223
132.4896 149.4482 24.7350 128.5679 130.1144 119.6696 138.5870 112.2693 73.2805 59.5263 0.0000 143.3613 91.7191 77.1611 143.4397 170.1820 135.8466 82.2335 35.3207 136.0287 57.6485 93.8639 166.9239 118.4339 123.5520 130.1710 146.4007
145.9133 213.5301 142.8997 157.9041 73.0845 49.3733 82.5189 77.9435 83.5237 77.3620 143.3613 0.0000 88.2411 174.1148 112.0261 66.1886 126.3863 15.9313 163.4255 31.6160 117.6434 44.1273 105.5951 106.3585 57.9646 7.2328 61.2719
155.3687 115.6938 82.9725 150.3430 83.6691 24.5976 141.4814 143.9668 110.3202 61.5040 91.7191 88.2411 0.0000 106.5415 100.2151 19.6342 55.4534 47.6861 219.1864 58.2037 50.5125 91.7893 182.9525 70.3259 82.5531 144.0258 181.2231
71.9070 132.4322 79.0368 29.1411 137.7956 165.1547 68.0740 56.1542 38.9917 165.1511 77.1611 174.1148 106.5415 0.0000 75.6707 74.1690 87.6675 143.7475 38.3831 117.7975 118.7588 137.1190 57.9326 94.7442 134.9352 4.8898 99.6420
107.9113 7.0015 144.2332 157.7299 91.4054 47.0063 102.4099 164.2377 94.8055 134.1246 143.4397 112.0261 100.2151 75.6707 0.0000 128.7616 240.6445 36.0794 73.6916 93.4531 76.4389 126.0215 162.6341 144.4667 171.7115 157.1952 94.8271
99.5529 153.1941 59.1036 38.9898 193.7428 86.7140 183.4969 129.3439 198.1222 91.9056 170.1820 66.1886 19.6342 74.1690 128.7616 0.0000 110.6199 181.2594 56.8295 223.8801 92.0975 183.5461 43.5101 25.2790 99.7055 129.2795 178.8113
57.9551 90.9422 110.6235 146.0291 53.1459 75.6111 188.7594 220.5209 161.5870 162.6550 135.8466 126.3863 55.4534 87.6675 240.6445 110.6199 0.0000 103.4704 84.2584 117.1890 125.1956 31.6983 51.4456 26.0156 139.5057 83.8753 98.0748
194.7083 30.6881 93.1188 71.7442 114.7285 212.4281 43.3458 114.2567 39.7307 115.4278 82.2335 15.9313 47.6861 143.7475 36.0794 181.2594 103.4704 0.0000 110.0307 164.5074 72.9318 39.7601 101.8153 127.4537 7.4291 92.1597 219.0494
115.4052 196.0583 96.8988 11.8679 26.5188 171.3874 18.6849 38.4624 102.8475 60.9305 35.3207 163.4255 219.1864 38.3831 73.6916 56.8295 84.2584 110.0307 0.0000 44.7298 166.3490 99.5104 167.2888 107.1463 102.5471 128.8270 275.6974
182.5931 145.4284 44.1484 82.8380 109.1305 110.7824 211.7614 114.2880 82.6051 118.2562 136.0287 31.6160 58.2037 117.7975 93.4531 223.8801 117.1890 164.5074 44.7298 0.0000 56.3933 158.3165 63.2594 37.2076 149.3381 99.2108 87.2692
83.6330 166.1385 0.4329 17.0027 124.6837 51.8957 55.8277 81.3417 82.7389 117.6058 57.6485 117.6434 50.5125 118.7588 76.4389 92.0975 125.1956 72.9318 166.3490 56.3933 0.0000 76.7270 250.7798 67.9164 214.8268 50.6823 104.5050
64.3204 157.1924 146.0483 148.8607 71.6601 107.8443 154.8181 149.4152 137.5929 164.1989 93.8639 44.1273 91.7893 137.1190 126.0215 183.5461 31.6983 39.7601 99.5104 158.3165 76.7270 0.0000 69.0346 151.5244 7.8391 4.2977 0.5349
95.7599 217.3875 125.9729 163.5447 83.2644 75.7797 154.6211 63.7992 121.8491 108.9793 166.9239 105.5951 182.9525 57.9326 162.6341 43.5101 51.4456 101.8153 167.2888 63.2594 250.7798 69.0346 0.0000 51.7798 142.3631 60.6427 60.5363
40.8770 107.5317 78.6447 65.6044 183.4433 177.8028 117.1410 83.4869 135.5381 174.9168 118.4339 106.3585 70.3259 94.7442 144.4667 25.2790 26.0156 127.4537 107.1463 37.2076 67.9164 151.5244 51.7798 0.0000 171.1695 60.0707 168.0352
57.6762 96.3103 148.8164 108.3100 87.0340 123.0330 153.6940 91.2426 133.0521 118.0224 123.5520 57.9646 82.5531 134.9352 171.7115 99.7055 139.5057 7.4291 102.5471 149.3381 214.8268 7.8391 142.3631 171.1695 0.0000 83.1703 125.1211
149.7595 45.2625 210.2554 97.4252 128.5787 39.2275 99.5284 109.2621 76.0652 70.6374 130.1710 7.2328 144.0258 4.8898 157.1952 129.2795 83.8753 92.1597 128.8270 99.2108 50.6823 4.2977 60.6427 60.0707 83.1703 0.0000 121.5926
23.4589 63.4701 69.0861 86.3740 99.7096 244.2281 118.5558 111.5577 52.2940 129.9223 146.4007 61.2719 181.2231 99.6420 94.8271 178.8113 98.0748 219.0494 275.6974 87.2692 104.5050 0.5349 60.5363 168.0352 125.1211 121.5926 0.0000
