27
0.0000 144.8878 223.6786 55.8203 144.9639 99.2398 131.4789 117.7165 58.8807 133.8811 97.6929 158.3296 9.3283 145.7150 58.2627 133.3134 100.4134 132.4530 44.7305 122.1351 42.3965 33.6650 34.7012 100.0008 40.0368 117.9494 135.3030
144.8878 0.0000 37.5091 112.5484 43.9859 8.7879 108.6153 109.5847 147.3882 64.5704 154.9769 141.6781 56.6667 141.0630 95.0551 95.7582 83.5775 54.7865 85.7181 80.1756 126.4687 52.4530 168.2010 105.8483 45.6998 178.5763 36.7069
223.6786 37.5091 0.0000 102.5591 3.1578 92.3552 29.6248 219.7208 130.2719 124.0831 204.5424 113.8034 59.9113 216.2723 153.5038 34.3609 104.1763 144.2890 119.2874 61.2988 218.0122 152.2209 77.0384 140.2481 87.0091 77.0362 150.4009
55.8203 112.5484 102.5591 0.0000 183.2289 66.9008 25.9301 94.3998 95.3212 187.2928 132.8389 98.5842 110.5705 136.0377 142.0005 132.3657 70.4701 126.4653 100.4036 257.4683 108.3336 171.2483 134.2336 90.4408 123.1531 13.7155 82.9241
144.9639 43.9859 3.1578 183.2289 0.0000 62.6575 17.8213 115.8837 79.4405 15.8539 39.7139 153.4844 132.2681 52.3084 144.4943 127.6635 67.5438 76.6743 77.1810 157.5292 204.3515 174.6204 153.0455 54.4899 89.1601 62.0023 65.4322
99.2398 8.7879 92.3552 66.9008 62.6575 0.0000 27.8004 169.5162 86.7707 133.3323 160.0525 89.6422 158.0110 152.5707 146.0360 183.8811 175.1504 111.4852 132.3936 69.1915 114.2759 116.4593 0.5333 227.5678 69.6713 59.7564 149.9260
131.4789 108.6153 29.6248 25.9301 17.8213 27.8004 0.0000 169.4663 192.7885 84.0876 29.5612 162.3742 86.2565 113.9217 140.7926 95.7537 56.2393 111.2006 204.2879 92.0446 96.3428 129.4227 172.6021 94.9856 2.4252 156.3378 116.2444
117.7165 109.5847 219.7208 94.3998 115.8837 169.5162 169.4663 0.0000 179.7713 19.4162 53.5454 192.1793 92.7809 111.6741 27.6523 141.7804 59.3857 153.7537 99.6482 159.4832 226.6154 123.5775 58.3730 99.0248 206.3063 169.8825 151.0711
58.8807 147.3882 130.2719 95.3212 79.4405 86.7707 192.7885 179.7713 0.0000 151.6402 140.2241 256.4022 81.2154 6.7087 186.7788 138.7398 88.3545 123.3288 162.8284 55.9540 172.8101 9.6475 146.8584 102.9125 126.4717 93.4365 24.8578
133.8811 64.5704 124.0831 187.2928 15.8539 133.3323 84.0876 19.4162 151.6402 0.0000 23.4836 135.6090 38.5345 170.9630 60.2058 152.1860 93.6404 54.4583 98.3934 198.5751 70.1153 128.5714 111.8763 142.7631 55.9689 179.7524 90.4445
97.6929 154.9769 204.5424 132.8389 39.7139 160.0525 29.5612 53.5454 140.2241 23.4836 0.0000 170.7246 109.3597 108.7355 148.9442 161.1143 128.2988 59.3598 121.7247 146.7575 158.5621 156.3280 120.0390 1.3233 104.7304 101.6792 118.5291
158.3296 141.6781 113.8034 98.5842 153.4844 89.6422 162.3742 192.1793 256.4022 135.6090 170.7246 0.0000 108.7095 109.0533 134.6992 140.1879 95.4546 82.9418 10.6911 31.9959 96.9351 84.8997 134.7688 90.8012 168.2236 21.4736 45.9227
9.3283 56.6667 59.9113 110.5705 132.2681 158.0110 86.2565 92.7809 81.2154 38.5345 109.3597 108.7095 0.0000 18.3595 133.6424 177.2886 93.4278 42.1463 65.5882 183.3032 65.2762 88.6034 104.1158 83.1656 77.3474 102.4138 187.6404
145.7150 141.0630 216.2723 136.0377 52.3084 152.5707 113.9217 111.6741 6.7087 170.9630 108.7355 109.0533 18.3595 0.0000 123.7859 65.9475 95.3983 150.0053 131.8071 164.0110 87.1166 150.0669 124.5683 178.0474 97.5340 1.3546 76.7352
58.2627 95.0551 153.5038 142.0005 144.4943 146.0360 140.7926 27.6523 186.7788 60.2058 148.9442 134.6992 133.6424 123.7859 0.0000 230.9475 61.4353 104.8235 153.8515 145.8892 107.3260 74.2161 88.9544 229.8263 49.7782 56.0661 132.6279
133.3134 95.7582 34.3609 132.3657 127.6635 183.8811 95.7537 141.7804 138.7398 152.1860 161.1143 140.1879 177.2886 65.9475 230.9475 0.0000 176.9715 234.5017 139.6984 15.8632 190.8531 130.3647 208.9098 248.9557 63.9469 176.7212 68.5218
100.4134 83.5775 104.1763 70.4701 67.5438 175.1504 56.2393 59.3857 88.3545 93.6404 128.2988 95.4546 93.4278 95.3983 61.4353 176.9715 0.0000 105.9508 186.9934 214.2289 190.0061 149.0863 103.8827 108.7116 34.8208 76.0711 142.7934
132.4530 54.7865 144.2890 126.4653 76.6743 111.4852 111.2006 153.7537 123.3288 54.4583 59.3598 82.9418 42.1463 150.0053 104.8235 234.5017 105.9508 0.0000 96.8994 156.0878 76.7707 147.1236 51.2397 160.6525 138.9977 56.5182 168.4315
44.7305 85.7181 119.2874 100.4036 77.1810 132.3936 204.2879 99.6482 162.8284 98.3934 121.7247 10.6911 65.5882 131.8071 153.8515 139.6984 186.9934 96.8994 0.0000 54.1941 86.3559 155.8035 176.1107 28.7846 114.2949 144.7808 61.0575
122.1351 80.1756 61.2988 257.4683 157.5292 69.1915 92.0446 159.4832 55.9540 198.5751 146.7575 31.9959 183.3032 164.0110 145.8892 15.8632 214.2289 156.0878 54.1941 0.0000 109.1185 182.2619 75.7464 69.7238 45.1742 38.4890 93.2197
42.3965 126.4687 218.0122 108.3336 204.3515 114.2759 96.3428 226.6154 172.8101 70.1153 158.5621 96.9351 65.2762 87.1166 107.3260 190.8531 190.0061 76.7707 86.3559 109.1185 0.0000 112.2775 142.4124 72.0768 180.4249 131.2018 84.1012
33.6650 52.4530 152.2209 171.2483 174.6204 116.4593 129.4227 123.5775 9.6475 128.5714 156.3280 84.8997 88.6034 150.0669 74.2161 130.3647 149.0863 147.1236 155.8035 182.2619 112.2775 0.0000 83.7686 55.1263 67.9560 140.9211 96.3461
34.7012 168.2010 77.0384 134.2336 153.0455 0.5333 172.6021 58.3730 146.8584 111.8763 120.0390 134.7688 104.1158 124.5683 88.9544 208.9098 103.8827 51.2397 176.1107 75.7464 142.4124 83.7686 0.0000 89.4832 127.1926 132.4224 50.7023
100.0008 105.8483 140.2481 90.4408 54.4899 227.5678 94.9856 99.0248 102.9125 142.7631 1.3233 90.8012 83.1656 178.0474 229.8263 248.9557 108.7116 160.6525 28.7846 69.7238 72.0768 55.1263 89.4832 0.0000 149.6582 6.0506 28.6046
40.0368 45.6998 87.0091 123.1531 89.1601 69.6713 2.4252 206.3063 126.4717 55.9689 104.7304 168.2236 77.3474 97.5340 49.7782 63.9469 34.8208 138.9977 114.2949 45.1742 180.4249 67.9560 127.1926 149.6582 0.0000 113.8707 162.0853
117.9494 178.5763 77.0362 13.7155 62.0023 59.7564 156.3378 169.8825 93.4365 179.7524 101.6792 21.4736 102.4138 1.3546 56.0661 176.7212 76.0711 56.5182 144.7808 38.4890 131.2018 140.9211 132.4224 6.0506 113.8707 0.0000 92.8811
135.3030 36.7069 150.4009 82.9241 65.4322 149.9260 116.2444 151.0711 24.8578 90.4445 118.5291 45.9227 187.6404 76.7352 132.6279 68.5218 142.7934 168.4315 61.0575 93.2197 84.1012 96.3461 50.7023 28.6046 162.0853 92.8811 0.0000
