27
0.0000 115.2490 138.6686 63.5594 110.2143 63.1775 160.5526 69.9678 70.5219 203.6771 133.4403 47.5738 63.9678 148.7891 26.8468 20.5852 210.1427 92.5054 44.5752 70.9706 71.8084 71.5292 124.8094 110.9248 97.1823 122.4956 118.6027
115.2490 0.0000 58.9692 135.9740 93.7126 36.1688 31.1250 236.2488 65.6721 154.7747 80.8630 86.0170 89.5767 39.9050 17.6163 41.3571 235.6608 95.5959 87.9633 105.7367 135.8103 128.4219 58.9785 92.2425 242.7216 99.9253 105.3572
138.6686 58.9692 0.0000 114.1284 76.7820 174.0019 131.9764 129.7467 108.5465 95.9665 141.6143 76.4341 68.3380 66.1278 16.2540 72.4972 130.7673 127.9848 183.2001 41.7123 86.0214 127.5781 99.1055 113.6649 148.7831 58.9577 123.8958
63.5594 135.9740 114.1284 0.0000 132.2160 120.6587 158.3118 200.7498 176.2295 12.7237 81.8723 212.2125 81.1873 117.5755 137.9476 249.6181 60.8149 49.1883 121.9693 54.0481 80.8665 139.3262 135.6712 41.3566 6.3413 192.5585 25.6752
110.2143 93.7126 76.7820 132.2160 0.0000 149.6167 72.2034 77.3517 119.4719 62.2038 68.0185 56.7809 55.8014 155.1670 112.0676 154.6924 104.5744 30.2854 124.2549 169.5302 124.2248 171.7432 152.4715 155.2574 43.4240 125.8190 69.2533
63.1775 36.1688 174.0019 120.6587 149.6167 0.0000 17.5483 88.6194 114.0067 110.0927 171.0457 105.5021 206.9969 46.8941 119.3197 63.9939 10.8190 11.2527 110.9491 114.6251 103.5982 0.8254 86.5580 60.2099 134.9194 77.0284 165.4182
160.5526 31.1250 131.9764 158.3118 72.2034 17.5483 0.0000 79.5791 91.4330 112.1260 127.3830 219.3402 237.9800 99.8702 157.2473 154.4589 159.7532 156.0038 170.7623 88.5108 81.9124 144.5022 6.9014 104.0347 19.7050 93.2634 102.0019
69.9678 236.2488 129.7467 200.7498 77.3517 88.6194 79.5791 0.0000 176.8385 57.6081 193.9435 58.3540 121.1865 169.8988 76.7131 127.5399 152.6703 167.2380 80.6823 105.7543 25.1963 9.6574 41.6266 90.3551 179.1731 9.6782 108.3420
70.5219 65.6721 108.5465 176.2295 119.4719 114.0067 91.4330 176.8385 0.0000 65.0619 125.4989 18.8786 125.4682 86.6946 230.0295 92.0057 121.5920 112.5809 23.0141 102.6402 95.8626 78.6154 114.3592 149.2255 126.0771 45.0223 24.5831
203.6771 154.7747 95.9665 12.7237 62.2038 110.0927 112.1260 57.6081 65.0619 0.0000 118.3413 185.8677 24.1347 30.7876 111.1138 198.3362 45.4072 44.2963 89.8467 136.2656 97.6786 68.8465 84.2690 96.6604 117.9088 171.3532 58.7894
133.4403 80.8630 141.6143 81.8723 68.0185 171.0457 127.3830 193.9435 125.4989 118.3413 0.0000 116.2846 47.3979 76.9896 94.8321 170.7950 131.8448 124.5367 107.8403 179.8130 104.9166 126.3000 109.2410 62.5359 105.5769 77.7655 102.7870
47.5738 86.0170 76.4341 212.2125 56.7809 105.5021 219.3402 58.3540 18.8786 185.8677 116.2846 0.0000 169.0268 79.2309 47.7359 52.8321 4.8006 147.9190 167.9404 138.7570 3.1867 147.5573 129.8852 219.2630 64.2103 108.0788 41.5075
63.9678 89.5767 68.3380 81.1873 55.8014 206.9969 237.9800 121.1865 125.4682 24.1347 47.3979 169.0268 0.0000 89.1382 68.6902 54.6936 158.9601 190.1819 159.3000 114.0975 8.4081 77.0639 83.3695 103.9737 26.7237 42.3294 201.3188
148.7891 39.9050 66.1278 117.5755 155.1670 46.8941 99.8702 169.8988 86.6946 30.7876 76.9896 79.2309 89.1382 0.0000 233.1511 95.4804 139.5134 154.7667 12.3512 117.6184 124.8887 135.1836 169.8366 67.8890 61.9140 81.5920 77.4034
26.8468 17.6163 16.2540 137.9476 112.0676 119.3197 157.2473 76.7131 230.0295 111.1138 94.8321 47.7359 68.6902 233.1511 0.0000 56.2402 15.5063 75.7314 71.9576 103.0043 213.5427 24.7767 63.9245 28.5036 80.9937 135.1070 11.5142
20.5852 41.3571 72.4972 249.6181 154.6924 63.9939 154.4589 127.5399 92.0057 198.3362 170.7950 52.8321 54.6936 95.4804 56.2402 0.0000 191.9886 153.9702 112.1989 92.9924 191.2684 13.3451 94.2842 77.6655 94.3502 123.4447 154.0585
210.1427 235.6608 130.7673 60.8149 104.5744 10.8190 159.7532 152.6703 121.5920 45.4072 131.8448 4.8006 158.9601 139.5134 15.5063 191.9886 0.0000 103.2401 60.0537 25.5653 74.4276 84.5311 80.6922 128.2470 68.5748 16.7793 240.2411
92.5054 95.5959 127.9848 49.1883 30.2854 11.2527 156.0038 167.2380 112.5809 44.2963 124.5367 147.9190 190.1819 154.7667 75.7314 153.9702 103.2401 0.0000 47.5017 129.9152 109.8400 78.0926 103.4017 117.7693 116.9170 125.0004 109.6820
44.5752 87.9633 183.2001 121.9693 124.2549 110.9491 170.7623 80.6823 23.0141 89.8467 107.8403 167.9404 159.3000 12.3512 71.9576 112.1989 60.0537 47.5017 0.0000 12.8859 82.5792 95.7352 185.1438 91.1417 60.6305 119.1116 119.2205
70.9706 105.7367 41.7123 54.0481 169.5302 114.6251 88.5108 105.7543 102.6402 136.2656 179.8130 138.7570 114.0975 117.6184 103.0043 92.9924 25.5653 129.9152 12.8859 0.0000 137.7010 20.3968 104.9173 151.2630 23.7806 169.3852 148.1363
71.8084 135.8103 86.0214 80.8665 124.2248 103.5982 81.9124 25.1963 95.8626 97.6786 104.9166 3.1867 8.4081 124.8887 213.5427 191.2684 74.4276 109.8400 82.5792 137.7010 0.0000 64.2177 116.1215 49.7500 34.4715 217.6945 103.2960
71.5292 128.4219 127.5781 139.3262 171.7432 0.8254 144.5022 9.6574 78.6154 68.8465 126.3000 147.5573 77.0639 135.1836 24.7767 13.3451 84.5311 78.0926 95.7352 20.3968 64.2177 0.0000 175.3695 49.4420 154.7735 163.9622 6.1649
124.8094 58.9785 99.1055 135.6712 152.4715 86.5580 6.9014 41.6266 114.3592 84.2690 109.2410 129.8852 83.3695 169.8366 63.9245 94.2842 80.6922 103.4017 185.1438 104.9173 116.1215 175.3695 0.0000 131.2862 114.8067 111.2135 93.6572
110.9248 92.2425 113.6649 41.3566 155.2574 60.2099 104.0347 90.3551 149.2255 96.6604 62.5359 219.2630 103.9737 67.8890 28.5036 77.6655 128.2470 117.7693 91.1417 151.2630 49.7500 49.4420 131.2862 0.0000 65.5032 104.0808 141.3962
97.1823 242.7216 148.7831 6.3413 43.4240 134.9194 19.7050 179.1731 126.0771 117.9088 105.5769 64.2103 26.7237 61.9140 80.9937 94.3502 68.5748 116.9170 60.6305 23.7806 34.4715 154.7735 114.8067 65.5032 0.0000 59.2550 129.7555
122.4956 99.9253 58.9577 192.5585 125.8190 77.0284 93.2634 9.6782 45.0223 171.3532 77.7655 108.0788 42.3294 81.5920 135.1070 123.4447 16.7793 125.0004 119.1116 169.3852 217.6945 163.9622 111.2135 104.0808 59.2550 0.0000 147.5219
118.6027 105.3572 123.8958 25.6752 69.2533 165.4182 102.0019 108.3420 24.5831 58.7894 102.7870 41.5075 201.3188 77.4034 11.5142 154.0585 240.2411 109.6820 119.2205 148.1363 103.2960 6.1649 93.6572 141.3962 129.7555 147.5219 0.0000
