24
0.0000 69.9476 160.5708 136.8924 96.3874 155.8379 131.0086 107.5360 50.9991 95.6453 81.6521 113.6615 96.2407 84.6147 26.4082 139.7512 184.9279 153.9548 67.4840 41.5919 94.0453 94.8002 204.3876 55.9531
69.9476 0.0000 147.2460 113.0591 54.6200 112.9480 44.7695 116.2691 48.1003 118.0450 100.4533 89.2531 150.1238 37.8178 150.8733 191.5783 13.2076 124.1447 118.5409 135.3987 110.1581 90.1285 33.1544 45.7835
160.5708 147.2460 0.0000 130.1363 70.2119 174.9901 14.3918 61.7374 42.9567 110.9882 94.0390 155.8939 79.7381 150.3760 83.7396 58.8956 115.8260 111.4516 68.7003 144.3832 43.5799 103.2781 113.4326 144.7937
136.8924 113.0591 130.1363 0.0000 34.7543 50.6912 63.9469 87.8145 195.6119 110.7963 153.6585 37.2048 112.4280 30.8044 171.2414 189.5661 96.9921 9.5151 107.1843 130.4002 89.0234 73.9376 141.9015 88.1872
96.3874 54.6200 70.2119 34.7543 0.0000 187.5463 146.6311 171.2652 73.1676 108.4441 43.5420 164.5996 185.6234 81.3225 86.7425 165.7826 96.6343 66.0799 44.8939 105.1410 59.8641 83.3437 142.1225 17.3738
155.8379 112.9480 174.9901 50.6912 187.5463 0.0000 153.2544 44.3563 166.5871 48.9130 104.3484 58.9579 170.5966 113.1607 115.8335 102.7603 97.4817 132.5788 123.2011 58.3369 32.6756 176.3829 141.0314 210.8275
131.0086 44.7695 14.3918 63.9469 146.6311 153.2544 0.0000 135.8566 122.7541 262.7532 17.2129 170.2351 120.2676 180.4767 110.1760 125.3992 60.0634 84.7081 159.5545 57.2002 78.8385 44.6770 35.9389 55.1952
107.5360 116.2691 61.7374 87.8145 171.2652 44.3563 135.8566 0.0000 79.2540 111.5251 198.6718 36.2191 124.7426 171.2474 167.5236 21.4513 140.3205 68.9629 83.5485 109.7922 184.1383 106.5828 96.5722 54.3516
50.9991 48.1003 42.9567 195.6119 73.1676 166.5871 122.7541 79.2540 0.0000 163.6381 88.0426 67.4247 245.4235 31.3894 83.2209 118.7677 111.2896 184.2259 41.7314 92.2051 100.3251 152.2564 211.5852 94.0909
95.6453 118.0450 110.9882 110.7963 108.4441 48.9130 262.7532 111.5251 163.6381 0.0000 131.2293 112.8409 38.3569 157.5261 147.7160 143.9388 92.5138 92.9097 123.4325 144.8053 102.7651 30.0018 52.7258 73.6227
81.6521 100.4533 94.0390 153.6585 43.5420 104.3484 17.2129 198.6718 88.0426 131.2293 0.0000 107.9494 103.8054 161.7359 94.7266 53.9904 85.3836 94.4253 1.9628 99.0451 116.8925 112.0887 69.2702 89.9769
113.6615 89.2531 155.8939 37.2048 164.5996 58.9579 170.2351 36.2191 67.4247 112.8409 107.9494 0.0000 69.6833 106.3986 233.9626 163.5026 24.9758 134.3501 126.2975 47.1246 144.0489 110.2053 109.0766 154.7764
96.2407 150.1238 79.7381 112.4280 185.6234 170.5966 120.2676 124.7426 245.4235 38.3569 103.8054 69.6833 0.0000 132.2452 149.8068 26.8762 66.8969 104.3641 18.5498 70.4798 77.6479 116.0459 208.6160 143.6479
84.6147 37.8178 150.3760 30.8044 81.3225 113.1607 180.4767 171.2474 31.3894 157.5261 161.7359 106.3986 132.2452 0.0000 47.6268 139.6415 204.0174 48.5999 120.9863 66.3381 77.4727 101.0334 227.1611 165.5911
26.4082 150.8733 83.7396 171.2414 86.7425 115.8335 110.1760 167.5236 83.2209 147.7160 94.7266 233.9626 149.8068 47.6268 0.0000 138.3950 72.4345 16.6479 70.6219 128.9899 10.1850 55.6773 260.7514 72.3745
139.7512 191.5783 58.8956 189.5661 165.7826 102.7603 125.3992 21.4513 118.7677 143.9388 53.9904 163.5026 26.8762 139.6415 138.3950 0.0000 99.4460 100.5020 34.4631 80.8817 82.3768 95.2911 160.1085 108.7679
184.9279 13.2076 115.8260 96.9921 96.6343 97.4817 60.0634 140.3205 111.2896 92.5138 85.3836 24.9758 66.8969 204.0174 72.4345 99.4460 0.0000 114.5663 99.1272 12.6256 156.8674 63.3493 113.3674 73.2185
153.9548 124.1447 111.4516 9.5151 66.0799 132.5788 84.7081 68.9629 184.2259 92.9097 94.4253 134.3501 104.3641 48.5999 16.6479 100.5020 114.5663 0.0000 152.0732 66.5918 90.4951 199.8213 90.4416 123.7867
67.4840 118.5409 68.7003 107.1843 44.8939 123.2011 159.5545 83.5485 41.7314 123.4325 1.9628 126.2975 18.5498 120.9863 70.6219 34.4631 99.1272 152.0732 0.0000 51.6375 171.9753 94.9907 1.0304 183.3996
41.5919 135.3987 144.3832 130.4002 105.1410 58.3369 57.2002 109.7922 92.2051 144.8053 99.0451 47.1246 70.4798 66.3381 128.9899 80.8817 12.6256 66.5918 51.6375 0.0000 109.0838 95.7083 48.3863 77.9207
94.0453 110.1581 43.5799 89.0234 59.8641 32.6756 78.8385 184.1383 100.3251 102.7651 116.8925 144.0489 77.6479 77.4727 10.1850 82.3768 156.8674 90.4951 171.9753 109.0838 0.0000 118.2822 154.7281 81.2175
94.8002 90.1285 103.2781 73.9376 83.3437 176.3829 44.6770 106.5828 152.2564 30.0018 112.0887 110.2053 116.0459 101.0334 55.6773 95.2911 63.3493 199.8213 94.9907 95.7083 118.2822 0.0000 20.7676 107.8141
204.3876 33.1544 113.4326 141.9015 142.1225 141.0314 35.9389 96.5722 211.5852 52.7258 69.2702 109.0766 208.6160 227.1611 260.7514 160.1085 113.3674 90.4416 1.0304 48.3863 154.7281 20.7676 0.0000 37.1855
55.9531 45.7835 144.7937 88.1872 17.3738 210.8275 55.1952 54.3516 94.0909 73.6227 89.9769 154.7764 143.6479 165.5911 72.3745 108.7679 73.2185 123.7867 183.3996 77.9207 81.2175 107.8141 37.1855 0.0000
