24
0.0000 92.8042 106.5928 88.9829 127.4211 109.8883 28.3195 116.8560 86.3190 153.1783 60.5900 121.5968 29.8838 175.5933 152.0734 205.8893 52.4163 61.4311 140.5488 170.0887 79.2797 261.3130 35.1149 171.3030
92.8042 0.0000 135.4898 109.1999 196.4501 30.9316 46.9183 227.2695 95.0618 185.5865 176.9919 84.6177 46.6029 88.4475 20.7773 112.6849 78.8714 162.9366 140.3443 28.4038 133.8239 72.9687 95.7444 68.2175
106.5928 135.4898 0.0000 82.2848 44.7651 104.8839 45.8197 129.7294 85.1243 113.0481 223.5989 114.3015 193.8900 107.1270 1.3079 130.4904 77.9150 98.9753 219.6762 177.6083 177.5547 95.2451 75.2478 105.5494
88.9829 109.1999 82.2848 0.0000 104.5303 213.8483 67.6325 111.8057 7.1874 57.5068 34.3352 97.7537 118.8170 150.2533 81.1689 230.1353 113.7210 160.7391 179.2844 26.4084 24.7840 62.3935 75.3576 73.7011
127.4211 196.4501 44.7651 104.5303 0.0000 162.6966 201.8872 64.3371 220.5685 62.5867 80.5220 118.6477 13.5500 163.1215 141.5052 145.8786 36.2468 162.1953 75.2252 75.7311 65.6982 127.3139 9.2703 136.0333
109.8883 30.9316 104.8839 213.8483 162.6966 0.0000 118.2692 71.2468 180.5114 105.6380 157.8168 149.5939 85.2640 106.8535 175.8454 150.2480 115.8749 117.1495 121.5356 150.9631 106.5851 133.2022 125.4999 267.2706
28.3195 46.9183 45.8197 67.6325 201.8872 118.2692 0.0000 88.8060 92.7993 135.9072 159.1490 113.1126 165.5314 99.4673 185.2214 128.0664 164.2674 193.7687 96.0184 86.7393 50.0863 88.5554 70.7297 126.1411
116.8560 227.2695 129.7294 111.8057 64.3371 71.2468 88.8060 0.0000 152.2549 119.0155 92.0556 131.8944 229.1403 218.5330 63.3859 162.1242 78.8744 103.5399 236.7525 137.5910 71.7047 42.0719 52.4970 117.2211
86.3190 95.0618 85.1243 7.1874 220.5685 180.5114 92.7993 152.2549 0.0000 130.5233 146.0686 19.1676 60.3812 18.0984 146.6227 88.6248 202.0603 167.8416 182.8086 65.3362 26.9111 59.0205 116.9913 147.1691
153.1783 185.5865 113.0481 57.5068 62.5867 105.6380 135.9072 119.0155 130.5233 0.0000 23.0425 66.3194 99.4878 113.6510 135.4694 80.3903 166.4402 13.7690 107.8091 214.8353 164.3299 139.6236 133.4295 59.2771
60.5900 176.9919 223.5989 34.3352 80.5220 157.8168 159.1490 92.0556 146.0686 23.0425 0.0000 150.8153 52.9916 146.9005 105.3965 149.7204 196.6713 95.1509 22.5832 157.7137 93.5460 126.2857 131.0870 35.0299
121.5968 84.6177 114.3015 97.7537 118.6477 149.5939 113.1126 131.8944 19.1676 66.3194 150.8153 0.0000 112.7948 28.8649 184.7773 152.1703 224.0364 82.0663 98.7404 56.0479 144.9307 101.9703 127.5703 73.1243
29.8838 46.6029 193.8900 118.8170 13.5500 85.2640 165.5314 229.1403 60.3812 99.4878 52.9916 112.7948 0.0000 225.3505 118.7222 202.5813 55.1847 70.5652 124.0625 97.9403 156.1338 73.6411 185.6950 67.7932
175.5933 88.4475 107.1270 150.2533 163.1215 106.8535 99.4673 218.5330 18.0984 113.6510 146.9005 28.8649 225.3505 0.0000 81.3488 83.6559 109.4192 17.4654 150.1731 143.1068 161.5004 130.0924 62.3292 38.4935
152.0734 20.7773 1.3079 81.1689 141.5052 175.8454 185.2214 63.3859 146.6227 135.4694 105.3965 184.7773 118.7222 81.3488 0.0000 35.4028 159.9496 123.3304 249.0934 130.6070 133.1301 68.3837 92.4598 134.7288
205.8893 112.6849 130.4904 230.1353 145.8786 150.2480 128.0664 162.1242 88.6248 80.3903 149.7204 152.1703 202.5813 83.6559 35.4028 0.0000 84.8567 116.3058 1.9421 56.0164 30.5339 117.1413 133.3290 92.1498
52.4163 78.8714 77.9150 113.7210 36.2468 115.8749 164.2674 78.8744 202.0603 166.4402 196.6713 224.0364 55.1847 109.4192 159.9496 84.8567 0.0000 59.4810 173.6494 76.1009 84.4601 208.7896 35.1443 86.0000
61.4311 162.9366 98.9753 160.7391 162.1953 117.1495 193.7687 103.5399 167.8416 13.7690 95.1509 82.0663 70.5652 17.4654 123.3304 116.3058 59.4810 0.0000 8.4603 98.3819 165.8953 66.0438 97.2599 73.6028
140.5488 140.3443 219.6762 179.2844 75.2252 121.5356 96.0184 236.7525 182.8086 107.8091 22.5832 98.7404 124.0625 150.1731 249.0934 1.9421 173.6494 8.4603 0.0000 171.7676 2.1329 123.0499 146.7502 103.8886
170.0887 28.4038 177.6083 26.4084 75.7311 150.9631 86.7393 137.5910 65.3362 214.8353 157.7137 56.0479 97.9403 143.1068 130.6070 56.0164 76.1009 98.3819 171.7676 0.0000 154.1463 96.4594 173.9716 63.1270
79.2797 133.8239 177.5547 24.7840 65.6982 106.5851 50.0863 71.7047 26.9111 164.3299 93.5460 144.9307 156.1338 161.5004 133.1301 30.5339 84.4601 165.8953 2.1329 154.1463 0.0000 164.2633 115.3636 153.1077
261.3130 72.9687 95.2451 62.3935 127.3139 133.2022 88.5554 42.0719 59.0205 139.6236 126.2857 101.9703 73.6411 130.0924 68.3837 117.1413 208.7896 66.0438 123.0499 96.4594 164.2633 0.0000 161.7377 67.1485
35.1149 95.7444 75.2478 75.3576 9.2703 125.4999 70.7297 52.4970 116.9913 133.4295 131.0870 127.5703 185.6950 62.3292 92.4598 133.3290 35.1443 97.2599 146.7502 173.9716 115.3636 161.7377 0.0000 121.2099
171.3030 68.2175 105.5494 73.7011 136.0333 267.2706 126.1411 117.2211 147.1691 59.2771 35.0299 73.1243 67.7932 38.4935 134.7288 92.1498 86.0000 73.6028 103.8886 63.1270 153.1077 67.1485 121.2099 0.0000
