24
0.0000 222.0678 39.0244 21.8270 53.6318 200.5150 31.2486 73.9457 73.2483 83.3951 118.4829 94.4871 7.3066 46.7748 146.1310 3.1203 79.3952 123.7289 136.8851 144.5645 51.5155 61.1609 101.2001 107.7184
222.0678 0.0000 113.5436 173.5596 149.9472 69.8014 63.1239 131.7550 130.5504 218.1644 126.9679 51.1397 167.3162 75.3127 2.7125 113.2426 163.4717 122.6200 365.5520 192.3147 78.3104 20.7353 78.8505 46.4172
39.0244 113.5436 0.0000 205.8709 251.9644 180.6478 129.4671 163.9491 44.4128 160.7498 107.0730 99.1315 149.1639 86.8998 88.8742 122.1565 149.3290 119.5025 103.4047 132.5196 1.3739 51.1202 119.8710 26.8297
21.8270 173.5596 205.8709 0.0000 103.9726 129.0045 104.5863 117.8693 40.4467 86.0270 251.8666 68.0096 74.3793 76.5613 183.2079 8.8240 93.7617 180.7919 111.5642 58.7632 38.9692 87.5985 144.9414 36.8903
53.6318 149.9472 251.9644 103.9726 0.0000 54.7439 144.8719 152.7738 172.3934 37.6747 58.3737 111.9611 48.1018 54.0096 137.8806 119.8451 109.5814 128.5266 113.3738 76.2326 60.4389 31.4449 36.1012 111.9403
200.5150 69.8014 180.6478 129.0045 54.7439 0.0000 107.8989 154.8973 116.1205 155.8729 114.5013 82.0406 79.2233 72.4397 97.0081 173.9497 101.4409 109.2814 82.4237 116.6207 99.6003 139.4657 74.4294 76.4341
31.2486 63.1239 129.4671 104.5863 144.8719 107.8989 0.0000 77.7084 84.9397 126.7045 24.2845 109.3268 91.5659 100.8663 10.6862 45.6027 40.2618 147.2483 142.3481 116.0473 33.4771 119.7177 78.5532 182.2830
73.9457 131.7550 163.9491 117.8693 152.7738 154.8973 77.7084 0.0000 172.9262 149.4193 78.9661 33.5139 248.5441 125.1771 209.7606 79.5149 122.8819 166.2399 58.1001 66.0938 31.1574 139.7451 111.8439 171.0026
73.2483 130.5504 44.4128 40.4467 172.3934 116.1205 84.9397 172.9262 0.0000 219.9692 10.3708 96.3411 174.8538 228.4833 118.7692 59.9749 84.7543 158.0801 104.2948 175.6447 224.8058 67.2508 59.0869 156.2193
83.3951 218.1644 160.7498 86.0270 37.6747 155.8729 126.7045 149.4193 219.9692 0.0000 82.4915 105.2476 114.5174 110.7569 75.5516 206.3772 127.0359 152.7188 164.0309 126.7325 206.8467 118.4376 20.3031 115.2567
118.4829 126.9679 107.0730 251.8666 58.3737 114.5013 24.2845 78.9661 10.3708 82.4915 0.0000 132.2865 18.9620 123.6371 103.7819 155.3694 87.0317 85.0860 111.3775 152.4198 122.6711 172.2500 136.0996 125.1839
94.4871 51.1397 99.1315 68.0096 111.9611 82.0406 109.3268 33.5139 96.3411 105.2476 132.2865 0.0000 46.8581 91.9834 87.0389 230.9671 112.2512 75.5479 289.0630 58.1708 94.8912 92.2450 91.3260 43.8613
7.3066 167.3162 149.1639 74.3793 48.1018 79.2233 91.5659 248.5441 174.8538 114.5174 18.9620 46.8581 0.0000 88.2893 230.0440 91.2434 78.3576 62.0432 92.1370 86.7747 92.8182 173.8796 189.6535 181.5727
46.7748 75.3127 86.8998 76.5613 54.0096 72.4397 100.8663 125.1771 228.4833 110.7569 123.6371 91.9834 88.2893 0.0000 109.0702 128.8051 69.8333 111.1421 211.5153 11.2751 155.9112 208.5513 111.0899 125.1860
146.1310 2.7125 88.8742 183.2079 137.8806 97.0081 10.6862 209.7606 118.7692 75.5516 103.7819 87.0389 230.0440 109.0702 0.0000 79.3559 118.1269 109.6585 18.9813 77.8309 76.6188 67.0285 134.1663 5.4014
3.1203 113.2426 122.1565 8.8240 119.8451 173.9497 45.6027 79.5149 59.9749 206.3772 155.3694 230.9671 91.2434 128.8051 79.3559 0.0000 57.5143 122.0722 204.4565 140.2570 84.3031 74.8014 87.9874 76.0821
79.3952 163.4717 149.3290 93.7617 109.5814 101.4409 40.2618 122.8819 84.7543 127.0359 87.0317 112.2512 78.3576 69.8333 118.1269 57.5143 0.0000 163.6412 85.6951 137.9468 107.4596 82.2052 135.3244 174.4435
123.7289 122.6200 119.5025 180.7919 128.5266 109.2814 147.2483 166.2399 158.0801 152.7188 85.0860 75.5479 62.0432 111.1421 109.6585 122.0722 163.6412 0.0000 89.7215 78.1374 162.9459 125.3966 61.6281 177.0307
136.8851 365.5520 103.4047 111.5642 113.3738 82.4237 142.3481 58.1001 104.2948 164.0309 111.3775 289.0630 92.1370 211.5153 18.9813 204.4565 85.6951 89.7215 0.0000 36.1757 107.7687 312.8843 55.9598 184.9576
144.5645 192.3147 132.5196 58.7632 76.2326 116.6207 116.0473 66.0938 175.6447 126.7325 152.4198 58.1708 86.7747 11.2751 77.8309 140.2570 137.9468 78.1374 36.1757 0.0000 63.9210 175.4849 60.0948 65.8538
51.5155 78.3104 1.3739 38.9692 60.4389 99.6003 33.4771 31.1574 224.8058 206.8467 122.6711 94.8912 92.8182 155.9112 76.6188 84.3031 107.4596 162.9459 107.7687 63.9210 0.0000 109.3728 132.5246 90.4179
61.1609 20.7353 51.1202 87.5985 31.4449 139.4657 119.7177 139.7451 67.2508 118.4376 172.2500 92.2450 173.8796 208.5513 67.0285 74.8014 82.2052 125.3966 312.8843 175.4849 109.3728 0.0000 134.1646 210.3103
101.2001 78.8505 119.8710 144.9414 36.1012 74.4294 78.5532 111.8439 59.0869 20.3031 136.0996 91.3260 189.6535 111.0899 134.1663 87.9874 135.3244 61.6281 55.9598 60.0948 132.5246 134.1646 0.0000 176.8370
107.7184 46.4172 26.8297 36.8903 111.9403 76.4341 182.2830 171.0026 156.2193 115.2567 125.1839 43.8613 181.5727 125.1860 5.4014 76.0821 174.4435 177.0307 184.9576 65.8538 90.4179 210.3103 176.8370 0.0000
