24
0.0000 34.4533 64.3199 127.3063 166.0742 107.6042 48.2749 160.8600 78.6692 179.6757 30.2356 98.2352 112.8633 194.0040 128.5701 54.8276 37.3476 84.2820 0.8834 74.4239 90.6374 135.6565 195.1517 22.9699
34.4533 0.0000 125.6750 99.8330 97.6472 143.3064 137.2847 80.5121 158.2822 67.2278 22.2284 55.5399 128.6219 143.8450 113.3492 139.5258 83.0725 63.9961 95.2826 81.7316 136.5530 67.2276 73.3171 76.7826
64.3199 125.6750 0.0000 80.8320 164.0633 34.6202 74.6849 76.9010 175.5388 83.9985 189.7253 36.7117 109.9424 129.1622 105.0887 178.9735 89.8843 171.0702 157.1015 59.9520 46.9831 101.8582 53.1818 158.2769
127.3063 99.8330 80.8320 0.0000 193.8020 136.0157 53.2353 50.3651 146.7684 124.8009 19.2049 110.0231 29.3402 34.0604 81.7822 169.2942 45.5629 35.0007 121.5327 153.1902 123.7310 111.3930 221.7122 174.8012
166.0742 97.6472 164.0633 193.8020 0.0000 93.5695 193.0919 143.5691 122.5666 117.5529 127.1441 174.4167 99.2884 22.3348 129.7139 117.9778 169.8454 188.5642 111.9569 182.1880 107.8372 103.8261 230.1173 101.1311
107.6042 143.3064 34.6202 136.0157 93.5695 0.0000 53.8792 103.4883 22.9452 96.9831 84.9772 36.8578 101.2516 88.9373 106.4950 174.5977 84.8494 61.5669 130.9486 142.6183 55.1897 97.7642 111.9578 179.5901
48.2749 137.2847 74.6849 53.2353 193.0919 53.8792 0.0000 136.0401 128.4690 41.8815 147.7930 64.0272 93.4525 76.7988 124.5853 117.3568 75.8693 61.1057 87.0569 170.9437 66.4819 86.9081 47.9889 60.1059
160.8600 80.5121 76.9010 50.3651 143.5691 103.4883 136.0401 0.0000 58.7250 89.1873 44.7615 66.8853 126.2775 89.6007 82.8290 66.7068 5.8576 103.8671 110.3814 102.5960 94.4738 169.1654 137.2271 255.4066
78.6692 158.2822 175.5388 146.7684 122.5666 22.9452 128.4690 58.7250 0.0000 141.4546 148.4832 153.4219 15.5160 50.3914 163.4140 122.7040 143.7274 136.9269 83.7627 84.2757 81.6338 28.3139 134.2656 133.6222
179.6757 67.2278 83.9985 124.8009 117.5529 96.9831 41.8815 89.1873 141.4546 0.0000 173.6914 52.1156 97.9822 138.7508 51.6791 82.4208 141.9815 100.1266 68.4132 8.9488 254.2644 107.3919 98.0189 182.6165
30.2356 22.2284 189.7253 19.2049 127.1441 84.9772 147.7930 44.7615 148.4832 173.6914 0.0000 144.7841 22.5094 140.7265 112.1159 129.8912 60.9380 78.1419 143.5775 97.3875 109.0422 146.0889 88.1954 9.5131
98.2352 55.5399 36.7117 110.0231 174.4167 36.8578 64.0272 66.8853 153.4219 52.1156 144.7841 0.0000 50.5138 153.0900 95.1216 122.4056 134.9295 89.3769 65.5323 109.4528 64.4719 131.7561 108.7549 166.5078
112.8633 128.6219 109.9424 29.3402 99.2884 101.2516 93.4525 126.2775 15.5160 97.9822 22.5094 50.5138 0.0000 56.8880 56.0409 104.0798 131.2956 130.1437 76.4821 108.3837 23.6697 91.0696 66.7758 126.2361
194.0040 143.8450 129.1622 34.0604 22.3348 88.9373 76.7988 89.6007 50.3914 138.7508 140.7265 153.0900 56.8880 0.0000 71.0202 110.1282 90.4179 90.7921 159.6263 100.6529 80.0204 78.4945 104.4970 128.7221
128.5701 113.3492 105.0887 81.7822 129.7139 106.4950 124.5853 82.8290 163.4140 51.6791 112.1159 95.1216 56.0409 71.0202 0.0000 108.6118 115.0453 94.6556 90.7320 84.2668 68.6934 182.2744 127.7997 144.7100
54.8276 139.5258 178.9735 169.2942 117.9778 174.5977 117.3568 66.7068 122.7040 82.4208 129.8912 122.4056 104.0798 110.1282 108.6118 0.0000 119.9103 186.8758 119.3289 126.7862 2.2767 142.7786 41.9454 95.2139
37.3476 83.0725 89.8843 45.5629 169.8454 84.8494 75.8693 5.8576 143.7274 141.9815 60.9380 134.9295 131.2956 90.4179 115.0453 119.9103 0.0000 148.5228 117.8555 104.5789 99.1570 176.7772 72.0110 95.9796
84.2820 63.9961 171.0702 35.0007 188.5642 61.5669 61.1057 103.8671 136.9269 100.1266 78.1419 89.3769 130.1437 90.7921 94.6556 186.8758 148.5228 0.0000 74.7115 100.4337 93.0274 24.9761 131.5154 60.7657
0.8834 95.2826 157.1015 121.5327 111.9569 130.9486 87.0569 110.3814 83.7627 68.4132 143.5775 65.5323 76.4821 159.6263 90.7320 119.3289 117.8555 74.7115 0.0000 73.5971 123.5254 0.2840 44.9919 231.2242
74.4239 81.7316 59.9520 153.1902 182.1880 142.6183 170.9437 102.5960 84.2757 8.9488 97.3875 109.4528 108.3837 100.6529 84.2668 126.7862 104.5789 100.4337 73.5971 0.0000 20.9858 12.7899 37.6292 198.4331
90.6374 136.5530 46.9831 123.7310 107.8372 55.1897 66.4819 94.4738 81.6338 254.2644 109.0422 64.4719 23.6697 80.0204 68.6934 2.2767 99.1570 93.0274 123.5254 20.9858 0.0000 62.7904 88.3483 42.6629
135.6565 67.2276 101.8582 111.3930 103.8261 97.7642 86.9081 169.1654 28.3139 107.3919 146.0889 131.7561 91.0696 78.4945 182.2744 142.7786 176.7772 24.9761 0.2840 12.7899 62.7904 0.0000 111.2580 119.0193
195.1517 73.3171 53.1818 221.7122 230.1173 111.9578 47.9889 137.2271 134.2656 98.0189 88.1954 108.7549 66.7758 104.4970 127.7997 41.9454 72.0110 131.5154 44.9919 37.6292 88.3483 111.2580 0.0000 125.7602
22.9699 76.7826 158.2769 174.8012 101.1311 179.5901 60.1059 255.4066 133.6222 182.6165 9.5131 166.5078 126.2361 128.7221 144.7100 95.2139 95.9796 60.7657 231.2242 198.4331 42.6629 119.0193 125.7602 0.0000
