24
0.0000 19.1652 150.5783 192.7173 223.5444 64.5665 169.4854 239.2804 21.1599 154.4476 141.3783 126.2218 245.9626 124.6564 59.7068 122.1534 132.9040 164.1802 173.2754 49.7318 59.2903 17.8192 149.3004 161.2000
19.1652 0.0000 162.8874 55.2580 157.3948 21.2845 183.9327 124.8637 73.1290 148.8119 143.7056 153.8148 46.9777 95.1703 92.0592 132.4295 42.8654 41.0396 28.5358 72.3086 68.6520 187.2032 7.9305 218.9641
150.5783 162.8874 0.0000 21.3087 68.4327 101.1163 142.8166 193.6005 114.7128 31.0589 20.6368 140.5903 146.2531 173.6413 159.2352 56.7811 32.6494 121.0533 244.2846 22.4518 45.1269 6.0240 94.9147 139.3899
192.7173 55.2580 21.3087 0.0000 76.0478 135.5225 57.6878 193.1231 55.4178 65.3237 45.0849 142.6847 92.0626 108.0231 158.9393 156.2705 118.9013 19.7203 113.8575 77.0833 78.1410 70.4217 130.9953 103.8181
223.5444 157.3948 68.4327 76.0478 0.0000 39.4726 70.6000 157.9058 122.2653 202.1607 15.7308 171.7019 203.4611 24.1099 125.3430 104.2037 143.8955 180.6852 100.9887 123.5966 53.5166 24.9546 114.9918 57.4215
64.5665 21.2845 101.1163 135.5225 39.4726 0.0000 119.2345 82.9500 118.9506 157.8404 129.5385 135.1820 109.7723 132.0005 66.9262 79.2405 72.4846 98.5367 95.1792 56.4329 147.8222 124.4032 107.8425 84.8413
169.4854 183.9327 142.8166 57.6878 70.6000 119.2345 0.0000 66.2849 191.5368 196.6215 125.2042 264.7606 66.8392 131.9146 66.5927 138.3058 114.0590 148.9383 161.9131 162.2566 49.8549 47.3073 143.4252 110.8615
239.2804 124.8637 193.6005 193.1231 157.9058 82.9500 66.2849 0.0000 133.7303 153.5632 108.5628 127.4131 215.6457 56.4179 56.6010 26.1104 34.4688 63.4466 79.1946 82.1385 75.2986 174.8730 54.9017 160.4520
21.1599 73.1290 114.7128 55.4178 122.2653 118.9506 191.5368 133.7303 0.0000 25.5529 121.3682 177.6266 98.5914 94.0048 103.6180 151.8456 134.7682 113.2424 21.9968 85.1535 50.8285 87.4931 87.4409 164.4945
154.4476 148.8119 31.0589 65.3237 202.1607 157.8404 196.6215 153.5632 25.5529 0.0000 169.0500 189.5950 109.7570 32.0324 221.8679 81.0429 103.3160 68.4079 206.7562 192.1722 100.4179 129.1588 42.0380 132.9933
141.3783 143.7056 20.6368 45.0849 15.7308 129.5385 125.2042 108.5628 121.3682 169.0500 0.0000 81.0588 28.0103 149.2809 8.6623 100.5304 132.7536 94.3757 144.1358 114.6612 133.9858 166.8307 168.7536 146.2895
126.2218 153.8148 140.5903 142.6847 171.7019 135.1820 264.7606 127.4131 177.6266 189.5950 81.0588 0.0000 123.7693 203.9125 201.1262 95.0214 99.5742 44.0529 138.5942 112.1566 127.3137 47.0938 132.5799 76.0904
245.9626 46.9777 146.2531 92.0626 203.4611 109.7723 66.8392 215.6457 98.5914 109.7570 28.0103 123.7693 0.0000 149.3501 18.0131 15.8795 95.7765 158.5871 56.1588 110.3257 21.8372 176.5600 136.7372 116.4175
124.6564 95.1703 173.6413 108.0231 24.1099 132.0005 131.9146 56.4179 94.0048 32.0324 149.2809 203.9125 149.3501 0.0000 172.2051 88.1982 35.3499 163.6906 55.8517 124.0937 91.8210 61.1576 44.0110 206.2457
59.7068 92.0592 159.2352 158.9393 125.3430 66.9262 66.5927 56.6010 103.6180 221.8679 8.6623 201.1262 18.0131 172.2051 0.0000 113.6811 95.8202 72.6070 71.3584 79.9332 167.5217 74.6445 96.9323 187.5400
122.1534 132.4295 56.7811 156.2705 104.2037 79.2405 138.3058 26.1104 151.8456 81.0429 100.5304 95.0214 15.8795 88.1982 113.6811 0.0000 144.5658 96.3601 101.8724 129.1998 7.9614 40.9989 99.7690 116.9786
132.9040 42.8654 32.6494 118.9013 143.8955 72.4846 114.0590 34.4688 134.7682 103.3160 132.7536 99.5742 95.7765 35.3499 95.8202 144.5658 0.0000 230.6903 36.8831 32.4838 33.6182 131.2658 138.6303 57.8502
164.1802 41.0396 121.0533 19.7203 180.6852 98.5367 148.9383 63.4466 113.2424 68.4079 94.3757 44.0529 158.5871 163.6906 72.6070 96.3601 230.6903 0.0000 7.9529 115.6283 137.2873 121.0296 19.7216 61.3431
173.2754 28.5358 244.2846 113.8575 100.9887 95.1792 161.9131 79.1946 21.9968 206.7562 144.1358 138.5942 56.1588 55.8517 71.3584 101.8724 36.8831 7.9529 0.0000 124.2538 159.9834 62.8953 84.8094 8.4771
49.7318 72.3086 22.4518 77.0833 123.5966 56.4329 162.2566 82.1385 85.1535 192.1722 114.6612 112.1566 110.3257 124.0937 79.9332 129.1998 32.4838 115.6283 124.2538 0.0000 115.5841 158.3103 13.2890 16.2974
59.2903 68.6520 45.1269 78.1410 53.5166 147.8222 49.8549 75.2986 50.8285 100.4179 133.9858 127.3137 21.8372 91.8210 167.5217 7.9614 33.6182 137.2873 159.9834 115.5841 0.0000 169.2020 142.9744 64.6373
17.8192 187.2032 6.0240 70.4217 24.9546 124.4032 47.3073 174.8730 87.4931 129.1588 166.8307 47.0938 176.5600 61.1576 74.6445 40.9989 131.2658 121.0296 62.8953 158.3103 169.2020 0.0000 78.2660 120.0117
149.3004 7.9305 94.9147 130.9953 114.9918 107.8425 143.4252 54.9017 87.4409 42.0380 168.7536 132.5799 136.7372 44.0110 96.9323 99.7690 138.6303 19.7216 84.8094 13.2890 142.9744 78.2660 0.0000 77.0942
161.2000 218.9641 139.3899 103.8181 57.4215 84.8413 110.8615 160.4520 164.4945 132.9933 146.2895 76.0904 116.4175 206.2457 187.5400 116.9786 57.8502 61.3431 8.4771 16.2974 64.6373 120.0117 77.0942 0.0000
