24
0.0000 107.0392 108.1849 138.1200 117.3242 25.5599 132.9046 6.3010 144.9123 105.9882 100.8462 124.9880 95.1672 112.3965 44.8101 253.9778 107.3808 148.9600 98.7587 172.8520 79.2987 112.1015 103.8087 81.1875
107.0392 0.0000 166.9856 6.8725 64.2349 80.6591 154.3374 78.3491 65.1255 143.6227 163.9770 163.7348 51.4539 75.9469 77.2571 112.3747 10.7606 34.3247 103.0696 156.0950 155.6193 191.0646 93.9116 130.1856
108.1849 166.9856 0.0000 157.7793 73.0810 123.7951 127.6350 136.2017 109.2393 43.2579 111.5406 101.5017 181.4793 150.6374 53.1164 203.4621 259.5469 147.7090 71.8333 13.3761 118.8345 27.1684 58.7987 80.9320
138.1200 6.8725 157.7793 0.0000 206.0737 20.5639 112.4402 80.6850 147.3878 103.4028 79.7892 153.9390 1.1229 163.1288 155.5878 135.1368 123.4206 13.9476 10.3668 217.7571 77.9669 134.3580 21.9303 143.9536
117.3242 64.2349 73.0810 206.0737 0.0000 24.0213 93.7047 126.9463 84.7496 168.6646 146.3358 145.8707 187.0600 213.4263 158.9010 170.3100 159.7007 88.1406 14.6505 106.7228 124.8932 86.1570 61.6255 106.8637
25.5599 80.6591 123.7951 20.5639 24.0213 0.0000 51.9810 43.8708 181.5556 89.9267 55.1211 66.7215 105.5512 97.6848 113.6988 105.1437 128.4158 122.9387 189.3176 92.3773 100.8273 79.6289 71.3631 196.7275
132.9046 154.3374 127.6350 112.4402 93.7047 51.9810 0.0000 131.2145 28.9043 29.7737 164.2482 47.6549 106.8887 240.5450 130.8159 237.7842 112.6210 16.0827 155.4260 104.5223 101.6745 121.7918 50.8639 88.1297
6.3010 78.3491 136.2017 80.6850 126.9463 43.8708 131.2145 0.0000 53.5297 113.0052 144.1943 53.9861 149.0606 90.9252 16.9677 133.3817 192.3535 111.3293 145.7955 120.3295 141.1545 86.9102 115.9465 129.4394
144.9123 65.1255 109.2393 147.3878 84.7496 181.5556 28.9043 53.5297 0.0000 182.2495 159.6061 110.4182 131.3882 69.7212 216.3589 119.4528 49.7965 65.6156 132.9522 18.5222 61.3477 102.0072 114.6608 103.5475
105.9882 143.6227 43.2579 103.4028 168.6646 89.9267 29.7737 113.0052 182.2495 0.0000 249.6785 15.8959 75.0466 147.0418 158.5684 61.8047 109.5184 80.0459 93.3844 99.7825 147.1736 176.9400 163.8236 106.9254
100.8462 163.9770 111.5406 79.7892 146.3358 55.1211 164.2482 144.1943 159.6061 249.6785 0.0000 5.4988 140.3669 145.1908 68.4558 156.5286 42.6609 143.9011 69.9982 96.2556 181.9359 98.3822 250.2618 22.5607
124.9880 163.7348 101.5017 153.9390 145.8707 66.7215 47.6549 53.9861 110.4182 15.8959 5.4988 0.0000 64.9255 172.7617 55.9331 33.4629 156.5619 195.8445 17.3741 113.7905 88.9111 129.5732 118.1271 174.2917
95.1672 51.4539 181.4793 1.1229 187.0600 105.5512 106.8887 149.0606 131.3882 75.0466 140.3669 64.9255 0.0000 17.7994 81.3015 91.2890 104.6325 70.6212 97.2628 52.9402 47.9298 23.5175 54.1048 188.9135
112.3965 75.9469 150.6374 163.1288 213.4263 97.6848 240.5450 90.9252 69.7212 147.0418 145.1908 172.7617 17.7994 0.0000 214.9757 64.2355 104.6169 57.2383 57.7981 245.9616 126.6980 102.5459 99.7436 116.8645
44.8101 77.2571 53.1164 155.5878 158.9010 113.6988 130.8159 16.9677 216.3589 158.5684 68.4558 55.9331 81.3015 214.9757 0.0000 78.3199 227.8298 178.5857 260.7724 194.0263 232.8570 173.9898 60.3951 109.5071
253.9778 112.3747 203.4621 135.1368 170.3100 105.1437 237.7842 133.3817 119.4528 61.8047 156.5286 33.4629 91.2890 64.2355 78.3199 0.0000 71.7454 78.2467 94.2046 178.3804 166.6018 142.0768 115.1048 87.1061
107.3808 10.7606 259.5469 123.4206 159.7007 128.4158 112.6210 192.3535 49.7965 109.5184 42.6609 156.5619 104.6325 104.6169 227.8298 71.7454 0.0000 122.3125 126.5943 129.8594 95.8540 104.4544 105.2641 19.2964
148.9600 34.3247 147.7090 13.9476 88.1406 122.9387 16.0827 111.3293 65.6156 80.0459 143.9011 195.8445 70.6212 57.2383 178.5857 78.2467 122.3125 0.0000 48.5011 119.3852 193.7359 177.7424 97.5379 105.6045
98.7587 103.0696 71.8333 10.3668 14.6505 189.3176 155.4260 145.7955 132.9522 93.3844 69.9982 17.3741 97.2628 57.7981 260.7724 94.2046 126.5943 48.5011 0.0000 98.0541 37.6450 117.8551 102.1913 268.5902
172.8520 156.0950 13.3761 217.7571 106.7228 92.3773 104.5223 120.3295 18.5222 99.7825 96.2556 113.7905 52.9402 245.9616 194.0263 178.3804 129.8594 119.3852 98.0541 0.0000 141.8483 167.3847 97.1855 172.9763
79.2987 155.6193 118.8345 77.9669 124.8932 100.8273 101.6745 141.1545 61.3477 147.1736 181.9359 88.9111 47.9298 126.6980 232.8570 166.6018 95.8540 193.7359 37.6450 141.8483 0.0000 138.2151 202.4092 55.2685
112.1015 191.0646 27.1684 134.3580 86.1570 79.6289 121.7918 86.9102 102.0072 176.9400 98.3822 129.5732 23.5175 102.5459 173.9898 142.0768 104.4544 177.7424 117.8551 167.3847 138.2151 0.0000 156.9359 228.3702
103.8087 93.9116 58.7987 21.9303 61.6255 71.3631 50.8639 115.9465 114.6608 163.8236 250.2618 118.1271 54.1048 99.7436 60.3951 115.1048 105.2641 97.5379 102.1913 97.1855 202.4092 156.9359 0.0000 138.1485
81.1875 130.1856 80.9320 143.9536 106.8637 196.7275 88.1297 129.4394 103.5475 106.9254 22.5607 174.2917 188.9135 116.8645 109.5071 87.1061 19.2964 105.6045 268.5902 172.9763 55.2685 228.3702 138.1485 0.0000
