24
0.0000 36.5112 33.8346 114.5666 127.6476 122.9862 27.0637 113.6429 98.4926 147.7650 138.7466 39.3524 144.6703 203.1835 33.5244 11.1146 56.5359 144.3430 68.5327 93.9273 150.9138 18.0571 57.2286 73.1287
36.5112 0.0000 105.2098 99.9716 137.6922 48.7594 8.1464 45.1353 119.2554 155.8691 98.0490 3.8522 100.8150 42.9626 86.5032 10.9422 120.6929 136.6908 73.9090 20.2420 5.9588 27.7153 45.4334 49.5959
33.8346 105.2098 0.0000 94.6506 127.3584 164.3465 150.9478 94.3206 47.8174 24.3104 126.3546 120.8757 132.2750 138.0141 58.5156 128.5754 135.6474 54.3830 154.0145 108.6417 131.1997 26.0013 123.4099 65.8843
114.5666 99.9716 94.6506 0.0000 26.7351 34.2271 100.2594 78.4680 185.8821 181.8069 105.7874 52.0327 1.3889 78.2021 55.3513 91.3878 97.4736 98.8690 100.5773 153.4012 78.7785 72.1351 61.7037 163.0960
127.6476 137.6922 127.3584 26.7351 0.0000 81.7001 217.6666 78.8286 80.6320 99.1248 96.1742 121.3719 82.2706 184.8967 60.0435 79.2810 143.4408 90.6187 89.8714 38.1068 103.6536 193.4098 6.4667 162.9231
122.9862 48.7594 164.3465 34.2271 81.7001 0.0000 164.5083 98.3200 114.3878 42.3130 163.3141 137.7389 102.3675 119.3998 34.9189 104.7932 106.5221 35.3380 152.8805 39.8848 133.5912 127.3672 145.7308 98.0901
27.0637 8.1464 150.9478 100.2594 217.6666 164.5083 0.0000 152.9768 166.9188 129.2849 76.9786 101.6844 102.5951 95.4503 247.4152 177.9623 103.7510 76.7615 89.6997 166.5327 17.9056 88.4639 69.5464 61.2144
113.6429 45.1353 94.3206 78.4680 78.8286 98.3200 152.9768 0.0000 148.4226 111.3377 112.7920 139.1931 50.4228 92.2173 54.2985 175.1424 174.2450 51.8697 21.6342 66.6941 215.8400 61.7393 118.4236 73.1511
98.4926 119.2554 47.8174 185.8821 80.6320 114.3878 166.9188 148.4226 0.0000 215.0210 93.0454 88.1820 103.3311 64.6061 23.1137 99.2107 41.2930 59.2037 103.2674 20.7126 142.6571 55.7804 47.0102 37.9408
147.7650 155.8691 24.3104 181.8069 99.1248 42.3130 129.2849 111.3377 215.0210 0.0000 132.4336 80.8225 85.8731 181.7175 73.3696 132.1978 120.6648 64.7506 108.5918 111.2328 58.6421 43.5479 50.5617 137.7122
138.7466 98.0490 126.3546 105.7874 96.1742 163.3141 76.9786 112.7920 93.0454 132.4336 0.0000 39.7453 55.5069 151.2301 115.8476 175.5793 155.4335 44.3961 47.5807 41.6074 3.6969 64.7272 28.9806 105.4485
39.3524 3.8522 120.8757 52.0327 121.3719 137.7389 101.6844 139.1931 88.1820 80.8225 39.7453 0.0000 148.9202 96.1094 100.9884 112.4113 221.9728 157.4135 93.9173 151.4654 89.9325 107.2698 75.8278 106.1052
144.6703 100.8150 132.2750 1.3889 82.2706 102.3675 102.5951 50.4228 103.3311 85.8731 55.5069 148.9202 0.0000 168.0615 61.2076 170.2428 145.2532 67.7167 150.8848 42.1382 99.4414 74.7021 128.1426 191.9681
203.1835 42.9626 138.0141 78.2021 184.8967 119.3998 95.4503 92.2173 64.6061 181.7175 151.2301 96.1094 168.0615 0.0000 202.0878 112.3068 30.6180 179.9406 174.6246 133.8389 145.4977 23.6386 48.1899 85.6405
33.5244 86.5032 58.5156 55.3513 60.0435 34.9189 247.4152 54.2985 23.1137 73.3696 115.8476 100.9884 61.2076 202.0878 0.0000 53.0522 44.2305 30.9650 100.9586 78.9946 30.3036 8.4832 153.5406 245.8692
11.1146 10.9422 128.5754 91.3878 79.2810 104.7932 177.9623 175.1424 99.2107 132.1978 175.5793 112.4113 170.2428 112.3068 53.0522 0.0000 82.4268 86.6532 77.7234 183.2252 56.6728 136.1983 126.9825 125.5779
56.5359 120.6929 135.6474 97.4736 143.4408 106.5221 103.7510 174.2450 41.2930 120.6648 155.4335 221.9728 145.2532 30.6180 44.2305 82.4268 0.0000 161.8478 60.8641 171.1206 92.9965 109.9153 152.5963 136.5668
144.3430 136.6908 54.3830 98.8690 90.6187 35.3380 76.7615 51.8697 59.2037 64.7506 44.3961 157.4135 67.7167 179.9406 30.9650 86.6532 161.8478 0.0000 34.1160 16.3300 34.6751 186.6883 123.4368 51.9531
68.5327 73.9090 154.0145 100.5773 89.8714 152.8805 89.6997 21.6342 103.2674 108.5918 47.5807 93.9173 150.8848 174.6246 100.9586 77.7234 60.8641 34.1160 0.0000 119.7467 80.4407 75.3314 100.9857 33.7725
93.9273 20.2420 108.6417 153.4012 38.1068 39.8848 166.5327 66.6941 20.7126 111.2328 41.6074 151.4654 42.1382 133.8389 78.9946 183.2252 171.1206 16.3300 119.7467 0.0000 81.0995 47.3319 130.1436 47.4789
150.9138 5.9588 131.1997 78.7785 103.6536 133.5912 17.9056 215.8400 142.6571 58.6421 3.6969 89.9325 99.4414 145.4977 30.3036 56.6728 92.9965 34.6751 80.4407 81.0995 0.0000 49.5844 62.9116 92.4585
18.0571 27.7153 26.0013 72.1351 193.4098 127.3672 88.4639 61.7393 55.7804 43.5479 64.7272 107.2698 74.7021 23.6386 8.4832 136.1983 109.9153 186.6883 75.3314 47.3319 49.5844 0.0000 216.5556 68.9337
57.2286 45.4334 123.4099 61.7037 6.4667 145.7308 69.5464 118.4236 47.0102 50.5617 28.9806 75.8278 128.1426 48.1899 153.5406 126.9825 152.5963 123.4368 100.9857 130.1436 62.9116 216.5556 0.0000 116.6913
73.1287 49.5959 65.8843 163.0960 162.9231 98.0901 61.2144 73.1511 37.9408 137.7122 105.4485 106.1052 191.9681 85.6405 245.8692 125.5779 136.5668 51.9531 33.7725 47.4789 92.4585 68.9337 116.6913 0.0000
