24
0.0000 94.5581 152.9909 184.9688 140.6948 66.5765 45.2045 132.1042 135.6906 37.7983 101.1408 20.1500 161.2651 165.5438 171.6564 30.9460 17.1341 131.8148 191.3066 163.0204 189.0889 165.5695 139.5670 75.4003
94.5581 0.0000 80.7512 138.3556 180.3065 154.6871 26.4771 1.1462 17.2151 125.6992 34.3907 131.6858 184.1580 99.7232 195.3376 10.7978 153.4859 123.1790 161.1044 117.3849 87.5128 40.4202 127.1773 18.7444
152.9909 80.7512 0.0000 174.1580 38.8629 137.1666 68.2855 16.3221 78.9751 91.3227 75.0118 160.8788 126.0121 125.1732 257.7758 118.9256 78.0288 181.1410 162.4093 113.5356 70.6991 22.8274 140.0660 84.9383
184.9688 138.3556 174.1580 0.0000 132.2947 148.7466 149.5255 38.5176 73.8257 117.4953 154.4125 8.2437 0.8624 124.5525 2.1094 103.8277 103.8590 96.1939 70.2819 153.9554 108.4833 106.4134 147.3534 146.7366
140.6948 180.3065 38.8629 132.2947 0.0000 145.8744 171.5099 73.4313 185.2289 202.8097 95.8150 38.3502 136.8425 184.1254 1.4882 74.5437 173.7267 100.3279 117.6112 27.3473 46.4300 142.0908 45.5031 107.8510
66.5765 154.6871 137.1666 148.7466 145.8744 0.0000 138.5362 149.4459 61.4622 93.5189 48.7431 77.4847 132.9995 192.5775 39.5420 59.9461 179.7124 57.6894 60.3012 83.6237 81.5330 87.2491 143.5445 67.3604
45.2045 26.4771 68.2855 149.5255 171.5099 138.5362 0.0000 90.0588 155.7138 83.4014 142.9604 84.6109 123.4076 98.9776 150.3898 54.8211 81.1488 201.5202 112.6052 189.4001 51.7480 85.1136 103.2599 64.2975
132.1042 1.1462 16.3221 38.5176 73.4313 149.4459 90.0588 0.0000 54.4802 18.0759 66.4594 77.2854 123.2452 135.6237 126.6704 143.6296 84.7398 130.8256 219.4484 66.8032 120.1178 130.1059 145.4394 142.9689
135.6906 17.2151 78.9751 73.8257 185.2289 61.4622 155.7138 54.4802 0.0000 0.1621 102.1867 42.6837 5.5984 194.2271 62.3593 121.9268 14.4538 90.5407 47.4406 46.0617 136.2100 40.9263 131.7643 133.2828
37.7983 125.6992 91.3227 117.4953 202.8097 93.5189 83.4014 18.0759 0.1621 0.0000 121.0672 123.0574 155.8932 190.7939 172.5683 99.6520 37.7860 38.0525 78.1222 40.8330 62.2486 176.6529 170.8936 52.5433
101.1408 34.3907 75.0118 154.4125 95.8150 48.7431 142.9604 66.4594 102.1867 121.0672 0.0000 113.6104 9.7289 37.9135 6.8275 85.9875 22.5364 13.2059 176.2916 80.6997 154.9672 242.6145 144.9795 34.1097
20.1500 131.6858 160.8788 8.2437 38.3502 77.4847 84.6109 77.2854 42.6837 123.0574 113.6104 0.0000 99.6529 77.6844 26.1755 105.8148 85.9324 254.7772 58.6354 23.8242 30.8608 122.4105 151.1701 91.5510
161.2651 184.1580 126.0121 0.8624 136.8425 132.9995 123.4076 123.2452 5.5984 155.8932 9.7289 99.6529 0.0000 43.9428 77.2252 138.5345 18.4657 66.1172 105.4847 127.1017 186.2136 123.7683 199.5070 72.2707
165.5438 99.7232 125.1732 124.5525 184.1254 192.5775 98.9776 135.6237 194.2271 190.7939 37.9135 77.6844 43.9428 0.0000 108.2107 115.6794 58.9536 65.5776 59.0904 80.1196 234.6257 64.3048 189.6765 3.0937
171.6564 195.3376 257.7758 2.1094 1.4882 39.5420 150.3898 126.6704 62.3593 172.5683 6.8275 26.1755 77.2252 108.2107 0.0000 134.2030 71.9230 215.0808 120.7125 95.6262 188.4803 119.2283 62.6563 103.7274
30.9460 10.7978 118.9256 103.8277 74.5437 59.9461 54.8211 143.6296 121.9268 99.6520 85.9875 105.8148 138.5345 115.6794 134.2030 0.0000 14.8132 59.1778 187.9923 217.5438 80.5249 43.3712 135.1135 9.2566
17.1341 153.4859 78.0288 103.8590 173.7267 179.7124 81.1488 84.7398 14.4538 37.7860 22.5364 85.9324 18.4657 58.9536 71.9230 14.8132 0.0000 160.4377 41.0419 130.1507 110.0287 122.7777 40.2804 3.9079
131.8148 123.1790 181.1410 96.1939 100.3279 57.6894 201.5202 130.8256 90.5407 38.0525 13.2059 254.7772 66.1172 65.5776 215.0808 59.1778 160.4377 0.0000 103.0625 132.8322 77.5066 78.9786 109.5720 130.7246
191.3066 161.1044 162.4093 70.2819 117.6112 60.3012 112.6052 219.4484 47.4406 78.1222 176.2916 58.6354 105.4847 59.0904 120.7125 187.9923 41.0419 103.0625 0.0000 66.1004 204.4052 69.4065 171.5730 88.6315
163.0204 117.3849 113.5356 153.9554 27.3473 83.6237 189.4001 66.8032 46.0617 40.8330 80.6997 23.8242 127.1017 80.1196 95.6262 217.5438 130.1507 132.8322 66.1004 0.0000 23.1129 97.3763 72.5164 199.8868
189.0889 87.5128 70.6991 108.4833 46.4300 81.5330 51.7480 120.1178 136.2100 62.2486 154.9672 30.8608 186.2136 234.6257 188.4803 80.5249 110.0287 77.5066 204.4052 23.1129 0.0000 77.3727 108.0759 113.3875
165.5695 40.4202 22.8274 106.4134 142.0908 87.2491 85.1136 130.1059 40.9263 176.6529 242.6145 122.4105 123.7683 64.3048 119.2283 43.3712 122.7777 78.9786 69.4065 97.3763 77.3727 0.0000 175.9460 119.9164
139.5670 127.1773 140.0660 147.3534 45.5031 143.5445 103.2599 145.4394 131.7643 170.8936 144.9795 151.1701 199.5070 189.6765 62.6563 135.1135 40.2804 109.5720 171.5730 72.5164 108.0759 175.9460 0.0000 225.1250
75.4003 18.7444 84.9383 146.7366 107.8510 67.3604 64.2975 142.9689 133.2828 52.5433 34.1097 91.5510 72.2707 3.0937 103.7274 9.2566 3.9079 130.7246 88.6315 199.8868 113.3875 119.9164 225.1250 0.0000
