24
0.0000 133.8530 43.2146 82.0983 125.0557 145.3461 118.3774 261.2840 92.6959 149.4753 118.7029 117.0704 41.6297 240.0550 127.7861 144.1516 138.7291 146.2490 32.6940 27.6533 232.2132 111.3020 104.2201 168.6609
133.8530 0.0000 126.5451 44.1106 106.3053 43.4034 19.9870 123.9898 106.9108 81.7093 116.3678 201.9060 120.4995 236.2980 83.3249 136.2236 95.4930 169.3582 176.0293 123.6668 16.7664 92.8355 9.8871 188.4839
43.2146 126.5451 0.0000 121.1466 93.8593 150.1787 145.6552 80.2658 193.7980 144.6816 165.8909 77.1605 62.0225 84.3750 92.7199 77.4691 177.6313 128.8792 191.4751 152.9103 179.7672 91.6425 124.7550 121.8369
82.0983 44.1106 121.1466 0.0000 153.2879 29.9008 151.7344 132.5936 118.7719 140.2174 106.4460 11.9190 85.7263 99.3648 126.9336 12.0146 71.4561 153.7237 78.9358 58.9424 40.1829 135.3697 201.7386 191.9922
125.0557 106.3053 93.8593 153.2879 0.0000 158.9176 148.1355 134.0639 188.6054 49.7995 54.0492 71.4749 65.8020 0.1123 96.0769 153.6123 77.3816 80.9654 78.7872 75.2118 47.5470 117.9545 28.1855 105.8179
145.3461 43.4034 150.1787 29.9008 158.9176 0.0000 59.1511 208.5572 172.9700 92.6906 212.4131 65.6788 153.8079 106.7159 52.0367 199.5159 0.4226 69.8116 40.2513 113.0354 95.4746 68.4062 130.9496 98.6338
118.3774 19.9870 145.6552 151.7344 148.1355 59.1511 0.0000 74.6447 12.5186 191.6617 101.1687 44.7186 73.9019 189.2706 99.7875 81.3059 153.2553 128.1855 117.8546 161.6857 13.5748 124.9275 43.4427 182.2431
261.2840 123.9898 80.2658 132.5936 134.0639 208.5572 74.6447 0.0000 91.6984 82.7275 136.6364 166.4412 132.4496 127.5482 137.9078 156.4180 108.8638 2.7583 88.1550 31.5777 108.5931 62.3750 106.7683 135.1194
92.6959 106.9108 193.7980 118.7719 188.6054 172.9700 12.5186 91.6984 0.0000 23.7462 0.1932 80.2310 122.6495 43.6105 105.4464 114.1233 173.6274 20.3085 122.0234 82.6267 143.9604 73.3217 88.3279 258.7378
149.4753 81.7093 144.6816 140.2174 49.7995 92.6906 191.6617 82.7275 23.7462 0.0000 138.2385 105.3501 122.5907 64.0653 33.7365 28.9381 203.2411 48.6222 128.4362 198.0235 152.8577 150.7284 19.1901 103.6684
118.7029 116.3678 165.8909 106.4460 54.0492 212.4131 101.1687 136.6364 0.1932 138.2385 0.0000 94.8201 134.6380 141.6753 119.4116 81.6198 116.9216 119.3946 114.5764 38.7088 111.8435 123.2778 64.2622 45.5955
117.0704 201.9060 77.1605 11.9190 71.4749 65.6788 44.7186 166.4412 80.2310 105.3501 94.8201 0.0000 13.5906 51.6556 215.6638 88.2914 14.3430 181.6869 132.7602 120.1933 51.8779 48.0983 53.9175 205.6568
41.6297 120.4995 62.0225 85.7263 65.8020 153.8079 73.9019 132.4496 122.6495 122.5907 134.6380 13.5906 0.0000 194.7975 31.9875 47.8099 86.4164 19.8892 58.4411 152.3974 44.5031 110.0949 74.8219 29.4373
240.0550 236.2980 84.3750 99.3648 0.1123 106.7159 189.2706 127.5482 43.6105 64.0653 141.6753 51.6556 194.7975 0.0000 165.0982 33.5525 54.8548 154.4904 99.0070 124.7875 34.5914 37.7905 99.9472 73.0822
127.7861 83.3249 92.7199 126.9336 96.0769 52.0367 99.7875 137.9078 105.4464 33.7365 119.4116 215.6638 31.9875 165.0982 0.0000 55.2134 101.8536 142.1381 108.1128 12.8259 73.0443 222.1723 175.5123 65.2523
144.1516 136.2236 77.4691 12.0146 153.6123 199.5159 81.3059 156.4180 114.1233 28.9381 81.6198 88.2914 47.8099 33.5525 55.2134 0.0000 26.2857 97.4170 134.5727 50.4904 87.3700 78.6882 122.1846 86.8151
138.7291 95.4930 177.6313 71.4561 77.3816 0.4226 153.2553 108.8638 173.6274 203.2411 116.9216 14.3430 86.4164 54.8548 101.8536 26.2857 0.0000 111.6348 77.5445 171.1863 81.6743 146.2922 267.2343 131.0458
146.2490 169.3582 128.8792 153.7237 80.9654 69.8116 128.1855 2.7583 20.3085 48.6222 119.3946 181.6869 19.8892 154.4904 142.1381 97.4170 111.6348 0.0000 11.4678 199.5463 86.4799 179.3268 95.3347 101.8512
32.6940 176.0293 191.4751 78.9358 78.7872 40.2513 117.8546 88.1550 122.0234 128.4362 114.5764 132.7602 58.4411 99.0070 108.1128 134.5727 77.5445 11.4678 0.0000 15.5152 142.0756 19.4919 92.4661 59.7274
27.6533 123.6668 152.9103 58.9424 75.2118 113.0354 161.6857 31.5777 82.6267 198.0235 38.7088 120.1933 152.3974 124.7875 12.8259 50.4904 171.1863 199.5463 15.5152 0.0000 156.0398 105.3740 123.6747 212.0602
232.2132 16.7664 179.7672 40.1829 47.5470 95.4746 13.5748 108.5931 143.9604 152.8577 111.8435 51.8779 44.5031 34.5914 73.0443 87.3700 81.6743 86.4799 142.0756 156.0398 0.0000 79.3405 14.9704 103.1928
111.3020 92.8355 91.6425 135.3697 117.9545 68.4062 124.9275 62.3750 73.3217 150.7284 123.2778 48.0983 110.0949 37.7905 222.1723 78.6882 146.2922 179.3268 19.4919 105.3740 79.3405 0.0000 66.4837 49.1750
104.2201 9.8871 124.7550 201.7386 28.1855 130.9496 43.4427 106.7683 88.3279 19.1901 64.2622 53.9175 74.8219 99.9472 175.5123 122.1846 267.2343 95.3347 92.4661 123.6747 14.9704 66.4837 0.0000 18.1870
168.6609 188.4839 121.8369 191.9922 105.8179 98.6338 182.2431 135.1194 258.7378 103.6684 45.5955 205.6568 29.4373 73.0822 65.2523 86.8151 131.0458 101.8512 59.7274 212.0602 103.1928 49.1750 18.1870 0.0000
